   2.0559856e+02   1.9744055e+02
   2.0390091e+02   2.2665819e+02
   2.0587099e+02   2.5576721e+02
   2.1187086e+02   2.8455945e+02
   2.2085137e+02   3.1211026e+02
   2.3876174e+02   3.3492436e+02
   2.6208847e+02   3.5277971e+02
   2.8929483e+02   3.6249231e+02
   3.1820689e+02   3.6608490e+02
   3.4604547e+02   3.6120522e+02
   3.7270730e+02   3.5214584e+02
   3.9504917e+02   3.3522735e+02
   4.1224701e+02   3.1289483e+02
   4.2145158e+02   2.8632013e+02
   4.2478808e+02   2.5844633e+02
   4.2808869e+02   2.3028669e+02
   4.2958675e+02   2.0242384e+02
   2.2393189e+02   1.7651633e+02
   2.3442545e+02   1.6049543e+02
   2.5309717e+02   1.5424381e+02
   2.7274806e+02   1.5118768e+02
   2.9240912e+02   1.5247890e+02
   3.3826732e+02   1.5295529e+02
   3.5872508e+02   1.5416729e+02
   3.7895754e+02   1.5608349e+02
   3.9752953e+02   1.6407281e+02
   4.0862946e+02   1.8055152e+02
   3.1366828e+02   1.8171370e+02
   3.1349659e+02   2.0067871e+02
   3.1316050e+02   2.1931736e+02
   3.1334775e+02   2.3806181e+02
   2.8703071e+02   2.5177183e+02
   3.0087876e+02   2.5566466e+02
   3.1462637e+02   2.5934424e+02
   3.2731045e+02   2.5566955e+02
   3.3936419e+02   2.5073132e+02
   2.4867886e+02   1.9022865e+02
   2.6247104e+02   1.8381781e+02
   2.7753446e+02   1.8441901e+02
   2.8986818e+02   1.9283918e+02
   2.7582597e+02   1.9437156e+02
   2.6177796e+02   1.9445626e+02
   3.3792225e+02   1.9333997e+02
   3.5076023e+02   1.8519281e+02
   3.6568812e+02   1.8376186e+02
   3.7826100e+02   1.9143564e+02
   3.6504390e+02   1.9509267e+02
   3.5140104e+02   1.9474671e+02
   2.7140649e+02   2.8552668e+02
   2.8604677e+02   2.8160985e+02
   3.0104969e+02   2.7931453e+02
   3.1604752e+02   2.8005903e+02
   3.3116502e+02   2.7829345e+02
   3.4623312e+02   2.7841147e+02
   3.6110462e+02   2.8050984e+02
   3.4686135e+02   2.8527039e+02
   3.3183039e+02   2.8741865e+02
   3.1681615e+02   2.8860103e+02
   3.0140761e+02   2.8829604e+02
   2.8619208e+02   2.8780905e+02
   2.8052588e+02   2.8524204e+02
   2.9850574e+02   2.8339777e+02
   3.1642357e+02   2.8419556e+02
   3.3447250e+02   2.8142063e+02
   3.5267791e+02   2.8175470e+02
   3.3430744e+02   2.8169661e+02
   3.1642001e+02   2.8448056e+02
   2.9839558e+02   2.8377642e+02
