   2.0556502e+02   1.9764695e+02
   2.0385784e+02   2.2685726e+02
   2.0581758e+02   2.5596023e+02
   2.1180628e+02   2.8474786e+02
   2.2077536e+02   3.1229535e+02
   2.3867386e+02   3.3511027e+02
   2.6198914e+02   3.5296941e+02
   2.8918591e+02   3.6268900e+02
   3.1809008e+02   3.6629058e+02
   3.4592388e+02   3.6142148e+02
   3.7246381e+02   3.5243559e+02
   3.9492508e+02   3.3546625e+02
   4.1206204e+02   3.1326023e+02
   4.2112061e+02   2.8653570e+02
   4.2468320e+02   2.5871307e+02
   4.2799261e+02   2.3056105e+02
   4.2949978e+02   2.0270514e+02
   2.2324174e+02   1.7592201e+02
   2.3279565e+02   1.5970880e+02
   2.5094545e+02   1.5243119e+02
   2.7031103e+02   1.4933626e+02
   2.8967977e+02   1.5093819e+02
   3.3930859e+02   1.5060949e+02
   3.5992244e+02   1.5234041e+02
   3.8039250e+02   1.5388473e+02
   3.9896311e+02   1.6263966e+02
   4.0938830e+02   1.7988601e+02
   3.1385973e+02   1.8141914e+02
   3.1344500e+02   2.0054690e+02
   3.1309580e+02   2.1933913e+02
   3.1328023e+02   2.3824447e+02
   2.8689206e+02   2.5193723e+02
   3.0102716e+02   2.5594954e+02
   3.1500908e+02   2.5992923e+02
   3.2743336e+02   2.5583614e+02
   3.3930946e+02   2.5091723e+02
   2.4925356e+02   1.8894155e+02
   2.6306907e+02   1.8202302e+02
   2.7832532e+02   1.8353212e+02
   2.9026522e+02   1.9301726e+02
   2.7611740e+02   1.9431565e+02
   2.6194923e+02   1.9451236e+02
   3.3668149e+02   1.9302572e+02
   3.5030677e+02   1.8465662e+02
   3.6578512e+02   1.8232462e+02
   3.7834119e+02   1.9101240e+02
   3.6470871e+02   1.9505160e+02
   3.5056379e+02   1.9498927e+02
   2.7145260e+02   2.8531243e+02
   2.8634484e+02   2.8302368e+02
   3.0108081e+02   2.8051326e+02
   3.1584684e+02   2.8124838e+02
   3.3110736e+02   2.7929403e+02
   3.4629623e+02   2.7985560e+02
   3.6141956e+02   2.8120928e+02
   3.4760294e+02   2.8815772e+02
   3.3237510e+02   2.9150480e+02
   3.1701976e+02   2.9231726e+02
   3.0140260e+02   2.9178111e+02
   2.8600068e+02   2.9021139e+02
   2.8200593e+02   2.8610325e+02
   2.9915928e+02   2.8532029e+02
   3.1623452e+02   2.8649835e+02
   3.3383771e+02   2.8357184e+02
   3.5163541e+02   2.8337122e+02
   3.3365790e+02   2.8381191e+02
   3.1623580e+02   2.8688934e+02
   2.9911767e+02   2.8573355e+02
