   2.0563095e+02   1.9755245e+02
   2.0393501e+02   2.2676455e+02
   2.0590609e+02   2.5586789e+02
   2.1190616e+02   2.8465432e+02
   2.2088624e+02   3.1219940e+02
   2.3879426e+02   3.3500828e+02
   2.6211735e+02   3.5285910e+02
   2.8931894e+02   3.6256854e+02
   3.1822562e+02   3.6615907e+02
   3.4605862e+02   3.6127902e+02
   3.7265478e+02   3.5225167e+02
   3.9505167e+02   3.3530382e+02
   4.1221253e+02   3.1303323e+02
   4.2133670e+02   2.8638270e+02
   4.2478125e+02   2.5853615e+02
   4.2807989e+02   2.3038176e+02
   4.2957634e+02   2.0252419e+02
   2.2364409e+02   1.7621609e+02
   2.3365432e+02   1.6010692e+02
   2.5206648e+02   1.5335408e+02
   2.7156684e+02   1.5025031e+02
   2.9107425e+02   1.5168810e+02
   3.3881911e+02   1.5175508e+02
   3.5935499e+02   1.5323427e+02
   3.7970639e+02   1.5494731e+02
   3.9828272e+02   1.6331557e+02
   4.0904378e+02   1.8017900e+02
   3.1380292e+02   1.8154961e+02
   3.1351256e+02   2.0058961e+02
   3.1317392e+02   2.1929737e+02
   3.1336572e+02   2.3811552e+02
   2.8698989e+02   2.5181930e+02
   3.0099457e+02   2.5578698e+02
   3.1487476e+02   2.5961914e+02
   3.2743414e+02   2.5572705e+02
   3.3939832e+02   2.5077908e+02
   2.4902169e+02   1.8957386e+02
   2.6282447e+02   1.8291296e+02
   2.7798013e+02   1.8396462e+02
   2.9011109e+02   1.9291861e+02
   2.7601830e+02   1.9433554e+02
   2.6191106e+02   1.9448365e+02
   3.3733292e+02   1.9315978e+02
   3.5056494e+02   1.8489871e+02
   3.6576697e+02   1.8300735e+02
   3.7832785e+02   1.9119072e+02
   3.6490418e+02   1.9504544e+02
   3.5101186e+02   1.9485027e+02
   2.7151796e+02   2.8535705e+02
   2.8628090e+02   2.8231019e+02
   3.0114010e+02   2.7994230e+02
   3.1600873e+02   2.8065094e+02
   3.3119527e+02   2.7881048e+02
   3.4632172e+02   2.7909770e+02
   3.6131798e+02   2.8077606e+02
   3.4729470e+02   2.8663342e+02
   3.3216601e+02   2.8936995e+02
   3.1698798e+02   2.9036368e+02
   3.0148302e+02   2.8995194e+02
   2.8618119e+02   2.8893968e+02
   2.8135302e+02   2.8562994e+02
   2.9890397e+02   2.8433174e+02
   3.1638794e+02   2.8530911e+02
   3.3420293e+02   2.8246050e+02
   3.5219412e+02   2.8250644e+02
   3.3403045e+02   2.8271666e+02
   3.1638878e+02   2.8564786e+02
   2.9883142e+02   2.8472827e+02
