   2.0555744e+02   1.9761771e+02
   2.0385054e+02   2.2682173e+02
   2.0580975e+02   2.5591843e+02
   2.1179706e+02   2.8469988e+02
   2.2076412e+02   3.1224146e+02
   2.3865867e+02   3.3505152e+02
   2.6196887e+02   3.5290690e+02
   2.8915975e+02   3.6262449e+02
   3.1805767e+02   3.6622540e+02
   3.4588549e+02   3.6135744e+02
   3.7241223e+02   3.5237752e+02
   3.9487622e+02   3.3540797e+02
   4.1200549e+02   3.1321410e+02
   4.2105253e+02   2.8648530e+02
   4.2462819e+02   2.5867143e+02
   4.2793699e+02   2.3052549e+02
   4.2944393e+02   2.0267559e+02
   2.2148845e+02   1.7627589e+02
   2.3131706e+02   1.5910189e+02
   2.4873908e+02   1.4973332e+02
   2.6846010e+02   1.4889124e+02
   2.8823451e+02   1.5110194e+02
   3.3977685e+02   1.4994926e+02
   3.6035927e+02   1.5084688e+02
   3.8085591e+02   1.5334677e+02
   3.9898426e+02   1.6250398e+02
   4.0938957e+02   1.7980157e+02
   3.1384434e+02   1.8135954e+02
   3.1340180e+02   2.0105750e+02
   3.1305446e+02   2.2054074e+02
   3.1306196e+02   2.4004111e+02
   2.8929277e+02   2.5394265e+02
   3.0235281e+02   2.5629134e+02
   3.1500695e+02   2.5990945e+02
   3.2660762e+02   2.5609147e+02
   3.3825177e+02   2.5279928e+02
   2.4856424e+02   1.8901294e+02
   2.6225956e+02   1.8118118e+02
   2.7793619e+02   1.8327216e+02
   2.9026777e+02   1.9298564e+02
   2.7597666e+02   1.9427076e+02
   2.6175845e+02   1.9413062e+02
   3.3657119e+02   1.9296212e+02
   3.5039154e+02   1.8452266e+02
   3.6617618e+02   1.8225598e+02
   3.7913083e+02   1.9102101e+02
   3.6530504e+02   1.9492654e+02
   3.5079091e+02   1.9448170e+02
   2.6913456e+02   2.8972318e+02
   2.8431671e+02   2.8291386e+02
   2.9969383e+02   2.7668183e+02
   3.1547250e+02   2.8003292e+02
   3.3090829e+02   2.7582309e+02
   3.4625822e+02   2.8130275e+02
   3.6157989e+02   2.8635491e+02
   3.4761269e+02   2.9466530e+02
   3.3235188e+02   3.0010915e+02
   3.1627842e+02   3.0134007e+02
   2.9989311e+02   3.0014853e+02
   2.8382083e+02   2.9670087e+02
   2.8064281e+02   2.8913274e+02
   2.9858685e+02   2.8721023e+02
   3.1620389e+02   2.8924851e+02
   3.3438013e+02   2.8567739e+02
   3.5276964e+02   2.8672160e+02
   3.3420272e+02   2.8607198e+02
   3.1602788e+02   2.8963226e+02
   2.9828278e+02   2.8758931e+02
