   1.9624476e+02   2.0130405e+02
   1.9789551e+02   2.3377033e+02
   2.0301459e+02   2.6595226e+02
   2.0920191e+02   2.9775644e+02
   2.1658385e+02   3.2943819e+02
   2.3365440e+02   3.5695441e+02
   2.5429687e+02   3.8186974e+02
   2.8354757e+02   3.9512332e+02
   3.1551424e+02   4.0030946e+02
   3.4465320e+02   3.9369341e+02
   3.6951775e+02   3.7696564e+02
   3.8902209e+02   3.5431972e+02
   4.0087572e+02   3.2697129e+02
   4.0744299e+02   2.9777754e+02
   4.1312133e+02   2.6818132e+02
   4.2018124e+02   2.3907068e+02
   4.2530997e+02   2.0973054e+02
   2.1577729e+02   1.9730804e+02
   2.2863140e+02   1.8320174e+02
   2.4733411e+02   1.7875522e+02
   2.6633461e+02   1.8231603e+02
   2.8458525e+02   1.8887106e+02
   3.5206183e+02   1.9153223e+02
   3.6714598e+02   1.8467759e+02
   3.8342732e+02   1.8252466e+02
   3.9982293e+02   1.8406413e+02
   4.1421122e+02   1.9153004e+02
   3.1699267e+02   2.1594929e+02
   3.1704062e+02   2.3645587e+02
   3.1756806e+02   2.5693087e+02
   3.1793658e+02   2.7734336e+02
   2.9579514e+02   2.8517665e+02
   3.0596919e+02   2.8993837e+02
   3.1699533e+02   2.9141642e+02
   3.2831533e+02   2.8959122e+02
   3.3919137e+02   2.8653247e+02
   2.3974998e+02   2.1950341e+02
   2.5270942e+02   2.0718989e+02
   2.7084757e+02   2.0746156e+02
   2.8281066e+02   2.2038974e+02
   2.6837647e+02   2.2473385e+02
   2.5340206e+02   2.2503224e+02
   3.4895537e+02   2.2038741e+02
   3.6200534e+02   2.0909291e+02
   3.7918990e+02   2.0815167e+02
   3.9068425e+02   2.2038594e+02
   3.7721763e+02   2.2527188e+02
   3.6275634e+02   2.2420437e+02
   2.7713163e+02   3.2800113e+02
   2.8969826e+02   3.2055118e+02
   3.0310068e+02   3.1543787e+02
   3.1699626e+02   3.1805187e+02
   3.2959419e+02   3.1505291e+02
   3.4198452e+02   3.1920839e+02
   3.5280964e+02   3.2644349e+02
   3.4156651e+02   3.3471091e+02
   3.2943015e+02   3.4172183e+02
   3.1597013e+02   3.4459633e+02
   3.0178686e+02   3.4295067e+02
   2.8922069e+02   3.3587730e+02
   2.9432116e+02   3.2630468e+02
   3.0528163e+02   3.2303027e+02
   3.1647596e+02   3.2494009e+02
   3.2665774e+02   3.2339062e+02
   3.3669182e+02   3.2540375e+02
   3.2671354e+02   3.2959286e+02
   3.1613151e+02   3.3021705e+02
   3.0491181e+02   3.2974121e+02
