   2.2145953e+02   2.3596826e+02
   2.2219587e+02   2.6498507e+02
   2.2550903e+02   2.9399635e+02
   2.3076380e+02   3.2234617e+02
   2.4445599e+02   3.4776952e+02
   2.6348407e+02   3.6949653e+02
   2.8728217e+02   3.8624224e+02
   3.1158874e+02   4.0201147e+02
   3.3958640e+02   4.0674968e+02
   3.6772189e+02   4.0197625e+02
   3.9136744e+02   3.8618218e+02
   4.1092517e+02   3.6541712e+02
   4.2853877e+02   3.4300269e+02
   4.4004612e+02   3.1678648e+02
   4.4407071e+02   2.8871077e+02
   4.4589628e+02   2.6007653e+02
   4.4760094e+02   2.3172903e+02
   2.4618225e+02   2.1699091e+02
   2.6110867e+02   2.0348433e+02
   2.8147334e+02   2.0058010e+02
   3.0198786e+02   2.0236601e+02
   3.2031307e+02   2.1139043e+02
   3.5763697e+02   2.0858980e+02
   3.7605459e+02   2.0072671e+02
   3.9565238e+02   1.9740357e+02
   4.1525519e+02   2.0094443e+02
   4.2970413e+02   2.1402317e+02
   3.3871439e+02   2.1835732e+02
   3.3996406e+02   2.4003698e+02
   3.4078854e+02   2.6136557e+02
   3.4167728e+02   2.8283501e+02
   3.0727426e+02   2.8732727e+02
   3.2265308e+02   2.9857204e+02
   3.4107396e+02   3.0229756e+02
   3.5846053e+02   2.9845281e+02
   3.7184542e+02   2.8701579e+02
   2.6576760e+02   2.3087839e+02
   2.7940320e+02   2.2267581e+02
   2.9531413e+02   2.2319376e+02
   3.0822732e+02   2.3228151e+02
   2.9383590e+02   2.3433102e+02
   2.7950775e+02   2.3469536e+02
   3.6606401e+02   2.3272780e+02
   3.7773444e+02   2.2278212e+02
   3.9313131e+02   2.2222180e+02
   4.0495222e+02   2.3155819e+02
   3.9216970e+02   2.3470167e+02
   3.7901918e+02   2.3410905e+02
   2.8838340e+02   3.1695297e+02
   3.0561434e+02   3.1458166e+02
   3.2279653e+02   3.1285372e+02
   3.3965378e+02   3.1609129e+02
   3.5788311e+02   3.1390391e+02
   3.7619760e+02   3.1554778e+02
   3.9449786e+02   3.1713307e+02
   3.7863346e+02   3.3559116e+02
   3.6132994e+02   3.5245594e+02
   3.3818956e+02   3.5510494e+02
   3.1560355e+02   3.5223772e+02
   2.9815128e+02   3.3752629e+02
   2.9384891e+02   3.1886402e+02
   3.1658594e+02   3.1983749e+02
   3.3917505e+02   3.2186157e+02
   3.6263461e+02   3.2126172e+02
   3.8577448e+02   3.1859456e+02
   3.6472434e+02   3.3568204e+02
   3.3848235e+02   3.4203115e+02
   3.1291756e+02   3.3608381e+02
