   2.2139156e+02   2.3769085e+02
   2.2253376e+02   2.6616340e+02
   2.2606155e+02   2.9456423e+02
   2.3221998e+02   3.2228094e+02
   2.4457232e+02   3.4766424e+02
   2.6378818e+02   3.6856686e+02
   2.8771359e+02   3.8408542e+02
   3.1212252e+02   3.9893187e+02
   3.3956518e+02   4.0330578e+02
   3.6714627e+02   3.9897981e+02
   3.9077272e+02   3.8358798e+02
   4.1141057e+02   3.6450615e+02
   4.2818240e+02   3.4175140e+02
   4.3914814e+02   3.1573519e+02
   4.4367920e+02   2.8806079e+02
   4.4599863e+02   2.5987924e+02
   4.4778797e+02   2.3192257e+02
   2.4478309e+02   2.1674618e+02
   2.5969505e+02   2.0308574e+02
   2.7992282e+02   1.9921826e+02
   3.0049735e+02   2.0036178e+02
   3.1966062e+02   2.0764241e+02
   3.5745794e+02   2.0695768e+02
   3.7570710e+02   1.9929285e+02
   3.9534564e+02   1.9654103e+02
   4.1492325e+02   1.9889005e+02
   4.2913065e+02   2.1181460e+02
   3.3887658e+02   2.1862798e+02
   3.4012303e+02   2.4028874e+02
   3.4094469e+02   2.6159870e+02
   3.4183054e+02   2.8304939e+02
   3.0825317e+02   2.8746282e+02
   3.2330188e+02   2.9727415e+02
   3.4071238e+02   3.0103771e+02
   3.5805501e+02   2.9731341e+02
   3.7178588e+02   2.8620316e+02
   2.6462677e+02   2.3190693e+02
   2.7796215e+02   2.2162411e+02
   2.9489132e+02   2.2161036e+02
   3.0820453e+02   2.3170141e+02
   2.9357677e+02   2.3464736e+02
   2.7887445e+02   2.3536346e+02
   3.6465437e+02   2.3142778e+02
   3.7735566e+02   2.2204917e+02
   3.9313733e+02   2.2149453e+02
   4.0552916e+02   2.3069352e+02
   3.9211147e+02   2.3411071e+02
   3.7825516e+02   2.3372660e+02
   2.9117163e+02   3.1713499e+02
   3.0755435e+02   3.1600838e+02
   3.2388188e+02   3.1351476e+02
   3.3966410e+02   3.1689345e+02
   3.5650176e+02   3.1470931e+02
   3.7346770e+02   3.1681331e+02
   3.9038714e+02   3.1626761e+02
   3.7536250e+02   3.3070614e+02
   3.5823579e+02   3.4217848e+02
   3.3796958e+02   3.4421986e+02
   3.1927747e+02   3.4127834e+02
   3.0335847e+02   3.3105619e+02
   2.9711362e+02   3.1919630e+02
   3.1828107e+02   3.2172408e+02
   3.3932632e+02   3.2415645e+02
   3.6192316e+02   3.2312902e+02
   3.8398748e+02   3.1838070e+02
   3.6262261e+02   3.2789788e+02
   3.3922308e+02   3.3075137e+02
   3.1696428e+02   3.2709120e+02
