   2.2180619e+02   2.3626797e+02
   2.2261592e+02   2.6525425e+02
   2.2598545e+02   2.9421069e+02
   2.3131458e+02   3.2251025e+02
   2.4497926e+02   3.4791426e+02
   2.6402345e+02   3.6958307e+02
   2.8774997e+02   3.8632409e+02
   3.1217177e+02   4.0182314e+02
   3.4016330e+02   4.0646591e+02
   3.6826225e+02   4.0168776e+02
   3.9193395e+02   3.8601361e+02
   4.1145689e+02   3.6527453e+02
   4.2895759e+02   3.4280487e+02
   4.4042190e+02   3.1661692e+02
   4.4442325e+02   2.8856641e+02
   4.4629786e+02   2.5997322e+02
   4.4789791e+02   2.3166065e+02
   2.4646639e+02   2.1694044e+02
   2.6131252e+02   2.0341178e+02
   2.8162036e+02   2.0044945e+02
   3.0208657e+02   2.0222358e+02
   3.2044670e+02   2.1105758e+02
   3.5786345e+02   2.0827493e+02
   3.7629042e+02   2.0048281e+02
   3.9586283e+02   1.9711103e+02
   4.1544812e+02   2.0063504e+02
   4.2995653e+02   2.1362561e+02
   3.3906665e+02   2.1838228e+02
   3.4034363e+02   2.4006012e+02
   3.4119498e+02   2.6138744e+02
   3.4211076e+02   2.8285552e+02
   3.0778078e+02   2.8737195e+02
   3.2314853e+02   2.9848773e+02
   3.4148834e+02   3.0219302e+02
   3.5880878e+02   2.9836398e+02
   3.7219026e+02   2.8701968e+02
   2.6601859e+02   2.3106142e+02
   2.7958709e+02   2.2265397e+02
   2.9557551e+02   2.2309173e+02
   3.0851753e+02   2.3224322e+02
   2.9413721e+02   2.3442266e+02
   2.7979290e+02   2.3482916e+02
   3.6630157e+02   2.3258320e+02
   3.7799448e+02   2.2256729e+02
   3.9345680e+02   2.2200070e+02
   4.0534280e+02   2.3137418e+02
   3.9252360e+02   2.3459597e+02
   3.7931455e+02   2.3402733e+02
   2.8936122e+02   3.1742229e+02
   3.0642839e+02   3.1497264e+02
   3.2343989e+02   3.1305904e+02
   3.4011315e+02   3.1634988e+02
   3.5809625e+02   3.1404732e+02
   3.7617039e+02   3.1582873e+02
   3.9424841e+02   3.1744455e+02
   3.7858476e+02   3.3544104e+02
   3.6148847e+02   3.5180208e+02
   3.3876966e+02   3.5441832e+02
   3.1658306e+02   3.5161663e+02
   2.9931925e+02   3.3734492e+02
   2.9493373e+02   3.1933627e+02
   3.1737359e+02   3.2020650e+02
   3.3966604e+02   3.2220663e+02
   3.6281041e+02   3.2152103e+02
   3.8563279e+02   3.1893480e+02
   3.6478976e+02   3.3511007e+02
   3.3904905e+02   3.4121283e+02
   3.1394058e+02   3.3553234e+02
