   1.6445872e+02   2.5015722e+02
   1.6635096e+02   2.8414365e+02
   1.7640755e+02   3.1662194e+02
   1.8806588e+02   3.4865125e+02
   2.0493891e+02   3.7819020e+02
   2.2720678e+02   4.0375905e+02
   2.5614646e+02   4.2165426e+02
   2.8917424e+02   4.2902122e+02
   3.2280414e+02   4.2600667e+02
   3.5471199e+02   4.2045724e+02
   3.8244068e+02   4.0359313e+02
   4.0278725e+02   3.7835105e+02
   4.1621488e+02   3.4884432e+02
   4.2037615e+02   3.1652287e+02
   4.2252604e+02   2.8418204e+02
   4.2375320e+02   2.5171581e+02
   4.1411019e+02   2.2121209e+02
   1.8163120e+02   2.1571827e+02
   1.9406596e+02   1.9443278e+02
   2.1456718e+02   1.8155780e+02
   2.3821119e+02   1.8744553e+02
   2.6040557e+02   1.9773820e+02
   3.0750886e+02   1.9795662e+02
   3.2573366e+02   1.8201640e+02
   3.4874893e+02   1.7392437e+02
   3.7283055e+02   1.7595461e+02
   3.9079683e+02   1.9146363e+02
   2.8885308e+02   2.1131179e+02
   2.9299411e+02   2.3270714e+02
   2.9659999e+02   2.5394445e+02
   3.0067748e+02   2.7513472e+02
   2.6283821e+02   2.9209007e+02
   2.8251496e+02   3.0017438e+02
   3.0357004e+02   3.0033038e+02
   3.2213867e+02   2.9542019e+02
   3.3754253e+02   2.8402112e+02
   2.0514753e+02   2.3304367e+02
   2.1887101e+02   2.1827078e+02
   2.3918745e+02   2.1731046e+02
   2.5555402e+02   2.2922745e+02
   2.3922518e+02   2.3506463e+02
   2.2202469e+02   2.3618206e+02
   3.2472262e+02   2.2153497e+02
   3.3632119e+02   2.0709463e+02
   3.5460112e+02   2.0353228e+02
   3.7048222e+02   2.1266619e+02
   3.5678783e+02   2.2105363e+02
   3.4082852e+02   2.2267276e+02
   2.6071153e+02   3.4538281e+02
   2.7252359e+02   3.2943489e+02
   2.8916110e+02   3.1924244e+02
   3.0818939e+02   3.2107422e+02
   3.2526325e+02   3.1462128e+02
   3.4303993e+02   3.1962813e+02
   3.5778251e+02   3.3047906e+02
   3.5088366e+02   3.4949869e+02
   3.3466320e+02   3.6194985e+02
   3.1474396e+02   3.6514126e+02
   2.9388366e+02   3.6917908e+02
   2.7371575e+02   3.6199197e+02
   2.7487925e+02   3.4442428e+02
   2.9057065e+02   3.3333459e+02
   3.0937738e+02   3.3117849e+02
   3.2542007e+02   3.2899705e+02
   3.4075104e+02   3.3456597e+02
   3.2686947e+02   3.4225642e+02
   3.1189094e+02   3.4690950e+02
   2.9323957e+02   3.4778065e+02
