   1.4856122e+02   2.2728903e+02
   1.5427586e+02   2.6077043e+02
   1.6071131e+02   2.9371446e+02
   1.6900653e+02   3.2652913e+02
   1.8342193e+02   3.5661453e+02
   2.0409770e+02   3.8326601e+02
   2.2977049e+02   4.0504718e+02
   2.5906382e+02   4.2141481e+02
   2.9211164e+02   4.2470043e+02
   3.2212760e+02   4.1626572e+02
   3.4926116e+02   4.0190735e+02
   3.6830524e+02   3.7771741e+02
   3.8503738e+02   3.5146578e+02
   3.9670884e+02   3.2307303e+02
   4.0243143e+02   2.9254356e+02
   4.0884340e+02   2.6246880e+02
   4.1355616e+02   2.3192861e+02
   1.8209061e+02   1.9049493e+02
   1.9372921e+02   1.7629571e+02
   2.1199520e+02   1.7181033e+02
   2.3098585e+02   1.7103942e+02
   2.4915328e+02   1.7558743e+02
   3.2273715e+02   1.7744542e+02
   3.4107657e+02   1.7568220e+02
   3.5947057e+02   1.7524183e+02
   3.7730686e+02   1.7808937e+02
   3.8793893e+02   1.9234412e+02
   2.8920727e+02   2.0678800e+02
   2.9066001e+02   2.2863622e+02
   2.9137255e+02   2.5043382e+02
   2.9247164e+02   2.7198857e+02
   2.6453608e+02   2.8522740e+02
   2.7822305e+02   2.8770961e+02
   2.9200707e+02   2.8922024e+02
   3.0366087e+02   2.8825437e+02
   3.1482707e+02   2.8502725e+02
   2.1096697e+02   2.1657332e+02
   2.2500333e+02   2.0424296e+02
   2.4393115e+02   2.0620467e+02
   2.5753915e+02   2.1936455e+02
   2.4142569e+02   2.2235107e+02
   2.2530287e+02   2.2336194e+02
   3.1668561e+02   2.1982633e+02
   3.3203643e+02   2.0826486e+02
   3.5113526e+02   2.0742245e+02
   3.6418910e+02   2.2075462e+02
   3.4869702e+02   2.2668680e+02
   3.3213382e+02   2.2595594e+02
   2.4284826e+02   3.3703184e+02
   2.5734623e+02   3.2702332e+02
   2.7346171e+02   3.2078148e+02
   2.9014651e+02   3.2414936e+02
   3.0546422e+02   3.1835534e+02
   3.2069338e+02   3.2597112e+02
   3.3485637e+02   3.3532366e+02
   3.2286410e+02   3.5101447e+02
   3.0659477e+02   3.6198289e+02
   2.8735869e+02   3.6479278e+02
   2.6953801e+02   3.6111163e+02
   2.5423151e+02   3.5110057e+02
   2.5847824e+02   3.3439730e+02
   2.7487689e+02   3.3243066e+02
   2.9107866e+02   3.3486085e+02
   3.0467693e+02   3.3287565e+02
   3.1809039e+02   3.3439334e+02
   3.0445257e+02   3.4070728e+02
   2.8966070e+02   3.4208525e+02
   2.7343039e+02   3.4045666e+02
