   1.7062576e+02   1.7634657e+02
   1.7079547e+02   2.0904015e+02
   1.7818902e+02   2.4073608e+02
   1.8825327e+02   2.7136129e+02
   1.9841110e+02   3.0238270e+02
   2.1454368e+02   3.3057114e+02
   2.3912490e+02   3.5190912e+02
   2.6514696e+02   3.7120211e+02
   2.9637656e+02   3.7523015e+02
   3.2718148e+02   3.6823936e+02
   3.5452851e+02   3.5353416e+02
   3.7415917e+02   3.2950309e+02
   3.8964880e+02   3.0224627e+02
   3.9835348e+02   2.7233913e+02
   4.0444362e+02   2.4147943e+02
   4.0923707e+02   2.1058961e+02
   4.0966113e+02   1.7951076e+02
   1.9232540e+02   1.5585042e+02
   2.0721407e+02   1.5310687e+02
   2.2219130e+02   1.5258655e+02
   2.3704584e+02   1.5403611e+02
   2.5169547e+02   1.5719013e+02
   3.0711880e+02   1.5501116e+02
   3.2332770e+02   1.5208682e+02
   3.3968472e+02   1.5062919e+02
   3.5611540e+02   1.5033873e+02
   3.7243224e+02   1.5190004e+02
   2.7935064e+02   1.8560526e+02
   2.7899681e+02   2.0535639e+02
   2.7942037e+02   2.2516545e+02
   2.7896190e+02   2.4466126e+02
   2.6195861e+02   2.5807050e+02
   2.7101396e+02   2.5812101e+02
   2.7989415e+02   2.5818405e+02
   2.8998073e+02   2.5728634e+02
   3.0000738e+02   2.5717576e+02
   2.1145797e+02   1.8385188e+02
   2.2356340e+02   1.7540730e+02
   2.3833500e+02   1.7684532e+02
   2.5075709e+02   1.8494660e+02
   2.3758852e+02   1.8858886e+02
   2.2388925e+02   1.8893549e+02
   3.1205494e+02   1.8486257e+02
   3.2515010e+02   1.7506324e+02
   3.4125388e+02   1.7408009e+02
   3.5540778e+02   1.8204190e+02
   3.4166575e+02   1.8767311e+02
   3.2670858e+02   1.8715022e+02
   2.4718241e+02   3.0312177e+02
   2.5670546e+02   2.9182429e+02
   2.6821987e+02   2.8278529e+02
   2.8244937e+02   2.8318584e+02
   2.9730015e+02   2.7940705e+02
   3.1094970e+02   2.8722937e+02
   3.2260495e+02   2.9772963e+02
   3.1325581e+02   3.0970792e+02
   3.0020606e+02   3.1761718e+02
   2.8556604e+02   3.2144378e+02
   2.7115757e+02   3.1910743e+02
   2.5846640e+02   3.1220281e+02
   2.5981963e+02   2.9965699e+02
   2.7154932e+02   2.9465530e+02
   2.8414462e+02   2.9603045e+02
   2.9652880e+02   2.9375299e+02
   3.0887143e+02   2.9341756e+02
   2.9776785e+02   3.0049927e+02
   2.8499098e+02   3.0301695e+02
   2.7208929e+02   3.0351741e+02
