   1.7749458e+02   1.6842780e+02
   1.8035009e+02   1.9954351e+02
   1.8570215e+02   2.3005211e+02
   1.9105886e+02   2.6065036e+02
   2.0188755e+02   2.8952099e+02
   2.2068195e+02   3.1432630e+02
   2.4034917e+02   3.3800582e+02
   2.6838244e+02   3.5070031e+02
   2.9888223e+02   3.5581625e+02
   3.2823023e+02   3.4892527e+02
   3.5438320e+02   3.3487903e+02
   3.7390375e+02   3.1208390e+02
   3.8799823e+02   2.8584524e+02
   3.9893705e+02   2.5787412e+02
   4.0576545e+02   2.2888520e+02
   4.0681464e+02   1.9878881e+02
   4.0652343e+02   1.6909627e+02
   1.9708382e+02   1.4148928e+02
   2.0604590e+02   1.2953113e+02
   2.2186103e+02   1.2850191e+02
   2.3778483e+02   1.2830994e+02
   2.5364138e+02   1.2728586e+02
   3.2252786e+02   1.2310639e+02
   3.3841536e+02   1.2269118e+02
   3.5416447e+02   1.2083161e+02
   3.6976163e+02   1.2158433e+02
   3.8002315e+02   1.3262600e+02
   2.8652159e+02   1.5690587e+02
   2.8778002e+02   1.7528886e+02
   2.8827091e+02   1.9346232e+02
   2.8794861e+02   2.1165211e+02
   2.5967688e+02   2.2536917e+02
   2.7313878e+02   2.2932062e+02
   2.8705656e+02   2.3081478e+02
   3.0328629e+02   2.2903680e+02
   3.1926064e+02   2.2635047e+02
   2.1764046e+02   1.6610388e+02
   2.3088583e+02   1.5315373e+02
   2.4962551e+02   1.5358710e+02
   2.6371929e+02   1.6559856e+02
   2.4838735e+02   1.7006974e+02
   2.3273931e+02   1.7064803e+02
   3.1481325e+02   1.6189427e+02
   3.2780557e+02   1.4961778e+02
   3.4567430e+02   1.4820067e+02
   3.5906521e+02   1.5956597e+02
   3.4532913e+02   1.6755612e+02
   3.2944904e+02   1.6773941e+02
   2.5187446e+02   2.7864196e+02
   2.5861155e+02   2.6341293e+02
   2.7280747e+02   2.5493630e+02
   2.8935791e+02   2.5505524e+02
   3.0826175e+02   2.5407040e+02
   3.2523621e+02   2.6165534e+02
   3.3434827e+02   2.7769444e+02
   3.2895441e+02   2.9594322e+02
   3.1517848e+02   3.0870014e+02
   2.9683870e+02   3.1245375e+02
   2.7698042e+02   3.0964463e+02
   2.6198439e+02   2.9607959e+02
   2.6370664e+02   2.7915534e+02
   2.7621015e+02   2.7085789e+02
   2.9092448e+02   2.6892092e+02
   3.0729687e+02   2.7049995e+02
   3.2091993e+02   2.7951616e+02
   3.0782810e+02   2.8564962e+02
   2.9370089e+02   2.8774505e+02
   2.7790620e+02   2.8624456e+02
