   1.7758384e+02   1.6836066e+02
   1.8035904e+02   1.9925186e+02
   1.8562370e+02   2.2953961e+02
   1.9121466e+02   2.5988128e+02
   2.0202210e+02   2.8857341e+02
   2.1997488e+02   3.1360679e+02
   2.4048745e+02   3.3639165e+02
   2.6817266e+02   3.4922581e+02
   2.9838610e+02   3.5442149e+02
   3.2782518e+02   3.4791653e+02
   3.5417057e+02   3.3443392e+02
   3.7382994e+02   3.1192325e+02
   3.8814062e+02   2.8588420e+02
   3.9905777e+02   2.5800072e+02
   4.0590470e+02   2.2896691e+02
   4.0696842e+02   1.9895657e+02
   4.0672112e+02   1.6935133e+02
   1.9722031e+02   1.4143681e+02
   2.0617881e+02   1.2949354e+02
   2.2200821e+02   1.2847756e+02
   2.3795008e+02   1.2830883e+02
   2.5382483e+02   1.2730609e+02
   3.2275008e+02   1.2322144e+02
   3.3864575e+02   1.2282836e+02
   3.5440499e+02   1.2099004e+02
   3.7000855e+02   1.2176504e+02
   3.8025945e+02   1.3282640e+02
   2.8667912e+02   1.5698645e+02
   2.8791230e+02   1.7537999e+02
   2.8837788e+02   1.9356282e+02
   2.8802987e+02   2.1176084e+02
   2.5972536e+02   2.2544472e+02
   2.7318813e+02   2.2941697e+02
   2.8711047e+02   2.3093141e+02
   3.0335044e+02   2.2917539e+02
   3.1932583e+02   2.2644162e+02
   2.1775216e+02   1.6609205e+02
   2.3102206e+02   1.5315433e+02
   2.4977008e+02   1.5361424e+02
   2.6385370e+02   1.6565124e+02
   2.4850816e+02   1.7010301e+02
   2.3285183e+02   1.7065959e+02
   3.1497727e+02   1.6201700e+02
   3.2799305e+02   1.4975291e+02
   3.4587230e+02   1.4836024e+02
   3.5925364e+02   1.5974978e+02
   3.4549977e+02   1.6772444e+02
   3.2961184e+02   1.6788550e+02
   2.5146154e+02   2.7756339e+02
   2.5903075e+02   2.6303952e+02
   2.7318721e+02   2.5491328e+02
   2.8942887e+02   2.5506340e+02
   3.0809842e+02   2.5419880e+02
   3.2490677e+02   2.6152417e+02
   3.3454154e+02   2.7704998e+02
   3.2860099e+02   2.9523765e+02
   3.1457453e+02   3.0792699e+02
   2.9612480e+02   3.1144875e+02
   2.7631948e+02   3.0920972e+02
   2.6183211e+02   2.9503861e+02
   2.6421291e+02   2.7808463e+02
   2.7670808e+02   2.7062966e+02
   2.9086007e+02   2.6887224e+02
   3.0636925e+02   2.7024081e+02
   3.1979358e+02   2.7801814e+02
   3.0706089e+02   2.8526557e+02
   2.9284364e+02   2.8700708e+02
   2.7769835e+02   2.8524874e+02
