   1.9366502e+02   2.0418954e+02
   1.9840494e+02   2.3394707e+02
   2.0475894e+02   2.6313588e+02
   2.1039788e+02   2.9258303e+02
   2.2054547e+02   3.2064691e+02
   2.3661321e+02   3.4568664e+02
   2.5948626e+02   3.6489701e+02
   2.8743589e+02   3.7544915e+02
   3.1651465e+02   3.8124221e+02
   3.4556031e+02   3.7686895e+02
   3.7069399e+02   3.6166482e+02
   3.9054195e+02   3.3978913e+02
   4.0675370e+02   3.1515380e+02
   4.1641513e+02   2.8722654e+02
   4.1951827e+02   2.5792858e+02
   4.2137175e+02   2.2840031e+02
   4.2256251e+02   1.9897627e+02
   2.1120702e+02   1.8105404e+02
   2.2182036e+02   1.6719712e+02
   2.3819758e+02   1.6094785e+02
   2.5579826e+02   1.6279351e+02
   2.7221576e+02   1.6907493e+02
   3.3681585e+02   1.6148982e+02
   3.5360628e+02   1.5551503e+02
   3.7098171e+02   1.5232171e+02
   3.8790948e+02   1.5655846e+02
   3.9942797e+02   1.6946526e+02
   3.0691461e+02   1.9021358e+02
   3.0784760e+02   2.0831544e+02
   3.0854018e+02   2.2640816e+02
   3.0931358e+02   2.4444770e+02
   2.8538955e+02   2.5920446e+02
   2.9736506e+02   2.6279404e+02
   3.0971439e+02   2.6279006e+02
   3.1947075e+02   2.6223588e+02
   3.2885638e+02   2.5959769e+02
   2.3473501e+02   1.9740036e+02
   2.4810678e+02   1.8586338e+02
   2.6620231e+02   1.8717570e+02
   2.7979695e+02   1.9859137e+02
   2.6470184e+02   2.0345572e+02
   2.4891018e+02   2.0388413e+02
   3.3283661e+02   1.9499414e+02
   3.4589192e+02   1.8065742e+02
   3.6536341e+02   1.7856073e+02
   3.8068823e+02   1.9020477e+02
   3.6588424e+02   1.9750538e+02
   3.4935404e+02   1.9701116e+02
   2.6984743e+02   3.0187988e+02
   2.8151997e+02   2.9125356e+02
   2.9535782e+02   2.8390924e+02
   3.1051514e+02   2.8591827e+02
   3.2644604e+02   2.8323173e+02
   3.4176150e+02   2.8939710e+02
   3.5597943e+02   2.9748734e+02
   3.4356687e+02   3.0807504e+02
   3.2926671e+02   3.1559893e+02
   3.1332328e+02   3.1704202e+02
   2.9710711e+02   3.1758917e+02
   2.8183701e+02   3.1248996e+02
   2.9216996e+02   2.9948952e+02
   3.0119947e+02   2.9947015e+02
   3.1011904e+02   2.9987510e+02
   3.2236366e+02   2.9908692e+02
   3.3445458e+02   2.9748511e+02
   3.2237514e+02   2.9990069e+02
   3.1013135e+02   3.0029275e+02
   3.0113073e+02   2.9990291e+02
