   2.4266733e+02   2.1310685e+02
   2.3876820e+02   2.4289238e+02
   2.4370495e+02   2.7262121e+02
   2.4574161e+02   3.0292087e+02
   2.5248390e+02   3.3236411e+02
   2.6900944e+02   3.5731877e+02
   2.9197930e+02   3.7704071e+02
   3.1916122e+02   3.9002714e+02
   3.4863496e+02   3.9540468e+02
   3.7801280e+02   3.9039580e+02
   4.0422505e+02   3.7602828e+02
   4.2709294e+02   3.5664675e+02
   4.4243184e+02   3.3118210e+02
   4.4857126e+02   3.0188307e+02
   4.5133055e+02   2.7208686e+02
   4.5597020e+02   2.4268673e+02
   4.5710950e+02   2.1288162e+02
   2.5508512e+02   1.8846835e+02
   2.7064384e+02   1.8294416e+02
   2.8696943e+02   1.8036984e+02
   3.0335295e+02   1.8037125e+02
   3.1879087e+02   1.8540434e+02
   3.7175472e+02   1.8978612e+02
   3.8728240e+02   1.8182469e+02
   4.0502251e+02   1.8103629e+02
   4.2291600e+02   1.8113545e+02
   4.3910401e+02   1.8752062e+02
   3.4936569e+02   2.1247091e+02
   3.4877645e+02   2.3198451e+02
   3.4933408e+02   2.5199371e+02
   3.5002894e+02   2.7174795e+02
   3.2534881e+02   2.8844441e+02
   3.3654469e+02   2.9169947e+02
   3.4792397e+02   2.9406266e+02
   3.5944263e+02   2.9283297e+02
   3.7004428e+02   2.8834228e+02
   2.7424456e+02   2.1304214e+02
   2.8869438e+02   2.0455072e+02
   3.0532308e+02   2.0737821e+02
   3.1798052e+02   2.1838051e+02
   3.0253500e+02   2.2017372e+02
   2.8707621e+02   2.2082369e+02
   3.7411839e+02   2.1945888e+02
   3.8788029e+02   2.0727881e+02
   4.0585798e+02   2.0488365e+02
   4.2154292e+02   2.1390721e+02
   4.0669040e+02   2.2005388e+02
   3.9038726e+02   2.1930894e+02
   3.0948539e+02   3.2642475e+02
   3.2135137e+02   3.1851230e+02
   3.3294340e+02   3.1018784e+02
   3.4616970e+02   3.1289071e+02
   3.6097474e+02   3.0920392e+02
   3.7481043e+02   3.1690965e+02
   3.8825291e+02   3.2546616e+02
   3.7500786e+02   3.3057549e+02
   3.6143790e+02   3.3410808e+02
   3.4757809e+02   3.3599986e+02
   3.3439283e+02   3.3435778e+02
   3.2131960e+02   3.3218969e+02
   3.1835355e+02   3.2135923e+02
   3.2722171e+02   3.2136820e+02
   3.4544631e+02   3.2157720e+02
   3.6731290e+02   3.2017251e+02
   3.7778290e+02   3.2031219e+02
   3.6704512e+02   3.2045188e+02
   3.4557867e+02   3.2192439e+02
   3.2704946e+02   3.2135025e+02
