   2.4255526e+02   2.1273762e+02
   2.3867233e+02   2.4252563e+02
   2.4362536e+02   2.7225213e+02
   2.4567525e+02   3.0251281e+02
   2.5242247e+02   3.3195619e+02
   2.6895086e+02   3.5690853e+02
   2.9192537e+02   3.7662567e+02
   3.1911078e+02   3.8960610e+02
   3.4855030e+02   3.9510808e+02
   3.7792940e+02   3.8998253e+02
   4.0413996e+02   3.7561414e+02
   4.2645408e+02   3.5576850e+02
   4.4233349e+02   3.3052594e+02
   4.4850578e+02   3.0144020e+02
   4.5124854e+02   2.7164172e+02
   4.5587684e+02   2.4220150e+02
   4.5699990e+02   2.1239541e+02
   2.5546584e+02   1.8868897e+02
   2.7095937e+02   1.8326204e+02
   2.8726958e+02   1.8160776e+02
   3.0363068e+02   1.8220753e+02
   3.1927766e+02   1.8626168e+02
   3.7121507e+02   1.9008912e+02
   3.8669775e+02   1.8227124e+02
   4.0432272e+02   1.8138837e+02
   4.2206341e+02   1.8135100e+02
   4.3815680e+02   1.8764765e+02
   3.4925456e+02   2.1204346e+02
   3.4867988e+02   2.3199328e+02
   3.4924451e+02   2.5156676e+02
   3.4995015e+02   2.7132086e+02
   3.2458019e+02   2.8952686e+02
   3.3624919e+02   2.9150348e+02
   3.4785733e+02   2.9363698e+02
   3.5945085e+02   2.9238727e+02
   3.7017706e+02   2.8806145e+02
   2.7393368e+02   2.1309467e+02
   2.8846781e+02   2.0486892e+02
   3.0505843e+02   2.0733730e+02
   3.1787224e+02   2.1797025e+02
   3.0242751e+02   2.1977191e+02
   2.8698796e+02   2.2043164e+02
   3.7401137e+02   2.1901802e+02
   3.8783516e+02   2.0723609e+02
   4.0568653e+02   2.0497228e+02
   4.2143344e+02   2.1344041e+02
   4.0658410e+02   2.1959525e+02
   3.9028036e+02   2.1885920e+02
   3.1283746e+02   3.2164750e+02
   3.2346486e+02   3.1656262e+02
   3.3449538e+02   3.1245075e+02
   3.4611331e+02   3.1246622e+02
   3.6023263e+02   3.1250022e+02
   3.7400949e+02   3.1548959e+02
   3.8643571e+02   3.2180913e+02
   3.7389165e+02   3.2613241e+02
   3.6062624e+02   3.2695246e+02
   3.4742625e+02   3.2696816e+02
   3.3503243e+02   3.2727700e+02
   3.2275267e+02   3.2771365e+02
   3.2105296e+02   3.1894546e+02
   3.2926847e+02   3.1884528e+02
   3.4576420e+02   3.1978498e+02
   3.6630432e+02   3.1790431e+02
   3.7637001e+02   3.1801593e+02
   3.6633464e+02   3.1812755e+02
   3.4609883e+02   3.2012113e+02
   3.2929705e+02   3.1904564e+02
