   2.4254093e+02   2.1243130e+02
   2.3862308e+02   2.4220996e+02
   2.4353986e+02   2.7193766e+02
   2.4553193e+02   3.0195573e+02
   2.5217251e+02   3.3142444e+02
   2.6859967e+02   3.5643287e+02
   2.9150701e+02   3.7622146e+02
   3.1864811e+02   3.8928683e+02
   3.4784251e+02   3.9570654e+02
   3.7724455e+02   3.8998445e+02
   4.0350490e+02   3.7573503e+02
   4.2655270e+02   3.5653623e+02
   4.4133390e+02   3.3054589e+02
   4.4832637e+02   3.0160204e+02
   4.5110228e+02   2.7180902e+02
   4.5579357e+02   2.4214502e+02
   4.5695201e+02   2.1234499e+02
   2.5866771e+02   1.9214754e+02
   2.7451609e+02   1.8720547e+02
   2.9118216e+02   1.8664931e+02
   3.0773523e+02   1.8826074e+02
   3.2315382e+02   1.9401678e+02
   3.6859961e+02   1.9461596e+02
   3.8383447e+02   1.8777462e+02
   4.0073414e+02   1.8638150e+02
   4.1750807e+02   1.8557045e+02
   4.3297235e+02   1.9138517e+02
   3.4922416e+02   2.1186455e+02
   3.4862644e+02   2.3187914e+02
   3.4916696e+02   2.5138158e+02
   3.4984892e+02   2.7113339e+02
   3.2278796e+02   2.9060641e+02
   3.3521797e+02   2.9279495e+02
   3.4772981e+02   2.9344349e+02
   3.5979674e+02   2.9212046e+02
   3.7132641e+02   2.8887956e+02
   2.7266790e+02   2.1558816e+02
   2.8777127e+02   2.0910015e+02
   3.0410125e+02   2.0938773e+02
   3.1783974e+02   2.1775296e+02
   3.0239531e+02   2.1953591e+02
   2.8707738e+02   2.2018515e+02
   3.7396873e+02   2.1886754e+02
   3.8823965e+02   2.0965412e+02
   4.0530555e+02   2.0830114e+02
   4.2138994e+02   2.1334739e+02
   4.0653561e+02   2.1948355e+02
   3.9023533e+02   2.1872816e+02
   3.1450120e+02   3.1985265e+02
   3.2447875e+02   3.1536009e+02
   3.3507184e+02   3.1274771e+02
   3.4596360e+02   3.1226765e+02
   3.5855394e+02   3.1262006e+02
   3.7105771e+02   3.1330843e+02
   3.8188264e+02   3.1891431e+02
   3.7032505e+02   3.1977574e+02
   3.5849999e+02   3.1953080e+02
   3.4691966e+02   3.1994927e+02
   3.3584716e+02   3.1929914e+02
   3.2474314e+02   3.2012754e+02
   3.2246699e+02   3.1726840e+02
   3.3043279e+02   3.1707016e+02
   3.4637664e+02   3.1720013e+02
   3.6431817e+02   3.1627757e+02
   3.7310041e+02   3.1639515e+02
   3.6418337e+02   3.1651274e+02
   3.4648346e+02   3.1752366e+02
   3.3037966e+02   3.1746664e+02
