   1.7507521e+02   1.8098513e+02
   1.7722699e+02   2.1496907e+02
   1.8232378e+02   2.4849265e+02
   1.8806977e+02   2.8182916e+02
   1.9743931e+02   3.1450117e+02
   2.1523061e+02   3.4324802e+02
   2.3534111e+02   3.7042100e+02
   2.5937667e+02   3.9440148e+02
   2.9134174e+02   4.0150149e+02
   3.2288514e+02   3.9432591e+02
   3.4407971e+02   3.6869827e+02
   3.6106780e+02   3.3976025e+02
   3.7790837e+02   3.1113735e+02
   3.8565292e+02   2.7862819e+02
   3.9288081e+02   2.4601686e+02
   3.9793657e+02   2.1321254e+02
   4.0244893e+02   1.8023303e+02
   2.0224606e+02   1.5450421e+02
   2.1657657e+02   1.3986647e+02
   2.3367249e+02   1.2888241e+02
   2.5370175e+02   1.3013980e+02
   2.7132230e+02   1.4018519e+02
   3.1936198e+02   1.4411331e+02
   3.3494242e+02   1.3185819e+02
   3.5465467e+02   1.2964832e+02
   3.7246435e+02   1.3831104e+02
   3.8523221e+02   1.5329744e+02
   2.9709516e+02   1.7737686e+02
   2.9842941e+02   1.9984272e+02
   2.9800994e+02   2.2204644e+02
   2.9840508e+02   2.4426472e+02
   2.7543310e+02   2.5438753e+02
   2.8622534e+02   2.5770510e+02
   2.9749173e+02   2.5831974e+02
   3.0886938e+02   2.5852035e+02
   3.1977169e+02   2.5542179e+02
   2.2584311e+02   1.7739745e+02
   2.3978292e+02   1.6832805e+02
   2.5642063e+02   1.7012569e+02
   2.6667089e+02   1.8293156e+02
   2.5203400e+02   1.8681197e+02
   2.3703879e+02   1.8662578e+02
   3.2138635e+02   1.8266178e+02
   3.3361514e+02   1.7246859e+02
   3.4964183e+02   1.7079152e+02
   3.6301360e+02   1.7903414e+02
   3.5093318e+02   1.8836894e+02
   3.3561464e+02   1.8860834e+02
   2.5936484e+02   3.1024776e+02
   2.7053561e+02   2.9743987e+02
   2.8320147e+02   2.8662223e+02
   2.9904211e+02   2.8791388e+02
   3.1325801e+02   2.8563881e+02
   3.2328965e+02   2.9729081e+02
   3.3287743e+02   3.0909410e+02
   3.2419898e+02   3.2391106e+02
   3.1155642e+02   3.3525271e+02
   2.9568431e+02   3.4069089e+02
   2.8017834e+02   3.3577901e+02
   2.6891038e+02   3.2355648e+02
   2.6651572e+02   3.1066323e+02
   2.8179291e+02   2.9863254e+02
   3.0056672e+02   2.9549840e+02
   3.1699343e+02   2.9802179e+02
   3.2758314e+02   3.1065200e+02
   3.1315986e+02   3.2038338e+02
   2.9677048e+02   3.2564396e+02
   2.7969452e+02   3.2196045e+02
