   2.3908897e+02   2.2713841e+02
   2.4142518e+02   2.5406009e+02
   2.4549233e+02   2.8058005e+02
   2.5047744e+02   3.0700149e+02
   2.5802015e+02   3.3259380e+02
   2.7048034e+02   3.5648956e+02
   2.8678545e+02   3.7768832e+02
   3.0855704e+02   3.9327690e+02
   3.3444143e+02   3.9822077e+02
   3.6156480e+02   3.9299080e+02
   3.8549533e+02   3.7946900e+02
   4.0239818e+02   3.5813976e+02
   4.1418705e+02   3.3312358e+02
   4.2274067e+02   3.0703771e+02
   4.2823823e+02   2.7990503e+02
   4.3247786e+02   2.5277152e+02
   4.3534760e+02   2.2538514e+02
   2.5408275e+02   2.1257955e+02
   2.6991704e+02   2.0592436e+02
   2.8728062e+02   2.0490813e+02
   3.0451630e+02   2.0736488e+02
   3.2092974e+02   2.1181798e+02
   3.5545237e+02   2.1266998e+02
   3.7048423e+02   2.0927582e+02
   3.8578646e+02   2.0725294e+02
   4.0120440e+02   2.0749593e+02
   4.1520082e+02   2.1313057e+02
   3.3613527e+02   2.2524223e+02
   3.3589591e+02   2.4243549e+02
   3.3554128e+02   2.5961509e+02
   3.3526470e+02   2.7676374e+02
   3.0703696e+02   2.9089231e+02
   3.2023445e+02   2.9485408e+02
   3.3380793e+02   2.9660787e+02
   3.4742561e+02   2.9533243e+02
   3.6084985e+02   2.9333734e+02
   2.7672761e+02   2.3199715e+02
   2.8917014e+02   2.2636459e+02
   3.0275726e+02   2.2677000e+02
   3.1409082e+02   2.3394966e+02
   3.0137718e+02   2.3768900e+02
   2.8824611e+02   2.3778963e+02
   3.5971215e+02   2.3609659e+02
   3.7148066e+02   2.2781229e+02
   3.8583944e+02   2.2788545e+02
   3.9841952e+02   2.3465364e+02
   3.8608393e+02   2.4000380e+02
   3.7266820e+02   2.3964534e+02
   2.9768162e+02   3.2359014e+02
   3.0890172e+02   3.1685056e+02
   3.2094416e+02   3.1109678e+02
   3.3286424e+02   3.1529065e+02
   3.4627185e+02   3.1179451e+02
   3.5895134e+02   3.1821215e+02
   3.7085090e+02   3.2595211e+02
   3.5983066e+02   3.3603698e+02
   3.4662079e+02   3.4270810e+02
   3.3193375e+02   3.4381870e+02
   3.1783585e+02   3.4203017e+02
   3.0545583e+02   3.3508389e+02
   3.0315935e+02   3.2437028e+02
   3.1782364e+02   3.2394922e+02
   3.3228478e+02   3.2499821e+02
   3.4858105e+02   3.2474960e+02
   3.6443151e+02   3.2631065e+02
   3.4807134e+02   3.2443859e+02
   3.3229194e+02   3.2498154e+02
   3.1796870e+02   3.2372315e+02
