   2.3889917e+02   2.2077262e+02
   2.4072160e+02   2.4911731e+02
   2.4429279e+02   2.7721955e+02
   2.5039632e+02   3.0483031e+02
   2.5743720e+02   3.3230209e+02
   2.6705317e+02   3.5890008e+02
   2.8175154e+02   3.8279721e+02
   3.0321103e+02   4.0118000e+02
   3.2998390e+02   4.0819105e+02
   3.5873553e+02   4.0321330e+02
   3.8367711e+02   3.8764017e+02
   4.0396068e+02   3.6653028e+02
   4.1365138e+02   3.3881871e+02
   4.2099141e+02   3.1023286e+02
   4.2775691e+02   2.8161693e+02
   4.3255165e+02   2.5243679e+02
   4.3645568e+02   2.2347438e+02
   2.5677646e+02   2.0160717e+02
   2.7093910e+02   1.8974056e+02
   2.8926925e+02   1.8888176e+02
   3.0628222e+02   1.9604189e+02
   3.2261379e+02   2.0348995e+02
   3.5310232e+02   2.0309792e+02
   3.6939674e+02   1.9589251e+02
   3.8696451e+02   1.9292810e+02
   4.0432621e+02   1.9649293e+02
   4.1809033e+02   2.0755394e+02
   3.3626720e+02   2.2247031e+02
   3.3581385e+02   2.3840957e+02
   3.3548333e+02   2.5446840e+02
   3.3523038e+02   2.7019101e+02
   3.0686106e+02   2.8950142e+02
   3.1996082e+02   2.9477701e+02
   3.3391375e+02   2.9622291e+02
   3.4733759e+02   2.9541332e+02
   3.6007958e+02   2.9181285e+02
   2.7571126e+02   2.2813964e+02
   2.8875412e+02   2.2232048e+02
   3.0290065e+02   2.2320753e+02
   3.1385560e+02   2.3199820e+02
   3.0049430e+02   2.3616128e+02
   2.8680414e+02   2.3597992e+02
   3.5965276e+02   2.3226709e+02
   3.7153549e+02   2.2388655e+02
   3.8621932e+02   2.2447578e+02
   3.9924933e+02   2.3126812e+02
   3.8678737e+02   2.3802998e+02
   3.7258866e+02   2.3785119e+02
   2.9849540e+02   3.2881252e+02
   3.0800087e+02   3.1879912e+02
   3.1883353e+02   3.1036674e+02
   3.3151762e+02   3.1313699e+02
   3.4590788e+02   3.1033909e+02
   3.5820358e+02   3.1927599e+02
   3.6799519e+02   3.3030573e+02
   3.6044773e+02   3.4668857e+02
   3.4762471e+02   3.5819828e+02
   3.3041306e+02   3.6128889e+02
   3.1412432e+02   3.5757504e+02
   3.0389119e+02   3.4440733e+02
   3.0412560e+02   3.3083547e+02
   3.1683573e+02   3.2365802e+02
   3.3176533e+02   3.2389111e+02
   3.4803064e+02   3.2465611e+02
   3.6184133e+02   3.3190143e+02
   3.4850690e+02   3.4060610e+02
   3.3108070e+02   3.4428895e+02
   3.1503833e+02   3.3983699e+02
