   2.0530768e+02   1.9785050e+02
   2.0423305e+02   2.2631742e+02
   2.0569191e+02   2.5489543e+02
   2.1052531e+02   2.8289673e+02
   2.1987839e+02   3.0980364e+02
   2.3520799e+02   3.3352844e+02
   2.5403922e+02   3.5494955e+02
   2.7620412e+02   3.7258640e+02
   3.0367046e+02   3.7575706e+02
   3.3295605e+02   3.7260519e+02
   3.5968776e+02   3.5993595e+02
   3.8533463e+02   3.4510819e+02
   4.0615125e+02   3.2390034e+02
   4.1898990e+02   2.9749496e+02
   4.2513357e+02   2.6859578e+02
   4.2995672e+02   2.3934177e+02
   4.3176073e+02   2.0978177e+02
   2.1774796e+02   1.7177812e+02
   2.2727240e+02   1.5892569e+02
   2.4228114e+02   1.5353634e+02
   2.5822306e+02   1.5533009e+02
   2.7294429e+02   1.6146231e+02
   3.3321982e+02   1.5478163e+02
   3.4954760e+02   1.5057270e+02
   3.6640672e+02   1.5063687e+02
   3.8259770e+02   1.5519296e+02
   3.9586896e+02   1.6523881e+02
   3.0347621e+02   1.8546282e+02
   3.0272950e+02   2.0323351e+02
   3.0032333e+02   2.2072916e+02
   2.9770863e+02   2.3826103e+02
   2.7419990e+02   2.5765076e+02
   2.8721713e+02   2.5875042e+02
   3.0018641e+02   2.5970964e+02
   3.1367544e+02   2.6055979e+02
   3.2699760e+02   2.5970601e+02
   2.3329475e+02   1.9240678e+02
   2.4759078e+02   1.8390725e+02
   2.6405077e+02   1.8533989e+02
   2.7666641e+02   1.9577845e+02
   2.6202609e+02   2.0090013e+02
   2.4663667e+02   1.9993335e+02
   3.3523838e+02   1.9453308e+02
   3.4782421e+02   1.8305894e+02
   3.6491454e+02   1.8225675e+02
   3.8017553e+02   1.8996085e+02
   3.6653095e+02   1.9747804e+02
   3.5066716e+02   1.9734261e+02
   2.5813226e+02   3.0390853e+02
   2.6927708e+02   2.9298722e+02
   2.8151267e+02   2.8373719e+02
   2.9645522e+02   2.8425183e+02
   3.1565773e+02   2.8475728e+02
   3.3152502e+02   2.9615532e+02
   3.4552057e+02   3.0973405e+02
   3.2999667e+02   3.2230766e+02
   3.1190688e+02   3.3041241e+02
   2.9241554e+02   3.3267547e+02
   2.7781497e+02   3.2681863e+02
   2.6554095e+02   3.1746137e+02
   2.7324354e+02   3.0403253e+02
   2.8372242e+02   3.0394513e+02
   2.9409775e+02   3.0426582e+02
   3.1207704e+02   3.0663153e+02
   3.2977143e+02   3.0918893e+02
   3.1182235e+02   3.0803648e+02
   2.9403267e+02   3.0637321e+02
   2.8358987e+02   3.0530758e+02
