   2.0532720e+02   1.9753672e+02
   2.0426362e+02   2.2627293e+02
   2.0576986e+02   2.5495119e+02
   2.1072267e+02   2.8320631e+02
   2.1970776e+02   3.1033383e+02
   2.3556095e+02   3.3418577e+02
   2.5479615e+02   3.5537826e+02
   2.7790225e+02   3.7251916e+02
   3.0549988e+02   3.7689466e+02
   3.3454748e+02   3.7179218e+02
   3.6102861e+02   3.5904871e+02
   3.8635424e+02   3.4418292e+02
   4.0678130e+02   3.2293402e+02
   4.1931973e+02   2.9665876e+02
   4.2539285e+02   2.6772070e+02
   4.3015294e+02   2.3870599e+02
   4.3191209e+02   2.0938792e+02
   2.2017772e+02   1.7080079e+02
   2.3063643e+02   1.6061736e+02
   2.4469603e+02   1.5587134e+02
   2.5949285e+02   1.5754860e+02
   2.7311637e+02   1.6312525e+02
   3.3206129e+02   1.5824074e+02
   3.4802688e+02   1.5272355e+02
   3.6498199e+02   1.5252599e+02
   3.8132649e+02   1.5678964e+02
   3.9598308e+02   1.6483367e+02
   3.0354615e+02   1.8510446e+02
   3.0280584e+02   2.0288542e+02
   3.0040502e+02   2.2039182e+02
   2.9779557e+02   2.3793455e+02
   2.7428106e+02   2.5734419e+02
   2.8730602e+02   2.5843948e+02
   3.0028296e+02   2.5939427e+02
   3.1377989e+02   2.6023973e+02
   3.2710922e+02   2.5938036e+02
   2.3484968e+02   1.9402490e+02
   2.4813181e+02   1.8517534e+02
   2.6409333e+02   1.8592657e+02
   2.7672524e+02   1.9543616e+02
   2.6302039e+02   2.0125883e+02
   2.4816173e+02   2.0054125e+02
   3.3532965e+02   1.9416765e+02
   3.4878457e+02   1.8374879e+02
   3.6571004e+02   1.8267494e+02
   3.8085425e+02   1.9029872e+02
   3.6687456e+02   1.9766940e+02
   3.5085457e+02   1.9758865e+02
   2.5835398e+02   3.0420834e+02
   2.6924130e+02   2.9286539e+02
   2.8115673e+02   2.8283822e+02
   2.9632213e+02   2.8189427e+02
   3.1620606e+02   2.8465486e+02
   3.3269717e+02   2.9675256e+02
   3.4858042e+02   3.0911609e+02
   3.3370693e+02   3.2500283e+02
   3.1458935e+02   3.3494542e+02
   2.9312511e+02   3.3606164e+02
   2.7794742e+02   3.3016759e+02
   2.6664626e+02   3.1829854e+02
   2.6741099e+02   3.0355919e+02
   2.8107530e+02   3.0043187e+02
   2.9509586e+02   2.9994438e+02
   3.1419176e+02   3.0440235e+02
   3.3291311e+02   3.0924878e+02
   3.1442318e+02   3.1475628e+02
   2.9522199e+02   3.1451564e+02
   2.8038307e+02   3.1104454e+02
