   2.0544781e+02   1.9787809e+02
   2.0440005e+02   2.2659867e+02
   2.0593148e+02   2.5535244e+02
   2.1091019e+02   2.8358600e+02
   2.2021191e+02   3.1053097e+02
   2.3603958e+02   3.3447412e+02
   2.5511987e+02   3.5572351e+02
   2.7808368e+02   3.7305046e+02
   3.0567627e+02   3.7707850e+02
   3.3469332e+02   3.7191998e+02
   3.6114148e+02   3.5917109e+02
   3.8643232e+02   3.4430296e+02
   4.0682355e+02   3.2305913e+02
   4.1933175e+02   2.9680087e+02
   4.2538364e+02   2.6788133e+02
   4.3012363e+02   2.3889230e+02
   4.3186528e+02   2.0960176e+02
   2.1889172e+02   1.7152313e+02
   2.2873425e+02   1.5985629e+02
   2.4331244e+02   1.5469359e+02
   2.5884361e+02   1.5641752e+02
   2.7309384e+02   1.6229967e+02
   3.3277080e+02   1.5634496e+02
   3.4893269e+02   1.5156752e+02
   3.6582516e+02   1.5150735e+02
   3.8207766e+02   1.5592445e+02
   3.9594051e+02   1.6510044e+02
   3.0358501e+02   1.8540401e+02
   3.0285456e+02   2.0317173e+02
   3.0046473e+02   2.2066598e+02
   2.9786645e+02   2.3819662e+02
   2.7438010e+02   2.5760368e+02
   2.8739566e+02   2.5869133e+02
   3.0036315e+02   2.5963860e+02
   3.1385018e+02   2.6047636e+02
   3.2716885e+02   2.5961069e+02
   2.3407521e+02   1.9323972e+02
   2.4792550e+02   1.8458462e+02
   2.6416596e+02   1.8571385e+02
   2.7679005e+02   1.9574181e+02
   2.6255988e+02   2.0117070e+02
   2.4740334e+02   2.0032179e+02
   3.3534889e+02   1.9444364e+02
   3.4829236e+02   1.8341517e+02
   3.6530393e+02   1.8248480e+02
   3.8051394e+02   1.9013994e+02
   3.6673784e+02   1.9760160e+02
   3.5081436e+02   1.9750145e+02
   2.5849271e+02   3.0445353e+02
   2.6935981e+02   2.9310405e+02
   2.8125348e+02   2.8306059e+02
   2.9641188e+02   2.8207591e+02
   3.1612708e+02   2.8478744e+02
   3.3240938e+02   2.9665842e+02
   3.4728308e+02   3.0993165e+02
   3.3280317e+02   3.2531509e+02
   3.1410956e+02   3.3484617e+02
   2.9326405e+02   3.3633548e+02
   2.7808183e+02   3.3045290e+02
   2.6680612e+02   3.1854099e+02
   2.6760267e+02   3.0466221e+02
   2.8112851e+02   3.0057994e+02
   2.9522218e+02   3.0006734e+02
   3.1337399e+02   3.0477049e+02
   3.3127199e+02   3.0923204e+02
   3.1350222e+02   3.1478832e+02
   2.9504330e+02   3.1503903e+02
   2.8056480e+02   3.1146559e+02
