   2.1358415e+02   2.2390844e+02
   2.1586499e+02   2.4885819e+02
   2.2000838e+02   2.7350908e+02
   2.2584475e+02   2.9767146e+02
   2.3538083e+02   3.2078414e+02
   2.5064973e+02   3.4039423e+02
   2.7097906e+02   3.5496750e+02
   2.9433377e+02   3.6302310e+02
   3.1905729e+02   3.6580750e+02
   3.4090166e+02   3.6010293e+02
   3.6026615e+02   3.4837390e+02
   3.7455927e+02   3.3104373e+02
   3.8494832e+02   3.1106351e+02
   3.9178326e+02   2.8955558e+02
   3.9576785e+02   2.6724843e+02
   3.9914004e+02   2.4487502e+02
   4.0047667e+02   2.2248637e+02
   2.4112316e+02   1.9869580e+02
   2.5540478e+02   1.9717080e+02
   2.6966912e+02   1.9786645e+02
   2.8375591e+02   2.0061930e+02
   2.9772953e+02   2.0342529e+02
   3.2933808e+02   2.0401319e+02
   3.4193619e+02   2.0102075e+02
   3.5481339e+02   1.9945868e+02
   3.6773511e+02   1.9845954e+02
   3.8057951e+02   1.9766556e+02
   3.1579732e+02   2.2434809e+02
   3.1639101e+02   2.3769084e+02
   3.1680800e+02   2.5100006e+02
   3.1753663e+02   2.6414819e+02
   2.9562532e+02   2.8213959e+02
   3.0635702e+02   2.8475432e+02
   3.1730685e+02   2.8536698e+02
   3.2575335e+02   2.8416263e+02
   3.3382834e+02   2.8175254e+02
   2.5235992e+02   2.2302326e+02
   2.6434227e+02   2.1796327e+02
   2.7729904e+02   2.1792334e+02
   2.8848845e+02   2.2419162e+02
   2.7641904e+02   2.2690106e+02
   2.6419033e+02   2.2617079e+02
   3.3597780e+02   2.2520925e+02
   3.4688128e+02   2.1768863e+02
   3.6002016e+02   2.1713055e+02
   3.7150565e+02   2.2341107e+02
   3.5993763e+02   2.2685385e+02
   3.4785588e+02   2.2690913e+02
   2.8001663e+02   3.0781957e+02
   2.9163011e+02   3.0172371e+02
   3.0400476e+02   2.9772134e+02
   3.1681702e+02   2.9932014e+02
   3.2829814e+02   2.9680306e+02
   3.3950819e+02   3.0084294e+02
   3.5030516e+02   3.0599895e+02
   3.3997557e+02   3.1063477e+02
   3.2871613e+02   3.1209870e+02
   3.1736255e+02   3.1267777e+02
   3.0466741e+02   3.1288224e+02
   2.9209940e+02   3.1146976e+02
   2.9488215e+02   3.0453459e+02
   3.0576663e+02   3.0256234e+02
   3.1673426e+02   3.0299459e+02
   3.2650487e+02   3.0137652e+02
   3.3615979e+02   3.0275214e+02
   3.2656386e+02   3.0301200e+02
   3.1728885e+02   3.0497363e+02
   3.0605776e+02   3.0398774e+02
