   2.1121768e+02   2.2126672e+02
   2.1297532e+02   2.4577429e+02
   2.1724722e+02   2.6978748e+02
   2.2226381e+02   2.9378878e+02
   2.3155822e+02   3.1628232e+02
   2.4646032e+02   3.3550413e+02
   2.6631207e+02   3.4988966e+02
   2.8874064e+02   3.5912635e+02
   3.1288008e+02   3.6137840e+02
   3.3609870e+02   3.5812294e+02
   3.5619551e+02   3.4601165e+02
   3.7260452e+02   3.2908396e+02
   3.8534260e+02   3.0945687e+02
   3.9256629e+02   2.8695610e+02
   3.9574805e+02   2.6368647e+02
   3.9867423e+02   2.4032376e+02
   4.0024741e+02   2.1701570e+02
   2.3249898e+02   1.9412162e+02
   2.4650068e+02   1.8961994e+02
   2.6127666e+02   1.8966895e+02
   2.7604813e+02   1.9086506e+02
   2.9057354e+02   1.9333521e+02
   3.2353502e+02   1.9471506e+02
   3.3694027e+02   1.9020923e+02
   3.5096413e+02   1.8878824e+02
   3.6505489e+02   1.8935273e+02
   3.7892417e+02   1.9093384e+02
   3.0950792e+02   2.1717652e+02
   3.0977114e+02   2.3062244e+02
   3.1001065e+02   2.4399928e+02
   3.0991313e+02   2.5741113e+02
   2.8945019e+02   2.7501864e+02
   2.9998116e+02   2.7762566e+02
   3.1072224e+02   2.7814457e+02
   3.1982780e+02   2.7722008e+02
   3.2864548e+02   2.7490037e+02
   2.4771592e+02   2.1801235e+02
   2.5912599e+02   2.1114952e+02
   2.7235918e+02   2.1127597e+02
   2.8319121e+02   2.1860745e+02
   2.7138898e+02   2.2189002e+02
   2.5922044e+02   2.2166589e+02
   3.3187772e+02   2.1937294e+02
   3.4237836e+02   2.1114124e+02
   3.5567247e+02   2.1012864e+02
   3.6687067e+02   2.1717321e+02
   3.5558843e+02   2.2146694e+02
   3.4362070e+02   2.2175840e+02
   2.7604450e+02   3.0506266e+02
   2.8610046e+02   2.9707632e+02
   2.9833015e+02   2.9327946e+02
   3.1104336e+02   2.9465908e+02
   3.2271986e+02   2.9317649e+02
   3.3399591e+02   2.9692935e+02
   3.4410561e+02   3.0304602e+02
   3.3312336e+02   3.0689756e+02
   3.2192244e+02   3.0979152e+02
   3.1042222e+02   3.1024660e+02
   2.9875201e+02   3.1006409e+02
   2.8728037e+02   3.0784190e+02
   2.9028610e+02   3.0126102e+02
   3.0038566e+02   2.9939378e+02
   3.1046566e+02   3.0020023e+02
   3.1993236e+02   2.9853763e+02
   3.2929860e+02   3.0014394e+02
   3.1979009e+02   3.0039031e+02
   3.1060827e+02   3.0218930e+02
   3.0043611e+02   3.0125807e+02
