   2.1152636e+02   2.2136913e+02
   2.1330594e+02   2.4585837e+02
   2.1760027e+02   2.7005883e+02
   2.2316822e+02   2.9385094e+02
   2.3253052e+02   3.1632975e+02
   2.4828886e+02   3.3490493e+02
   2.6791745e+02   3.4974930e+02
   2.9044935e+02   3.5887313e+02
   3.1464618e+02   3.6023431e+02
   3.3743521e+02   3.5695939e+02
   3.5676710e+02   3.4436906e+02
   3.7295411e+02   3.2785256e+02
   3.8520951e+02   3.0842601e+02
   3.9184597e+02   2.8620606e+02
   3.9559164e+02   2.6339901e+02
   3.9809181e+02   2.4029354e+02
   4.0004829e+02   2.1736926e+02
   2.3062942e+02   1.9249403e+02
   2.4428865e+02   1.8620922e+02
   2.5905865e+02   1.8414840e+02
   2.7402412e+02   1.8576091e+02
   2.8852054e+02   1.8900194e+02
   3.2757542e+02   1.8906934e+02
   3.4077276e+02   1.8539452e+02
   3.5419083e+02   1.8381003e+02
   3.6774288e+02   1.8529447e+02
   3.8086331e+02   1.8863779e+02
   3.0959479e+02   2.1488518e+02
   3.0996351e+02   2.2881181e+02
   3.1014276e+02   2.4251814e+02
   3.1029587e+02   2.5628730e+02
   2.8995655e+02   2.7334332e+02
   2.9993266e+02   2.7584448e+02
   3.1013700e+02   2.7665932e+02
   3.1943797e+02   2.7531905e+02
   3.2829331e+02   2.7250294e+02
   2.4663635e+02   2.1625749e+02
   2.5860594e+02   2.0956207e+02
   2.7216436e+02   2.1003374e+02
   2.8341180e+02   2.1758975e+02
   2.7110563e+02   2.2038447e+02
   2.5859252e+02   2.1979596e+02
   3.3145549e+02   2.1849852e+02
   3.4193029e+02   2.0998291e+02
   3.5523702e+02   2.0872720e+02
   3.6647811e+02   2.1579257e+02
   3.5533438e+02   2.2055850e+02
   3.4326038e+02   2.2073367e+02
   2.7961231e+02   3.0403326e+02
   2.8717672e+02   2.9501352e+02
   2.9867778e+02   2.9233659e+02
   3.1055544e+02   2.9359324e+02
   3.2160799e+02   2.9159763e+02
   3.3225040e+02   2.9562083e+02
   3.4152190e+02   3.0211924e+02
   3.3153991e+02   3.0602690e+02
   3.2136135e+02   3.0928761e+02
   3.1079969e+02   3.1017866e+02
   3.0014644e+02   3.0953302e+02
   2.8973828e+02   3.0700131e+02
   2.9086848e+02   3.0036846e+02
   3.0082236e+02   2.9914501e+02
   3.1068954e+02   2.9933718e+02
   3.2029210e+02   2.9831077e+02
   3.2972116e+02   3.0008365e+02
   3.2013435e+02   3.0034011e+02
   3.1061684e+02   3.0128342e+02
   3.0071291e+02   3.0124213e+02
