   2.5201047e+02   2.1965934e+02
   2.5347394e+02   2.4427804e+02
   2.5532160e+02   2.6881459e+02
   2.5863970e+02   2.9334401e+02
   2.6522048e+02   3.1691348e+02
   2.7918133e+02   3.3696692e+02
   2.9967801e+02   3.5060927e+02
   3.2112201e+02   3.6239466e+02
   3.4503171e+02   3.6633745e+02
   3.6650586e+02   3.6223374e+02
   3.8505877e+02   3.5050087e+02
   4.0072615e+02   3.3527082e+02
   4.1320824e+02   3.1727305e+02
   4.1963067e+02   2.9612287e+02
   4.2271770e+02   2.7443318e+02
   4.2586077e+02   2.5277335e+02
   4.2823164e+02   2.3096559e+02
   2.7695048e+02   2.1322806e+02
   2.9112936e+02   2.0357835e+02
   3.0779256e+02   1.9994896e+02
   3.2490669e+02   2.0100309e+02
   3.4132196e+02   2.0578271e+02
   3.6156791e+02   2.0821223e+02
   3.7912586e+02   2.0490796e+02
   3.9665729e+02   2.0433932e+02
   4.1341591e+02   2.0955719e+02
   4.2171564e+02   2.2440181e+02
   3.5197738e+02   2.2201689e+02
   3.5306653e+02   2.3586064e+02
   3.5422997e+02   2.4960937e+02
   3.5505514e+02   2.6339444e+02
   3.2529277e+02   2.7757374e+02
   3.3833017e+02   2.8019544e+02
   3.5140808e+02   2.8133518e+02
   3.6153180e+02   2.8130570e+02
   3.7145607e+02   2.8080497e+02
   2.9635546e+02   2.2616145e+02
   3.0654423e+02   2.1892317e+02
   3.1912221e+02   2.1901244e+02
   3.2898655e+02   2.2650445e+02
   3.1818166e+02   2.2878822e+02
   3.0718761e+02   2.2850839e+02
   3.7151472e+02   2.2813462e+02
   3.8188488e+02   2.2319283e+02
   3.9320876e+02   2.2449925e+02
   4.0173694e+02   2.3197321e+02
   3.9137145e+02   2.3293720e+02
   3.8102416e+02   2.3186145e+02
   3.1481333e+02   3.0533280e+02
   3.2602933e+02   3.0037989e+02
   3.3723476e+02   2.9565985e+02
   3.4899970e+02   2.9702937e+02
   3.6060961e+02   2.9654174e+02
   3.7029077e+02   3.0383691e+02
   3.8025422e+02   3.1040756e+02
   3.7092121e+02   3.1713228e+02
   3.5958019e+02   3.1972024e+02
   3.4807531e+02   3.1992678e+02
   3.3492109e+02   3.1953096e+02
   3.2260674e+02   3.1525822e+02
   3.2008118e+02   3.0605906e+02
   3.3415820e+02   3.0421279e+02
   3.4815297e+02   3.0489476e+02
   3.6166457e+02   3.0498473e+02
   3.7441392e+02   3.0919562e+02
   3.6158129e+02   3.0472317e+02
   3.4818602e+02   3.0469706e+02
   3.3408209e+02   3.0404881e+02
