   2.5264026e+02   2.2000752e+02
   2.5479123e+02   2.4440505e+02
   2.5675904e+02   2.6845320e+02
   2.5903859e+02   2.9276994e+02
   2.6486563e+02   3.1622472e+02
   2.7934083e+02   3.3556972e+02
   2.9895195e+02   3.4990108e+02
   3.1978157e+02   3.6224915e+02
   3.4336180e+02   3.6627959e+02
   3.6512541e+02   3.6323390e+02
   3.8362239e+02   3.5059324e+02
   3.9962984e+02   3.3510782e+02
   4.1310489e+02   3.1730686e+02
   4.1971136e+02   2.9602010e+02
   4.2269713e+02   2.7380210e+02
   4.2603500e+02   2.5177175e+02
   4.2949872e+02   2.2981898e+02
   2.7667069e+02   2.1318676e+02
   2.9025251e+02   2.0150728e+02
   3.0754893e+02   1.9822589e+02
   3.2530711e+02   2.0101737e+02
   3.4281264e+02   2.0414857e+02
   3.6336967e+02   2.0549756e+02
   3.8053546e+02   2.0219570e+02
   3.9762103e+02   2.0203063e+02
   4.1377756e+02   2.0806627e+02
   4.2238894e+02   2.2243972e+02
   3.5168718e+02   2.2124624e+02
   3.5292453e+02   2.3518023e+02
   3.5446671e+02   2.4893879e+02
   3.5550070e+02   2.6283160e+02
   3.2766036e+02   2.7708387e+02
   3.3949029e+02   2.8016362e+02
   3.5164177e+02   2.8114163e+02
   3.6052452e+02   2.8117469e+02
   3.6931843e+02   2.8038276e+02
   2.9667568e+02   2.2418040e+02
   3.0633909e+02   2.1601072e+02
   3.1906168e+02   2.1680311e+02
   3.2861498e+02   2.2516744e+02
   3.1785799e+02   2.2664111e+02
   3.0715492e+02   2.2652321e+02
   3.7156797e+02   2.2846818e+02
   3.8155308e+02   2.2081061e+02
   3.9425265e+02   2.2122292e+02
   4.0302327e+02   2.3002727e+02
   3.9248464e+02   2.3195039e+02
   3.8185914e+02   2.3103822e+02
   3.1513533e+02   3.0764427e+02
   3.2582609e+02   3.0188839e+02
   3.3673628e+02   2.9658660e+02
   3.4807606e+02   2.9935897e+02
   3.5964599e+02   2.9665369e+02
   3.6928133e+02   3.0456749e+02
   3.7887207e+02   3.1225986e+02
   3.6936613e+02   3.1879757e+02
   3.5816162e+02   3.2115432e+02
   3.4663018e+02   3.2128665e+02
   3.3467567e+02   3.2025781e+02
   3.2340188e+02   3.1608833e+02
   3.1996410e+02   3.0767192e+02
   3.3375142e+02   3.0675233e+02
   3.4749134e+02   3.0786754e+02
   3.5986552e+02   3.0838463e+02
   3.7187004e+02   3.1064759e+02
   3.5971205e+02   3.0846745e+02
   3.4751787e+02   3.0802278e+02
   3.3372399e+02   3.0707045e+02
