   2.5264417e+02   2.1889250e+02
   2.5470810e+02   2.4351131e+02
   2.5670251e+02   2.6788758e+02
   2.5896013e+02   2.9249798e+02
   2.6583395e+02   3.1598168e+02
   2.7929585e+02   3.3634375e+02
   2.9896044e+02   3.5093909e+02
   3.1939433e+02   3.6434101e+02
   3.4304743e+02   3.6904084e+02
   3.6500890e+02   3.6570289e+02
   3.8350962e+02   3.5258106e+02
   3.9966395e+02   3.3688630e+02
   4.1254317e+02   3.1835905e+02
   4.1991648e+02   2.9706514e+02
   4.2269033e+02   2.7460949e+02
   4.2595480e+02   2.5224859e+02
   4.2840039e+02   2.2991672e+02
   2.7660279e+02   2.1166127e+02
   2.8968558e+02   1.9895688e+02
   3.0698932e+02   1.9477051e+02
   3.2491080e+02   1.9727587e+02
   3.4241448e+02   2.0134423e+02
   3.6421550e+02   2.0387838e+02
   3.8198551e+02   2.0014168e+02
   3.9968302e+02   1.9963380e+02
   4.1585504e+02   2.0732842e+02
   4.2197592e+02   2.2343622e+02
   3.5150198e+02   2.2061017e+02
   3.5285418e+02   2.3460306e+02
   3.5464123e+02   2.4837561e+02
   3.5582386e+02   2.6233790e+02
   3.2762125e+02   2.7727774e+02
   3.3966324e+02   2.7993612e+02
   3.5188165e+02   2.8087655e+02
   3.6065845e+02   2.8090311e+02
   3.6931664e+02   2.8008618e+02
   2.9711122e+02   2.2343180e+02
   3.0729310e+02   2.1624079e+02
   3.1992521e+02   2.1708273e+02
   3.2943803e+02   2.2522146e+02
   3.1848095e+02   2.2743462e+02
   3.0743764e+02   2.2718729e+02
   3.7212117e+02   2.2797268e+02
   3.8224771e+02   2.2107930e+02
   3.9443986e+02   2.2152363e+02
   4.0299858e+02   2.2999592e+02
   3.9261453e+02   2.3222271e+02
   3.8202731e+02   2.3137229e+02
   3.1638720e+02   3.0789166e+02
   3.2676917e+02   3.0205592e+02
   3.3753867e+02   2.9689316e+02
   3.4877105e+02   2.9939367e+02
   3.5998203e+02   2.9754539e+02
   3.6889159e+02   3.0528854e+02
   3.7780534e+02   3.1272295e+02
   3.6916050e+02   3.2054876e+02
   3.5798272e+02   3.2395980e+02
   3.4632265e+02   3.2422195e+02
   3.3404938e+02   3.2317972e+02
   3.2282271e+02   3.1811220e+02
   3.2588515e+02   3.0834022e+02
   3.3669622e+02   3.0690105e+02
   3.4755075e+02   3.0809232e+02
   3.5774180e+02   3.0833079e+02
   3.6751739e+02   3.1075220e+02
   3.5748259e+02   3.0976115e+02
   3.4745950e+02   3.0950166e+02
   3.3663565e+02   3.0858241e+02
