   2.5257673e+02   2.1904701e+02
   2.5474367e+02   2.4387529e+02
   2.5675651e+02   2.6855815e+02
   2.5913551e+02   2.9330477e+02
   2.6659222e+02   3.1687587e+02
   2.7967049e+02   3.3774861e+02
   2.9931956e+02   3.5260687e+02
   3.1962099e+02   3.6667048e+02
   3.4338927e+02   3.7163678e+02
   3.6544566e+02   3.6806958e+02
   3.8389030e+02   3.5484198e+02
   3.9972333e+02   3.3861991e+02
   4.1208109e+02   3.1959473e+02
   4.1996628e+02   2.9845935e+02
   4.2257591e+02   2.7595279e+02
   4.2581824e+02   2.5344466e+02
   4.2780800e+02   2.3096985e+02
   2.7695264e+02   2.1110132e+02
   2.8989709e+02   1.9866144e+02
   3.0707169e+02   1.9408514e+02
   3.2481841e+02   1.9619505e+02
   3.4202617e+02   2.0102813e+02
   3.6457575e+02   2.0406664e+02
   3.8274893e+02   2.0015925e+02
   4.0091488e+02   1.9958427e+02
   4.1718348e+02   2.0791796e+02
   4.2171951e+02   2.2491880e+02
   3.5170146e+02   2.2138399e+02
   3.5297871e+02   2.3532903e+02
   3.5460081e+02   2.4908521e+02
   3.5568517e+02   2.6299254e+02
   3.2754121e+02   2.7794321e+02
   3.3963561e+02   2.8040247e+02
   3.5180868e+02   2.8136499e+02
   3.6068176e+02   2.8139182e+02
   3.6942764e+02   2.8066563e+02
   2.9768049e+02   2.2344794e+02
   3.0822179e+02   2.1728321e+02
   3.2052403e+02   2.1801191e+02
   3.2986936e+02   2.2575251e+02
   3.1886092e+02   2.2848629e+02
   3.0767223e+02   2.2828245e+02
   3.7211135e+02   2.2816859e+02
   3.8232839e+02   2.2171751e+02
   3.9424142e+02   2.2196616e+02
   4.0267013e+02   2.3017441e+02
   3.9239861e+02   2.3291903e+02
   3.8180226e+02   2.3220626e+02
   3.1746471e+02   3.0975360e+02
   3.2732330e+02   3.0315599e+02
   3.3802850e+02   2.9805760e+02
   3.4926370e+02   3.0046098e+02
   3.6015446e+02   2.9920617e+02
   3.6876854e+02   3.0653232e+02
   3.7689891e+02   3.1426897e+02
   3.6874328e+02   3.2270863e+02
   3.5762976e+02   3.2669559e+02
   3.4594231e+02   3.2705535e+02
   3.3388636e+02   3.2574455e+02
   3.2305919e+02   3.2027635e+02
   3.3105752e+02   3.0988895e+02
   3.3927597e+02   3.0773741e+02
   3.4766451e+02   3.0885620e+02
   3.5552519e+02   3.0892703e+02
   3.6287406e+02   3.1153434e+02
   3.5511591e+02   3.1180820e+02
   3.4737747e+02   3.1163134e+02
   3.3912253e+02   3.1092690e+02
