   2.5267508e+02   2.1997681e+02
   2.5480455e+02   2.4436671e+02
   2.5676276e+02   2.6841324e+02
   2.5905328e+02   2.9272328e+02
   2.6489378e+02   3.1616844e+02
   2.7933678e+02   3.3552825e+02
   2.9894981e+02   3.4984609e+02
   3.1977201e+02   3.6219139e+02
   3.4334426e+02   3.6623025e+02
   3.6509269e+02   3.6317008e+02
   3.8358347e+02   3.5055393e+02
   3.9958152e+02   3.3508523e+02
   4.1303034e+02   3.1728818e+02
   4.1964184e+02   2.9601755e+02
   4.2263186e+02   2.7382067e+02
   4.2596937e+02   2.5180775e+02
   4.2940764e+02   2.2986767e+02
   2.7670888e+02   2.1317095e+02
   2.9029218e+02   2.0152901e+02
   3.0756813e+02   1.9823952e+02
   3.2530554e+02   2.0099984e+02
   3.4278036e+02   2.0417204e+02
   3.6333016e+02   2.0555628e+02
   3.8049937e+02   2.0225695e+02
   3.9758858e+02   2.0208590e+02
   4.1374548e+02   2.0812232e+02
   4.2232089e+02   2.2251385e+02
   3.5167938e+02   2.2126564e+02
   3.5291082e+02   2.3519093e+02
   3.5444410e+02   2.4894192e+02
   3.5547155e+02   2.6282578e+02
   3.2760428e+02   2.7706753e+02
   3.3945092e+02   2.8013658e+02
   3.5161299e+02   2.8111996e+02
   3.6051238e+02   2.8115430e+02
   3.6932085e+02   2.8037029e+02
   2.9669266e+02   2.2420594e+02
   3.0636675e+02   2.1606851e+02
   3.1907892e+02   2.1685151e+02
   3.2863024e+02   2.2519598e+02
   3.1787623e+02   2.2668719e+02
   3.0717092e+02   2.2656216e+02
   3.7154812e+02   2.2847063e+02
   3.8153761e+02   2.2087702e+02
   3.9419980e+02   2.2130952e+02
   4.0295686e+02   2.3008377e+02
   3.9242839e+02   2.3198731e+02
   3.8181478e+02   2.3107019e+02
   3.1512692e+02   3.0755388e+02
   3.2582061e+02   3.0181962e+02
   3.3673009e+02   2.9653581e+02
   3.4806958e+02   2.9928126e+02
   3.5963118e+02   2.9662893e+02
   3.6925326e+02   3.0452841e+02
   3.7883823e+02   3.1219523e+02
   3.6934672e+02   3.1874152e+02
   3.5814566e+02   3.2110741e+02
   3.4662009e+02   3.2123906e+02
   3.3464700e+02   3.2021954e+02
   3.2336131e+02   3.1603940e+02
   3.1999918e+02   3.0760025e+02
   3.3375989e+02   3.0666405e+02
   3.4747265e+02   3.0777526e+02
   3.5984351e+02   3.0828523e+02
   3.7183666e+02   3.1058747e+02
   3.5969071e+02   3.0837217e+02
   3.4749852e+02   3.0793370e+02
   3.3373142e+02   3.0698369e+02
