   2.0722205e+02   2.2483216e+02
   2.1030106e+02   2.4965814e+02
   2.1478370e+02   2.7399084e+02
   2.2080639e+02   2.9799164e+02
   2.3054083e+02   3.2063113e+02
   2.4612860e+02   3.3970133e+02
   2.6537501e+02   3.5544418e+02
   2.8809624e+02   3.6483437e+02
   3.1262665e+02   3.6662187e+02
   3.3512754e+02   3.6177736e+02
   3.5418340e+02   3.4886022e+02
   3.6967324e+02   3.3185269e+02
   3.8181200e+02   3.1226100e+02
   3.8869448e+02   2.9015398e+02
   3.9265762e+02   2.6745416e+02
   3.9569380e+02   2.4456264e+02
   3.9775226e+02   2.2161797e+02
   2.2918960e+02   1.9553506e+02
   2.4301748e+02   1.9171677e+02
   2.5719335e+02   1.8971379e+02
   2.7147429e+02   1.9084877e+02
   2.8536113e+02   1.9362577e+02
   3.2353698e+02   1.9294263e+02
   3.3642670e+02   1.8983974e+02
   3.4955040e+02   1.8824716e+02
   3.6280611e+02   1.8905672e+02
   3.7576927e+02   1.9120747e+02
   3.0665870e+02   2.2119885e+02
   3.0726893e+02   2.3431966e+02
   3.0795619e+02   2.4735805e+02
   3.0829573e+02   2.6037972e+02
   2.8826889e+02   2.7842163e+02
   2.9870656e+02   2.8074008e+02
   3.0930090e+02   2.8124014e+02
   3.1838669e+02   2.8000066e+02
   3.2684825e+02   2.7681350e+02
   2.4370470e+02   2.2075515e+02
   2.5547194e+02   2.1335962e+02
   2.6940083e+02   2.1362700e+02
   2.8067747e+02   2.2139749e+02
   2.6835917e+02   2.2448346e+02
   2.5572759e+02   2.2424849e+02
   3.2913415e+02   2.2088956e+02
   3.4008325e+02   2.1280477e+02
   3.5379356e+02   2.1214383e+02
   3.6547473e+02   2.1897540e+02
   3.5368754e+02   2.2297255e+02
   3.4125080e+02   2.2332765e+02
   2.7723228e+02   3.0573679e+02
   2.8660288e+02   2.9874834e+02
   2.9779715e+02   2.9590334e+02
   3.0931720e+02   2.9730628e+02
   3.1942386e+02   2.9480564e+02
   3.2973557e+02   2.9695104e+02
   3.3882366e+02   3.0204297e+02
   3.3065620e+02   3.0790613e+02
   3.2110719e+02   3.1104393e+02
   3.1121090e+02   3.1198837e+02
   2.9928554e+02   3.1207954e+02
   2.8753067e+02   3.1102315e+02
   2.8836976e+02   3.0409673e+02
   2.9876230e+02   3.0187852e+02
   3.0929476e+02   3.0293604e+02
   3.1897670e+02   3.0094042e+02
   3.2875420e+02   3.0151411e+02
   3.1907416e+02   3.0185520e+02
   3.0974945e+02   3.0405505e+02
   2.9904280e+02   3.0292710e+02
