   2.0738675e+02   2.2573146e+02
   2.1062327e+02   2.5044097e+02
   2.1508308e+02   2.7475205e+02
   2.2115385e+02   2.9887260e+02
   2.3069241e+02   3.2162792e+02
   2.4511738e+02   3.4152612e+02
   2.6476034e+02   3.5637306e+02
   2.8811063e+02   3.6468753e+02
   3.1258376e+02   3.6699718e+02
   3.3511852e+02   3.6116401e+02
   3.5475879e+02   3.4875619e+02
   3.7051335e+02   3.3169116e+02
   3.8275504e+02   3.1199794e+02
   3.8940425e+02   2.8954011e+02
   3.9291449e+02   2.6658768e+02
   3.9594417e+02   2.4344747e+02
   3.9743988e+02   2.2042916e+02
   2.2948789e+02   1.9583979e+02
   2.4444385e+02   1.9352870e+02
   2.5955848e+02   1.9312720e+02
   2.7448156e+02   1.9490762e+02
   2.8807809e+02   2.0107264e+02
   3.2168780e+02   2.0145079e+02
   3.3426536e+02   1.9527334e+02
   3.4766816e+02   1.9184672e+02
   3.6168685e+02   1.9155787e+02
   3.7551532e+02   1.9242086e+02
   3.0758589e+02   2.2043667e+02
   3.0804241e+02   2.3346807e+02
   3.0847904e+02   2.4645836e+02
   3.0913035e+02   2.5938209e+02
   2.8819244e+02   2.7143269e+02
   2.9870296e+02   2.7548115e+02
   3.0980900e+02   2.7681840e+02
   3.1958365e+02   2.7516849e+02
   3.2801587e+02   2.7000331e+02
   2.4248320e+02   2.2113803e+02
   2.5513574e+02   2.1678252e+02
   2.6849023e+02   2.1674378e+02
   2.8082494e+02   2.2150829e+02
   2.6800410e+02   2.2314088e+02
   2.5519622e+02   2.2270896e+02
   3.2871159e+02   2.2059103e+02
   3.4074084e+02   2.1619940e+02
   3.5349862e+02   2.1606325e+02
   3.6586571e+02   2.1928121e+02
   3.5349678e+02   2.2140536e+02
   3.4107061e+02   2.2188112e+02
   2.7504735e+02   2.9927202e+02
   2.8458665e+02   2.9092493e+02
   2.9737162e+02   2.9028939e+02
   3.1002657e+02   2.9292117e+02
   3.2007075e+02   2.8940391e+02
   3.3072568e+02   2.9014478e+02
   3.4023231e+02   2.9483653e+02
   3.3263718e+02   3.0290758e+02
   3.2229743e+02   3.0744352e+02
   3.1135822e+02   3.0954280e+02
   2.9845608e+02   3.0883265e+02
   2.8605006e+02   3.0524785e+02
   2.8148077e+02   2.9958439e+02
   2.9573503e+02   2.9667627e+02
   3.1012785e+02   2.9825220e+02
   3.2276430e+02   2.9559290e+02
   3.3556277e+02   2.9540480e+02
   3.2278622e+02   2.9692783e+02
   3.1030980e+02   2.9948319e+02
   2.9578548e+02   2.9959802e+02
