   2.0741154e+02   2.2522237e+02
   2.1059138e+02   2.4990233e+02
   2.1501998e+02   2.7417137e+02
   2.2108743e+02   2.9836648e+02
   2.3038921e+02   3.2123610e+02
   2.4491880e+02   3.4104436e+02
   2.6463663e+02   3.5579421e+02
   2.8773289e+02   3.6444538e+02
   3.1227573e+02   3.6638804e+02
   3.3476541e+02   3.6074193e+02
   3.5428863e+02   3.4830248e+02
   3.6998818e+02   3.3129800e+02
   3.8220963e+02   3.1167374e+02
   3.8890458e+02   2.8932274e+02
   3.9250114e+02   2.6645975e+02
   3.9554996e+02   2.4340840e+02
   3.9715296e+02   2.2045011e+02
   2.2948665e+02   1.9600334e+02
   2.4453753e+02   1.9383212e+02
   2.5975558e+02   1.9297169e+02
   2.7477914e+02   1.9520078e+02
   2.8844452e+02   2.0141809e+02
   3.2042140e+02   2.0246772e+02
   3.3283309e+02   1.9568770e+02
   3.4638790e+02   1.9196129e+02
   3.6063973e+02   1.9167877e+02
   3.7463176e+02   1.9229139e+02
   3.0729390e+02   2.2029837e+02
   3.0775283e+02   2.3308778e+02
   3.0820332e+02   2.4592133e+02
   3.0917435e+02   2.5867130e+02
   2.8750617e+02   2.7151059e+02
   2.9827116e+02   2.7570410e+02
   3.0963941e+02   2.7705658e+02
   3.1953527e+02   2.7530339e+02
   3.2778521e+02   2.6960920e+02
   2.4176938e+02   2.2124795e+02
   2.5443444e+02   2.1705789e+02
   2.6784194e+02   2.1704420e+02
   2.8063352e+02   2.2086057e+02
   2.6762507e+02   2.2256603e+02
   2.5472686e+02   2.2219520e+02
   3.2858248e+02   2.2040312e+02
   3.4049663e+02   2.1597888e+02
   3.5326738e+02   2.1580522e+02
   3.6554147e+02   2.1891036e+02
   3.5315201e+02   2.2082341e+02
   3.4084624e+02   2.2183357e+02
   2.7566481e+02   2.9664555e+02
   2.8453874e+02   2.8819591e+02
   2.9703393e+02   2.8856570e+02
   3.0932248e+02   2.9147423e+02
   3.1931711e+02   2.8871814e+02
   3.2966928e+02   2.8876440e+02
   3.3895699e+02   2.9300487e+02
   3.3217417e+02   3.0194482e+02
   3.2188704e+02   3.0661189e+02
   3.1084158e+02   3.0843548e+02
   2.9795280e+02   3.0780376e+02
   2.8545858e+02   3.0477036e+02
   2.8272924e+02   2.9722595e+02
   2.9626558e+02   2.9435723e+02
   3.0983409e+02   2.9718447e+02
   3.2157021e+02   2.9433288e+02
   3.3345115e+02   2.9384029e+02
   3.2157492e+02   2.9585161e+02
   3.1006988e+02   2.9870390e+02
   2.9628838e+02   2.9859218e+02
