   2.0505445e+02   1.7852779e+02
   2.0512026e+02   2.0770250e+02
   2.0800107e+02   2.3660635e+02
   2.1378155e+02   2.6482116e+02
   2.2376620e+02   2.9204986e+02
   2.4200753e+02   3.1446455e+02
   2.6769376e+02   3.2772071e+02
   2.9578347e+02   3.3438677e+02
   3.2458721e+02   3.3524967e+02
   3.5003070e+02   3.3528644e+02
   3.7459126e+02   3.2882363e+02
   3.9626552e+02   3.1556801e+02
   4.1150738e+02   2.9522199e+02
   4.2142487e+02   2.7186930e+02
   4.2695490e+02   2.4691621e+02
   4.3217290e+02   2.2214846e+02
   4.3594182e+02   1.9704282e+02
   2.4057725e+02   1.5165228e+02
   2.5430788e+02   1.4280087e+02
   2.7063377e+02   1.4088724e+02
   2.8716415e+02   1.4046881e+02
   3.0358900e+02   1.4148867e+02
   3.5270496e+02   1.4894363e+02
   3.6932535e+02   1.4736711e+02
   3.8584757e+02   1.4607010e+02
   4.0129667e+02   1.5207085e+02
   4.1468045e+02   1.6181352e+02
   3.3169957e+02   1.6791560e+02
   3.3272013e+02   1.8531370e+02
   3.3349963e+02   2.0253686e+02
   3.3102279e+02   2.1940416e+02
   3.0001346e+02   2.3116739e+02
   3.1368929e+02   2.3622312e+02
   3.2790430e+02   2.3789915e+02
   3.3930443e+02   2.3742798e+02
   3.5002314e+02   2.3385873e+02
   2.5887405e+02   1.7739924e+02
   2.7397203e+02   1.6781364e+02
   2.9158699e+02   1.7016956e+02
   3.0358523e+02   1.8315885e+02
   2.8804544e+02   1.8607230e+02
   2.7240103e+02   1.8508170e+02
   3.4999106e+02   1.8383696e+02
   3.6255537e+02   1.7188946e+02
   3.7988235e+02   1.7198937e+02
   3.9131677e+02   1.8451404e+02
   3.7780833e+02   1.8907970e+02
   3.6354058e+02   1.8824046e+02
   2.9038669e+02   2.7213627e+02
   3.0172835e+02   2.6923124e+02
   3.1301584e+02   2.6614480e+02
   3.2425058e+02   2.6848039e+02
   3.3571070e+02   2.6707408e+02
   3.4696333e+02   2.6966605e+02
   3.5791306e+02   2.7310002e+02
   3.4763547e+02   2.7873765e+02
   3.3578024e+02   2.7913722e+02
   3.2405718e+02   2.7868290e+02
   3.1239707e+02   2.7861678e+02
   3.0096697e+02   2.7679901e+02
   2.9750010e+02   2.7213893e+02
   3.1085156e+02   2.6963767e+02
   3.2405741e+02   2.7232764e+02
   3.3759979e+02   2.7079587e+02
   3.5079912e+02   2.7290740e+02
   3.3746502e+02   2.7098450e+02
   3.2421382e+02   2.7250674e+02
   3.1085308e+02   2.6983149e+02
