   2.0507928e+02   1.7790422e+02
   2.0509026e+02   2.0695171e+02
   2.0790059e+02   2.3582027e+02
   2.1359814e+02   2.6400951e+02
   2.2340750e+02   2.9117022e+02
   2.4134966e+02   3.1367250e+02
   2.6686647e+02   3.2714889e+02
   2.9483560e+02   3.3401267e+02
   3.2350608e+02   3.3539731e+02
   3.4914599e+02   3.3522002e+02
   3.7389852e+02   3.2895710e+02
   3.9589795e+02   3.1583858e+02
   4.1137716e+02   2.9554887e+02
   4.2149864e+02   2.7207660e+02
   4.2712328e+02   2.4703434e+02
   4.3243169e+02   2.2201666e+02
   4.3625977e+02   1.9680729e+02
   2.3981529e+02   1.5005338e+02
   2.5343262e+02   1.4084478e+02
   2.6957539e+02   1.3806143e+02
   2.8612240e+02   1.3818918e+02
   3.0251170e+02   1.3966783e+02
   3.5508118e+02   1.4663264e+02
   3.7158741e+02   1.4524168e+02
   3.8803171e+02   1.4451158e+02
   4.0309710e+02   1.5107311e+02
   4.1653746e+02   1.6054428e+02
   3.3190101e+02   1.6726418e+02
   3.3287689e+02   1.8451758e+02
   3.3367511e+02   2.0159878e+02
   3.3133807e+02   2.1835295e+02
   3.0061048e+02   2.3128231e+02
   3.1407312e+02   2.3584633e+02
   3.2799546e+02   2.3731752e+02
   3.3908951e+02   2.3691457e+02
   3.4965407e+02   2.3393677e+02
   2.5896178e+02   1.7669378e+02
   2.7391351e+02   1.6679620e+02
   2.9166809e+02   1.6888359e+02
   3.0343476e+02   1.8211751e+02
   2.8798817e+02   1.8494581e+02
   2.7245734e+02   1.8415175e+02
   3.5081004e+02   1.8310847e+02
   3.6326995e+02   1.7090094e+02
   3.8082235e+02   1.7115856e+02
   3.9215316e+02   1.8398480e+02
   3.7865708e+02   1.8855667e+02
   3.6435872e+02   1.8751460e+02
   2.8991194e+02   2.7225116e+02
   3.0124231e+02   2.6860027e+02
   3.1269933e+02   2.6528024e+02
   3.2426805e+02   2.6724951e+02
   3.3605238e+02   2.6588843e+02
   3.4748061e+02   2.6903451e+02
   3.5853269e+02   2.7309863e+02
   3.4788695e+02   2.7836939e+02
   3.3596541e+02   2.7916357e+02
   3.2413031e+02   2.7903401e+02
   3.1230255e+02   2.7878606e+02
   3.0066926e+02   2.7695267e+02
   2.9759845e+02   2.7185794e+02
   3.1094588e+02   2.6962256e+02
   3.2415056e+02   2.7195912e+02
   3.3803492e+02   2.7044418e+02
   3.5154812e+02   2.7283151e+02
   3.3788864e+02   2.7067236e+02
   3.2425749e+02   2.7220123e+02
   3.1090395e+02   2.6991084e+02
