-4e-06 -0.378302 -0.736213 6.67966 e1e0b3f9f2e541abcd4636dd4b9dfee8 60
-4e-06 -0.135586 -0.250299 5.44886 17b38a17925485b0795422ef2952695f 60
-1e-06 -0.581578 -0.502581 3.5565 7f1092feec67fa41d99f3afc0c6ddc87 60
1e-06 -1.79829 -0.183019 0.795179 61fba2c8ffd2b6e7a875884874d5ed22 60
5e-06 -1.43838 -0.034541 0.612496 4960eb62271887e8387b8f9887171067 60
-1e-06 -1.21019 -0.046808 1.16237 2700007b2c453d0cefaa4803861a3944 60
-2e-06 1.88625 0.000541 0.287596 ac938a1e390cd82b86b66b1443c0a3d8 60
-1.9e-05 1.46804 0.000582 0.737077 0905ebc8f83579b7cf4ad15ffdd701d4 60
-3e-06 1.67365 -0.001392 0.671796 3ed41c61bec4291784dae129a28f197a 60
0.000372 -1.38354 -0.216585 2.50682 4723ad6f95aa57cefc15a54796ff9a43 60
8.2e-05 -1.65023 -0.016934 2.66958 c9c125dcaf7c27ffcf2da767c19f69de 60
1.8e-05 -1.37801 -0.07405 2.02349 c523f1272c3eb39ddaca259d832825d5 60
6e-06 -0.117042 -0.020242 9.4882 054435e414ae64e3806ffdd233637ca8 60
4e-06 -0.206539 -0.014653 11.7576 89d7a8bcf50c0bb50c6025c69a59cab4 60
1e-05 -0.600642 -0.006319 12.5396 9dc50a90e54e2267710e131a9b8c7b5e 60
1.5e-05 -0.21946 -0.192601 7.25587 b420e08a53a933966342955e92872f6e 60
5.8e-05 -0.571912 -0.314679 8.44139 74cda87b05f35d304adc8d3f90fc75d8 60
8e-06 -0.968809 -0.105352 9.55469 892384a681299fa6ba2f7a622664cf08 60
2.1e-05 0.174084 -0.009812 1.92997 a500d84ba82cc4bf8190c9fab4890f03 60
2.1e-05 -0.265614 -0.120686 2.62691 28d5d9e84036f6104612d0f5776515db 60
1.8e-05 -0.267418 -0.032187 2.21193 f57f9ed1456b0229dd9c2a79fe838c41 60
-5e-06 -0.978901 -0.072614 4.52199 c296085a37ffeb53120f3b54cfb6db65 60
-6e-06 -1.00584 -0.182268 4.74041 42ce2e3acf1268bbf811b4e0195bcf88 60
-5e-06 -1.30467 -0.031366 6.27562 dd1157e43c602e0989f3278f672b1d14 60
-3e-06 0.772351 0.595743 1.22055 c05c38d8fc068fd21f978559cf4ab319 60
-4e-06 0.022702 0.100424 1.06027 b62784f595d05f18968f07f880d9e696 60
1.6e-05 2.01556 0.445937 1.51753 02f8f03e608c41302ca125a56101db25 60
-5e-06 -0.349577 -0.000567 12.0057 2b47ba98d092949db6389d7dcc5be411 60
-3e-06 -0.092351 -0.001714 10.3877 05c2fbf157eacdc8aded14bc762c24ec 60
-3e-06 -0.548337 -0.000838 6.94924 12c7467b1c2c3e41a7d95cc1386a00a9 60
