   1.8505142e+02   1.9447599e+02
   1.8597855e+02   2.2325281e+02
   1.8916552e+02   2.5205699e+02
   1.9283744e+02   2.8052071e+02
   2.0417200e+02   3.0686178e+02
   2.2467997e+02   3.2699166e+02
   2.4675153e+02   3.4542164e+02
   2.7221511e+02   3.5847706e+02
   3.0046772e+02   3.6217214e+02
   3.2984996e+02   3.6052433e+02
   3.5753346e+02   3.5078326e+02
   3.8329802e+02   3.3652215e+02
   4.0213720e+02   3.1409848e+02
   4.1428031e+02   2.8728851e+02
   4.2291075e+02   2.5922657e+02
   4.2939994e+02   2.3052031e+02
   4.3363967e+02   2.0158513e+02
   2.0858364e+02   1.4258733e+02
   2.2384249e+02   1.3454398e+02
   2.4104578e+02   1.3218566e+02
   2.5835566e+02   1.3311039e+02
   2.7511159e+02   1.3720613e+02
   3.4324315e+02   1.4015637e+02
   3.6009226e+02   1.3770316e+02
   3.7694816e+02   1.3817884e+02
   3.9287743e+02   1.4368855e+02
   4.0747621e+02   1.5222937e+02
   3.0807992e+02   1.6108017e+02
   3.0783298e+02   1.8067238e+02
   3.0687133e+02   1.9997858e+02
   3.0492103e+02   2.1928715e+02
   2.8124994e+02   2.4091704e+02
   2.9140127e+02   2.4375385e+02
   3.0169491e+02   2.4490663e+02
   3.1215698e+02   2.4506653e+02
   3.2242494e+02   2.4427194e+02
   2.3092688e+02   1.7224560e+02
   2.4501428e+02   1.6366596e+02
   2.6148036e+02   1.6516605e+02
   2.7347445e+02   1.7629651e+02
   2.5908169e+02   1.7966266e+02
   2.4429208e+02   1.7837762e+02
   3.4190846e+02   1.7888592e+02
   3.5476731e+02   1.6972015e+02
   3.7060982e+02   1.7024987e+02
   3.8299397e+02   1.7981272e+02
   3.6977471e+02   1.8579884e+02
   3.5511564e+02   1.8489664e+02
   2.5675716e+02   2.7999455e+02
   2.6963612e+02   2.6882969e+02
   2.8528031e+02   2.6292336e+02
   3.0142455e+02   2.6688825e+02
   3.1840900e+02   2.6481540e+02
   3.3381482e+02   2.7263149e+02
   3.4733746e+02   2.8330059e+02
   3.3387269e+02   2.9329290e+02
   3.1817258e+02   2.9889829e+02
   3.0157622e+02   2.9993466e+02
   2.8500098e+02   2.9759607e+02
   2.6998462e+02   2.9001163e+02
   2.6490894e+02   2.7943110e+02
   2.8324673e+02   2.7705684e+02
   3.0152118e+02   2.7873474e+02
   3.1968367e+02   2.7938097e+02
   3.3694228e+02   2.8412220e+02
   3.1941800e+02   2.8441896e+02
   3.0126526e+02   2.8465939e+02
   2.8258189e+02   2.8215616e+02
