   1.8538811e+02   1.9464394e+02
   1.8631982e+02   2.2330373e+02
   1.8950457e+02   2.5199015e+02
   1.9316138e+02   2.8033860e+02
   2.0441772e+02   3.0658990e+02
   2.2482621e+02   3.2664909e+02
   2.4680472e+02   3.4501442e+02
   2.7225044e+02   3.5780323e+02
   3.0041080e+02   3.6152500e+02
   3.2969730e+02   3.5988099e+02
   3.5741921e+02   3.5042685e+02
   3.8310470e+02   3.3620211e+02
   4.0188051e+02   3.1383667e+02
   4.1397827e+02   2.8710108e+02
   4.2257318e+02   2.5911850e+02
   4.2903296e+02   2.3049392e+02
   4.3324976e+02   2.0164208e+02
   2.0883249e+02   1.4289895e+02
   2.2401088e+02   1.3489118e+02
   2.4105789e+02   1.3214607e+02
   2.5826073e+02   1.3302201e+02
   2.7487336e+02   1.3713209e+02
   3.4309619e+02   1.4028122e+02
   3.5999743e+02   1.3796932e+02
   3.7684442e+02   1.3815068e+02
   3.9275064e+02   1.4371925e+02
   4.0749349e+02   1.5206354e+02
   3.0831000e+02   1.5953808e+02
   3.0814937e+02   1.7977278e+02
   3.0731038e+02   1.9968266e+02
   3.0528187e+02   2.1959567e+02
   2.8199383e+02   2.4162709e+02
   2.9187224e+02   2.4435144e+02
   3.0192474e+02   2.4512092e+02
   3.1188151e+02   2.4540757e+02
   3.2167751e+02   2.4499814e+02
   2.3088871e+02   1.7272316e+02
   2.4496092e+02   1.6339203e+02
   2.6178568e+02   1.6509923e+02
   2.7383520e+02   1.7680501e+02
   2.5933346e+02   1.8075797e+02
   2.4429419e+02   1.7935288e+02
   3.4157934e+02   1.7918009e+02
   3.5441657e+02   1.6958876e+02
   3.7042789e+02   1.7001652e+02
   3.8262452e+02   1.8018028e+02
   3.6952186e+02   1.8702599e+02
   3.5470142e+02   1.8602570e+02
   2.6094615e+02   2.8242645e+02
   2.7240605e+02   2.7147703e+02
   2.8654082e+02   2.6488074e+02
   3.0132850e+02   2.6872775e+02
   3.1680004e+02   2.6669307e+02
   3.3057512e+02   2.7445672e+02
   3.4235360e+02   2.8503420e+02
   3.3029799e+02   2.9364522e+02
   3.1624224e+02   2.9808951e+02
   3.0153246e+02   2.9881053e+02
   2.8674555e+02   2.9722340e+02
   2.7335616e+02   2.9056206e+02
   2.6985780e+02   2.8155146e+02
   2.8562112e+02   2.7952641e+02
   3.0129824e+02   2.8085929e+02
   3.1669510e+02   2.8147158e+02
   3.3130129e+02   2.8563146e+02
   3.1641438e+02   2.8298576e+02
   3.0113812e+02   2.8242894e+02
   2.8532400e+02   2.8098490e+02
