   1.8473850e+02   1.9471128e+02
   1.8568359e+02   2.2366470e+02
   1.8889355e+02   2.5264454e+02
   1.9263205e+02   2.8127687e+02
   2.0419724e+02   3.0769811e+02
   2.2492291e+02   3.2787925e+02
   2.4717122e+02   3.4635096e+02
   2.7249125e+02   3.6025197e+02
   3.0083869e+02   3.6377036e+02
   3.3031083e+02   3.6207888e+02
   3.5758122e+02   3.5130668e+02
   3.8338697e+02   3.3699981e+02
   4.0225907e+02   3.1453295e+02
   4.1442166e+02   2.8766916e+02
   4.2306478e+02   2.5955136e+02
   4.2956217e+02   2.3078956e+02
   4.3380586e+02   2.0179812e+02
   2.0830847e+02   1.4271941e+02
   2.2371866e+02   1.3459229e+02
   2.4135209e+02   1.3368323e+02
   2.5890849e+02   1.3475648e+02
   2.7605665e+02   1.3873508e+02
   3.4322738e+02   1.4080983e+02
   3.5972234e+02   1.3782286e+02
   3.7646094e+02   1.3937579e+02
   3.9233956e+02   1.4459011e+02
   4.0627768e+02   1.5377145e+02
   3.0700935e+02   1.6786617e+02
   3.0646478e+02   1.8486486e+02
   3.0507524e+02   2.0172748e+02
   3.0346129e+02   2.1858963e+02
   2.7859486e+02   2.3855045e+02
   2.8968498e+02   2.4176732e+02
   3.0079600e+02   2.4433398e+02
   3.1306221e+02   2.4399670e+02
   3.2500751e+02   2.4174250e+02
   2.3157044e+02   1.7144831e+02
   2.4557909e+02   1.6575157e+02
   2.6054723e+02   1.6643720e+02
   2.7223621e+02   1.7528541e+02
   2.5838528e+02   1.7643493e+02
   2.4466815e+02   1.7563337e+02
   3.4264629e+02   1.7855058e+02
   3.5545860e+02   1.7104929e+02
   3.7052351e+02   1.7193515e+02
   3.8351005e+02   1.7913158e+02
   3.6997568e+02   1.8185131e+02
   3.5605629e+02   1.8134689e+02
   2.4141677e+02   2.7085762e+02
   2.5949644e+02   2.5895533e+02
   2.8066998e+02   2.5566358e+02
   3.0177498e+02   2.6000219e+02
   3.2429035e+02   2.5776894e+02
   3.4569994e+02   2.6567682e+02
   3.6567448e+02   2.7656103e+02
   3.4705795e+02   2.9168621e+02
   3.2533389e+02   3.0164136e+02
   3.0179833e+02   3.0389188e+02
   2.7864070e+02   2.9878592e+02
   2.5762555e+02   2.8783307e+02
   2.4663826e+02   2.7146392e+02
   2.7448387e+02   2.6775306e+02
   3.0236354e+02   2.7066784e+02
   3.3076139e+02   2.7138965e+02
   3.5784778e+02   2.7822972e+02
   3.3058668e+02   2.8963268e+02
   3.0178864e+02   2.9291577e+02
   2.7247515e+02   2.8650013e+02
