   2.0169152e+02   2.1265002e+02
   2.0850287e+02   2.4058249e+02
   2.1561714e+02   2.6822758e+02
   2.2366379e+02   2.9593761e+02
   2.3495132e+02   3.2218557e+02
   2.5089784e+02   3.4568237e+02
   2.7203784e+02   3.6489679e+02
   2.9730789e+02   3.7792687e+02
   3.2542785e+02   3.8147925e+02
   3.5347077e+02   3.7699000e+02
   3.7855327e+02   3.6397849e+02
   3.9835523e+02   3.4365333e+02
   4.1332970e+02   3.1945522e+02
   4.2151821e+02   2.9224967e+02
   4.2641126e+02   2.6420727e+02
   4.3191357e+02   2.3622782e+02
   4.3488124e+02   2.0825024e+02
   2.2790604e+02   1.8601989e+02
   2.3954997e+02   1.7435051e+02
   2.5676614e+02   1.7337272e+02
   2.7398432e+02   1.7094534e+02
   2.9090138e+02   1.6786816e+02
   3.4033149e+02   1.6604985e+02
   3.6040845e+02   1.6509622e+02
   3.8033727e+02   1.6317586e+02
   3.9954424e+02   1.6759130e+02
   4.1333347e+02   1.8148224e+02
   3.1858570e+02   1.9111463e+02
   3.1857608e+02   2.1260123e+02
   3.1790703e+02   2.3394131e+02
   3.1747727e+02   2.5531818e+02
   2.9577359e+02   2.6916536e+02
   3.0697022e+02   2.7091738e+02
   3.1802938e+02   2.7293256e+02
   3.3025623e+02   2.7064454e+02
   3.4251797e+02   2.7078861e+02
   2.5222150e+02   2.0557410e+02
   2.6493461e+02   2.0223980e+02
   2.7825528e+02   2.0112120e+02
   2.9016612e+02   2.0193837e+02
   2.7761139e+02   2.0537787e+02
   2.6477890e+02   2.0632368e+02
   3.4794451e+02   1.9986905e+02
   3.6006234e+02   1.9516426e+02
   3.7376982e+02   1.9414855e+02
   3.8677554e+02   1.9677035e+02
   3.7417934e+02   1.9913851e+02
   3.6103055e+02   1.9907490e+02
   2.8502900e+02   3.0888992e+02
   2.9418709e+02   2.9820976e+02
   3.0736138e+02   2.9212168e+02
   3.2133449e+02   2.9477540e+02
   3.3636818e+02   2.9159980e+02
   3.5097363e+02   2.9654361e+02
   3.6266331e+02   3.0581121e+02
   3.5409918e+02   3.1899610e+02
   3.4006113e+02   3.2637462e+02
   3.2405217e+02   3.2772394e+02
   3.0843788e+02   3.2624071e+02
   2.9418606e+02   3.2061730e+02
   2.9076294e+02   3.0843173e+02
   3.0597035e+02   3.0321288e+02
   3.2208765e+02   3.0503544e+02
   3.3964416e+02   3.0348636e+02
   3.5616185e+02   3.0581266e+02
   3.3935609e+02   3.0798301e+02
   3.2261182e+02   3.1104196e+02
   3.0631046e+02   3.0842541e+02
