   1.7064697e+02   2.3112835e+02
   1.7034187e+02   2.5943316e+02
   1.7312209e+02   2.8745407e+02
   1.7787550e+02   3.1513307e+02
   1.8784241e+02   3.4146073e+02
   2.0332453e+02   3.6497177e+02
   2.2529321e+02   3.8236013e+02
   2.5111712e+02   3.9305134e+02
   2.7881617e+02   3.9659870e+02
   3.0697559e+02   3.9238651e+02
   3.3212672e+02   3.7857823e+02
   3.5432990e+02   3.6044998e+02
   3.6917202e+02   3.3611087e+02
   3.7769617e+02   3.0882289e+02
   3.8167850e+02   2.8040080e+02
   3.8271832e+02   2.5165758e+02
   3.8220104e+02   2.2318562e+02
   1.8146597e+02   2.0744584e+02
   1.9056857e+02   1.9331001e+02
   2.0653789e+02   1.8714194e+02
   2.2367183e+02   1.8785566e+02
   2.4043937e+02   1.9154878e+02
   2.9781299e+02   1.8780697e+02
   3.1383360e+02   1.8325467e+02
   3.2993059e+02   1.7959244e+02
   3.4585975e+02   1.8385420e+02
   3.5886339e+02   1.9382620e+02
   2.7322235e+02   2.2656143e+02
   2.7342562e+02   2.4697041e+02
   2.7262146e+02   2.6711121e+02
   2.7276476e+02   2.8731790e+02
   2.4671680e+02   2.9963034e+02
   2.6029161e+02   3.0156250e+02
   2.7351965e+02   3.0372417e+02
   2.8665243e+02   3.0093129e+02
   2.9966690e+02   2.9802894e+02
   2.0544521e+02   2.2869675e+02
   2.1807843e+02   2.1893373e+02
   2.3412277e+02   2.2128586e+02
   2.4452548e+02   2.3351429e+02
   2.3070413e+02   2.3647904e+02
   2.1668571e+02   2.3642550e+02
   3.0086726e+02   2.3022358e+02
   3.1064157e+02   2.1865971e+02
   3.2574915e+02   2.1652504e+02
   3.3840411e+02   2.2466294e+02
   3.2736125e+02   2.3197442e+02
   3.1394155e+02   2.3285116e+02
   2.3341849e+02   3.4098052e+02
   2.4663802e+02   3.3120516e+02
   2.6045052e+02   3.2266842e+02
   2.7626485e+02   3.2352722e+02
   2.9265272e+02   3.2151048e+02
   3.0775511e+02   3.2865018e+02
   3.2089987e+02   3.3897722e+02
   3.0786799e+02   3.4845482e+02
   2.9466983e+02   3.5735239e+02
   2.7909007e+02   3.5785291e+02
   2.6229442e+02   3.5848417e+02
   2.4739822e+02   3.5062391e+02
   2.4435198e+02   3.4071494e+02
   2.5917569e+02   3.3186114e+02
   2.7627875e+02   3.3218794e+02
   2.9494265e+02   3.3112716e+02
   3.1155764e+02   3.3921904e+02
   2.9493174e+02   3.4533033e+02
   2.7748204e+02   3.4704570e+02
   2.6026983e+02   3.4683892e+02
