   1.8941215e+02   2.3140376e+02
   1.9260236e+02   2.5655071e+02
   1.9714594e+02   2.8142526e+02
   2.0376339e+02   3.0576788e+02
   2.1375513e+02   3.2874480e+02
   2.2914057e+02   3.4879135e+02
   2.4632021e+02   3.6720250e+02
   2.6677431e+02   3.8163858e+02
   2.9128241e+02   3.8524424e+02
   3.1696931e+02   3.8232771e+02
   3.3888296e+02   3.6814841e+02
   3.5889678e+02   3.5148252e+02
   3.7360870e+02   3.3017813e+02
   3.7962539e+02   3.0481467e+02
   3.8508028e+02   2.7926712e+02
   3.8898787e+02   2.5342983e+02
   3.8977103e+02   2.2744566e+02
   2.0664323e+02   2.2211969e+02
   2.1884209e+02   2.1569240e+02
   2.3241551e+02   2.1317391e+02
   2.4623544e+02   2.1315521e+02
   2.5992216e+02   2.1446921e+02
   3.0939133e+02   2.1505304e+02
   3.2276858e+02   2.1149199e+02
   3.3623318e+02   2.0835816e+02
   3.4987243e+02   2.1067857e+02
   3.6298016e+02   2.1477269e+02
   2.8342900e+02   2.2263307e+02
   2.8578832e+02   2.3938287e+02
   2.8756069e+02   2.5593807e+02
   2.8831695e+02   2.7264467e+02
   2.6994381e+02   2.9750474e+02
   2.7965500e+02   3.0058230e+02
   2.8966082e+02   3.0192919e+02
   2.9956046e+02   3.0037087e+02
   3.0909200e+02   2.9780070e+02
   2.3107631e+02   2.4155960e+02
   2.3987736e+02   2.3402236e+02
   2.5146959e+02   2.3404882e+02
   2.6139469e+02   2.4008561e+02
   2.5170364e+02   2.4466584e+02
   2.4108898e+02   2.4514637e+02
   3.1763929e+02   2.3568132e+02
   3.2705770e+02   2.2989264e+02
   3.3811242e+02   2.3025892e+02
   3.4708492e+02   2.3656921e+02
   3.3731713e+02   2.4091754e+02
   3.2674926e+02   2.4082329e+02
   2.5771688e+02   3.2947070e+02
   2.6864562e+02   3.2413448e+02
   2.7998107e+02   3.2060043e+02
   2.9098831e+02   3.2444789e+02
   3.0313524e+02   3.2149576e+02
   3.1536753e+02   3.2455684e+02
   3.2628874e+02   3.3067455e+02
   3.1528413e+02   3.3809839e+02
   3.0359579e+02   3.4418798e+02
   2.9070478e+02   3.4535021e+02
   2.7827541e+02   3.4370364e+02
   2.6714414e+02   3.3770821e+02
   2.6285483e+02   3.3015243e+02
   2.7712763e+02   3.2861415e+02
   2.9145667e+02   3.2917868e+02
   3.0495931e+02   3.2832632e+02
   3.1809956e+02   3.3104483e+02
   3.0473456e+02   3.3204586e+02
   2.9136900e+02   3.3231317e+02
   2.7704239e+02   3.3137635e+02
