   2.1307383e+02   2.4617143e+02
   2.1520231e+02   2.7897375e+02
   2.2008812e+02   3.1139500e+02
   2.2924421e+02   3.4291870e+02
   2.4067684e+02   3.7340601e+02
   2.5467639e+02   4.0296438e+02
   2.7487258e+02   4.2857944e+02
   2.9914275e+02   4.5057889e+02
   3.2998765e+02   4.5578890e+02
   3.5952445e+02   4.4328485e+02
   3.8249948e+02   4.2064691e+02
   4.0094816e+02   3.9394435e+02
   4.1484119e+02   3.6481511e+02
   4.2836473e+02   3.3539333e+02
   4.3608822e+02   3.0406209e+02
   4.3997678e+02   2.7189548e+02
   4.4043592e+02   2.3967808e+02
   2.2964616e+02   2.0568471e+02
   2.4216976e+02   1.8804681e+02
   2.6052845e+02   1.7722385e+02
   2.8166782e+02   1.7949259e+02
   3.0236537e+02   1.8499580e+02
   3.6143317e+02   1.7899184e+02
   3.7962061e+02   1.7395633e+02
   3.9796070e+02   1.7046985e+02
   4.1421116e+02   1.7911309e+02
   4.2406743e+02   1.9491679e+02
   3.3486466e+02   2.1377199e+02
   3.3493627e+02   2.3917472e+02
   3.3612237e+02   2.6455073e+02
   3.3693703e+02   2.8977622e+02
   3.0289374e+02   3.0751716e+02
   3.1719523e+02   3.1144188e+02
   3.3182940e+02   3.1266549e+02
   3.4573078e+02   3.1077257e+02
   3.5886825e+02   3.0599890e+02
   2.5173281e+02   2.3057365e+02
   2.6691071e+02   2.1641476e+02
   2.8809777e+02   2.1801746e+02
   3.0451615e+02   2.3110016e+02
   2.8671670e+02   2.3634273e+02
   2.6844915e+02   2.3757713e+02
   3.5703110e+02   2.3264352e+02
   3.7243278e+02   2.1791061e+02
   3.9385687e+02   2.1582821e+02
   4.0854553e+02   2.3056469e+02
   3.9249628e+02   2.3916902e+02
   3.7423388e+02   2.3843887e+02
   2.8507521e+02   3.6183405e+02
   2.9294730e+02   3.4147105e+02
   3.1018104e+02   3.2846385e+02
   3.3149860e+02   3.2640771e+02
   3.5122402e+02   3.2738837e+02
   3.6469727e+02   3.4220588e+02
   3.6936306e+02   3.6196199e+02
   3.6239515e+02   3.8871131e+02
   3.4711321e+02   4.1133109e+02
   3.2227093e+02   4.2059059e+02
   3.0019894e+02   4.0969051e+02
   2.8965079e+02   3.8669693e+02
   2.9491549e+02   3.6289016e+02
   3.0475577e+02   3.4341766e+02
   3.3072806e+02   3.3886102e+02
   3.5320967e+02   3.4505887e+02
   3.6128637e+02   3.6514770e+02
   3.4954217e+02   3.8523654e+02
   3.2320600e+02   3.9974393e+02
   3.0246983e+02   3.8236267e+02
