   2.1587062e+02   2.5797049e+02
   2.1829726e+02   2.8865539e+02
   2.2305707e+02   3.1911905e+02
   2.2948166e+02   3.4893333e+02
   2.4334411e+02   3.7638033e+02
   2.5892408e+02   4.0268071e+02
   2.8135384e+02   4.2371052e+02
   3.0505148e+02   4.4288232e+02
   3.3454468e+02   4.4554367e+02
   3.6402395e+02   4.3672451e+02
   3.8868566e+02   4.1801143e+02
   4.0914973e+02   3.9456575e+02
   4.2287021e+02   3.6697448e+02
   4.3380888e+02   3.3787520e+02
   4.3959733e+02   3.0733680e+02
   4.4568634e+02   2.7705660e+02
   4.4414950e+02   2.4637248e+02
   2.3465743e+02   2.2509867e+02
   2.4927374e+02   2.1204130e+02
   2.6742185e+02   2.0572232e+02
   2.8657711e+02   2.0927746e+02
   3.0506971e+02   2.1516029e+02
   3.5849939e+02   2.1618145e+02
   3.7568790e+02   2.0780649e+02
   3.9399907e+02   2.0307891e+02
   4.1287135e+02   2.0448474e+02
   4.2720352e+02   2.1611605e+02
   3.3613317e+02   2.4155125e+02
   3.3675009e+02   2.6497683e+02
   3.3825916e+02   2.8832141e+02
   3.3774925e+02   3.1139846e+02
   3.0747581e+02   3.2273823e+02
   3.2139244e+02   3.3003012e+02
   3.3696416e+02   3.3158038e+02
   3.5078058e+02   3.2913436e+02
   3.6280640e+02   3.2198193e+02
   2.5662688e+02   2.5006848e+02
   2.7317188e+02   2.3893298e+02
   2.9317557e+02   2.3991459e+02
   3.0849772e+02   2.5240432e+02
   2.9108792e+02   2.5647696e+02
   2.7338310e+02   2.5579635e+02
   3.6206342e+02   2.5237877e+02
   3.7640426e+02   2.3877240e+02
   3.9627939e+02   2.3705957e+02
   4.1132279e+02   2.4928999e+02
   3.9545777e+02   2.5508408e+02
   3.7862883e+02   2.5524512e+02
   2.9041559e+02   3.6435838e+02
   3.0363049e+02   3.5488507e+02
   3.1913002e+02   3.4945146e+02
   3.3524772e+02   3.5114816e+02
   3.5083574e+02   3.4808362e+02
   3.6497903e+02   3.5607661e+02
   3.7697613e+02   3.6677616e+02
   3.6463672e+02   3.7824534e+02
   3.4973145e+02   3.8630007e+02
   3.3306750e+02   3.8946880e+02
   3.1597089e+02   3.8568801e+02
   3.0081842e+02   3.7771093e+02
   3.0118226e+02   3.6451583e+02
   3.1194892e+02   3.6341790e+02
   3.3354775e+02   3.6450059e+02
   3.5543289e+02   3.6563771e+02
   3.6620451e+02   3.6680283e+02
   3.5538477e+02   3.6796796e+02
   3.3353528e+02   3.6934410e+02
   3.1180562e+02   3.6561376e+02
