   2.1194733e+02   2.4669396e+02
   2.1373675e+02   2.7860760e+02
   2.1882889e+02   3.1017314e+02
   2.2833880e+02   3.4067758e+02
   2.3686602e+02   3.7117428e+02
   2.5070899e+02   3.9996952e+02
   2.7079054e+02   4.2475996e+02
   2.9331884e+02   4.4715826e+02
   3.2249213e+02   4.5776938e+02
   3.5396046e+02   4.4798125e+02
   3.7721248e+02   4.2410254e+02
   3.9654842e+02   3.9675405e+02
   4.0941743e+02   3.6595268e+02
   4.2238151e+02   3.3499122e+02
   4.3292895e+02   3.0358936e+02
   4.3896735e+02   2.7057079e+02
   4.4053700e+02   2.3741814e+02
   2.2979046e+02   2.0169109e+02
   2.4302296e+02   1.8362915e+02
   2.6276420e+02   1.7340459e+02
   2.8473359e+02   1.7635135e+02
   3.0596578e+02   1.8307692e+02
   3.6280553e+02   1.7589262e+02
   3.8152967e+02   1.7073313e+02
   4.0077265e+02   1.6992077e+02
   4.1607503e+02   1.8094541e+02
   4.2559764e+02   1.9768594e+02
   3.3610107e+02   2.1610581e+02
   3.3604920e+02   2.4145467e+02
   3.3710247e+02   2.6678159e+02
   3.3769991e+02   2.9196122e+02
   3.0023193e+02   2.9989968e+02
   3.1445406e+02   3.0415277e+02
   3.2914075e+02   3.0599545e+02
   3.4367920e+02   3.0452338e+02
   3.5749547e+02   3.0024465e+02
   2.4838194e+02   2.2617075e+02
   2.6383746e+02   2.1137271e+02
   2.8585138e+02   2.1218751e+02
   3.0291231e+02   2.2538630e+02
   2.8508988e+02   2.3178052e+02
   2.6632895e+02   2.3195187e+02
   3.5626508e+02   2.2685396e+02
   3.7267849e+02   2.1444358e+02
   3.9322641e+02   2.1335638e+02
   4.0815104e+02   2.2686051e+02
   3.9130972e+02   2.3468059e+02
   3.7289249e+02   2.3465062e+02
   2.8201644e+02   3.5596480e+02
   2.9037591e+02   3.3558405e+02
   3.0794262e+02   3.2223914e+02
   3.2952299e+02   3.2000728e+02
   3.4994700e+02   3.2161768e+02
   3.6322983e+02   3.3766133e+02
   3.6725229e+02   3.5815492e+02
   3.5897836e+02   3.8503300e+02
   3.4374567e+02   4.0853931e+02
   3.1884659e+02   4.1948380e+02
   2.9685944e+02   4.0592828e+02
   2.8726736e+02   3.8160932e+02
   2.9171947e+02   3.5792148e+02
   3.0142249e+02   3.3726202e+02
   3.2761925e+02   3.3404565e+02
   3.5111919e+02   3.4015106e+02
   3.5918574e+02   3.6134576e+02
   3.4679649e+02   3.8254047e+02
   3.1958276e+02   3.9835608e+02
   2.9907844e+02   3.7858094e+02
