   1.7912307e+02   2.1854433e+02
   1.8297524e+02   2.4907961e+02
   1.9169026e+02   2.7857338e+02
   2.0252251e+02   3.0754539e+02
   2.1228345e+02   3.3676863e+02
   2.2598938e+02   3.6395260e+02
   2.4751491e+02   3.8597019e+02
   2.7287320e+02   4.0318103e+02
   3.0281701e+02   4.0740544e+02
   3.3169461e+02   4.0087449e+02
   3.5620383e+02   3.8482038e+02
   3.7450661e+02   3.6150988e+02
   3.8992953e+02   3.3658089e+02
   4.0139358e+02   3.0936433e+02
   4.0997946e+02   2.8102161e+02
   4.1313894e+02   2.5163868e+02
   4.1724106e+02   2.2264369e+02
   2.0261768e+02   1.8407597e+02
   2.1528733e+02   1.7420216e+02
   2.3060359e+02   1.6927911e+02
   2.4646613e+02   1.6680223e+02
   2.6146994e+02   1.7151198e+02
   3.2785669e+02   1.7191418e+02
   3.4334323e+02   1.6947361e+02
   3.5878903e+02   1.6856666e+02
   3.7381522e+02   1.7253552e+02
   3.8681999e+02   1.8075037e+02
   2.9313781e+02   2.1058720e+02
   2.9393827e+02   2.3276450e+02
   2.9443479e+02   2.5472165e+02
   2.9474425e+02   2.7672685e+02
   2.7178864e+02   2.8323951e+02
   2.8329031e+02   2.8883548e+02
   2.9566227e+02   2.9104930e+02
   3.0935440e+02   2.8805046e+02
   3.2165313e+02   2.8170683e+02
   2.2409303e+02   2.1301580e+02
   2.3797209e+02   2.0171718e+02
   2.5595706e+02   2.0398254e+02
   2.6783921e+02   2.1729605e+02
   2.5268768e+02   2.2010562e+02
   2.3740984e+02   2.1988559e+02
   3.2443359e+02   2.1598636e+02
   3.3713218e+02   2.0268380e+02
   3.5502285e+02   1.9956671e+02
   3.6825743e+02   2.1138794e+02
   3.5514733e+02   2.1893626e+02
   3.3974078e+02   2.1754424e+02
   2.6412480e+02   3.3109671e+02
   2.7261715e+02   3.1898832e+02
   2.8556754e+02   3.1231224e+02
   2.9907287e+02   3.1644707e+02
   3.1284306e+02   3.1095942e+02
   3.2677135e+02   3.1659474e+02
   3.3556195e+02   3.2876053e+02
   3.2512470e+02   3.4029686e+02
   3.1381926e+02   3.5062614e+02
   2.9946992e+02   3.5599814e+02
   2.8523210e+02   3.5194074e+02
   2.7354074e+02   3.4261675e+02
   2.7498584e+02   3.2892675e+02
   2.8634529e+02   3.2200101e+02
   2.9906742e+02   3.2459522e+02
   3.1075539e+02   3.2105702e+02
   3.2133656e+02   3.2708577e+02
   3.1134605e+02   3.3631143e+02
   2.9861303e+02   3.3988752e+02
   2.8522051e+02   3.3777401e+02
