   1.7826184e+02   2.1966770e+02
   1.8412696e+02   2.5062161e+02
   1.9344697e+02   2.8080299e+02
   2.0499166e+02   3.1019147e+02
   2.1384698e+02   3.4057876e+02
   2.2848641e+02   3.6812758e+02
   2.4933702e+02   3.9194648e+02
   2.7510626e+02   4.0973388e+02
   3.0542303e+02   4.1641213e+02
   3.3420264e+02   4.0816170e+02
   3.5741327e+02   3.8970225e+02
   3.7497967e+02   3.6534949e+02
   3.8887796e+02   3.3893454e+02
   4.0043970e+02   3.1124312e+02
   4.0916989e+02   2.8247050e+02
   4.1291510e+02   2.5266818e+02
   4.1698656e+02   2.2322265e+02
   2.0542175e+02   1.6552841e+02
   2.1780664e+02   1.5364349e+02
   2.3413202e+02   1.4799243e+02
   2.5118938e+02   1.4500610e+02
   2.6620853e+02   1.5292975e+02
   3.3088886e+02   1.5183688e+02
   3.4702254e+02   1.4947479e+02
   3.6301035e+02   1.4787597e+02
   3.7789894e+02   1.5378235e+02
   3.8921388e+02   1.6512703e+02
   2.9597370e+02   1.9419317e+02
   2.9598960e+02   2.1685500e+02
   2.9595135e+02   2.3935585e+02
   2.9641068e+02   2.6186203e+02
   2.7466324e+02   2.6871181e+02
   2.8621110e+02   2.7362645e+02
   2.9833436e+02   2.7598496e+02
   3.1116848e+02   2.7485686e+02
   3.2281606e+02   2.6960539e+02
   2.2726393e+02   2.0175042e+02
   2.3927063e+02   1.8934141e+02
   2.5708891e+02   1.9135934e+02
   2.6902444e+02   2.0425124e+02
   2.5505512e+02   2.0904947e+02
   2.4020039e+02   2.0871537e+02
   3.2745793e+02   2.0208119e+02
   3.4066739e+02   1.8982267e+02
   3.5832005e+02   1.8723836e+02
   3.7020195e+02   1.9964167e+02
   3.5755260e+02   2.0806181e+02
   3.4213295e+02   2.0637552e+02
   2.6878496e+02   3.3027616e+02
   2.7392151e+02   3.1340831e+02
   2.8537145e+02   3.0116563e+02
   3.0125506e+02   3.0316521e+02
   3.1794139e+02   3.0028750e+02
   3.3018394e+02   3.1290891e+02
   3.3482664e+02   3.3090012e+02
   3.2654136e+02   3.4838087e+02
   3.1802203e+02   3.6574496e+02
   3.0102537e+02   3.7331952e+02
   2.8409257e+02   3.6575250e+02
   2.7437181e+02   3.4937434e+02
   2.7603481e+02   3.2987837e+02
   2.8510270e+02   3.1447910e+02
   3.0127209e+02   3.1257619e+02
   3.1749303e+02   3.1352096e+02
   3.2594105e+02   3.2837335e+02
   3.1721109e+02   3.4795541e+02
   3.0083420e+02   3.5766589e+02
   2.8441772e+02   3.4870213e+02
