   1.7896477e+02   2.1870087e+02
   1.8240164e+02   2.4909491e+02
   1.9113410e+02   2.7838707e+02
   2.0148559e+02   3.0731467e+02
   2.1186358e+02   3.3607299e+02
   2.2526514e+02   3.6325985e+02
   2.4723563e+02   3.8445125e+02
   2.7303841e+02   4.0054611e+02
   3.0282841e+02   4.0501632e+02
   3.3153184e+02   3.9890668e+02
   3.5579451e+02   3.8283643e+02
   3.7459939e+02   3.6021901e+02
   3.9052904e+02   3.3577622e+02
   4.0174482e+02   3.0871131e+02
   4.1018231e+02   2.8051079e+02
   4.1319642e+02   2.5136210e+02
   4.1725501e+02   2.2253001e+02
   2.0235781e+02   1.8628069e+02
   2.1471555e+02   1.7694147e+02
   2.2953023e+02   1.7229181e+02
   2.4480914e+02   1.6988534e+02
   2.5958635e+02   1.7316567e+02
   3.2811700e+02   1.7370754e+02
   3.4335212e+02   1.7138107e+02
   3.5860884e+02   1.7079251e+02
   3.7347709e+02   1.7453197e+02
   3.8662678e+02   1.8210118e+02
   2.9282940e+02   2.1179196e+02
   2.9371300e+02   2.3395372e+02
   2.9427493e+02   2.5589169e+02
   2.9460277e+02   2.7788148e+02
   2.7155250e+02   2.8440773e+02
   2.8306892e+02   2.9004031e+02
   2.9547153e+02   2.9222974e+02
   3.0922902e+02   2.8908136e+02
   3.2157397e+02   2.8264066e+02
   2.2370034e+02   2.1396159e+02
   2.3770605e+02   2.0270956e+02
   2.5572133e+02   2.0497020e+02
   2.6762797e+02   2.1830875e+02
   2.5234662e+02   2.2121838e+02
   2.3697973e+02   2.2108792e+02
   3.2414465e+02   2.1698435e+02
   3.3689443e+02   2.0381941e+02
   3.5467601e+02   2.0061199e+02
   3.6807306e+02   2.1217561e+02
   3.5477810e+02   2.1935370e+02
   3.3940991e+02   2.1844532e+02
   2.6275533e+02   3.3077061e+02
   2.7232814e+02   3.1973303e+02
   2.8553226e+02   3.1372300e+02
   2.9895267e+02   3.1808144e+02
   3.1221586e+02   3.1238790e+02
   3.2615693e+02   3.1673630e+02
   3.3611262e+02   3.2697542e+02
   3.2540006e+02   3.3740460e+02
   3.1362074e+02   3.4626989e+02
   2.9968317e+02   3.5120102e+02
   2.8561575e+02   3.4806724e+02
   2.7338466e+02   3.4018775e+02
   2.7497334e+02   3.2815057e+02
   2.8663623e+02   3.2336896e+02
   2.9895724e+02   3.2585139e+02
   3.1032747e+02   3.2205733e+02
   3.2133114e+02   3.2626994e+02
   3.1082601e+02   3.3255970e+02
   2.9865252e+02   3.3564345e+02
   2.8579417e+02   3.3411824e+02
