   1.7851041e+02   2.1866315e+02
   1.8159787e+02   2.4900890e+02
   1.9038659e+02   2.7820980e+02
   2.0020747e+02   3.0721405e+02
   2.1122850e+02   3.3560776e+02
   2.2434404e+02   3.6292276e+02
   2.4681150e+02   3.8337142e+02
   2.7322807e+02   3.9824964e+02
   3.0294039e+02   4.0330446e+02
   3.3150708e+02   3.9757035e+02
   3.5543357e+02   3.8125155e+02
   3.7486005e+02   3.5934241e+02
   3.9133679e+02   3.3530783e+02
   4.0233133e+02   3.0832982e+02
   4.1066727e+02   2.8020147e+02
   4.1361295e+02   2.5122615e+02
   4.1767001e+02   2.2248083e+02
   2.0222462e+02   1.8681500e+02
   2.1422468e+02   1.7792866e+02
   2.2857366e+02   1.7355232e+02
   2.4330235e+02   1.7120106e+02
   2.5783719e+02   1.7308803e+02
   3.2897238e+02   1.7375486e+02
   3.4400772e+02   1.7159104e+02
   3.5912770e+02   1.7134380e+02
   3.7382550e+02   1.7502118e+02
   3.8701383e+02   1.8214496e+02
   2.9283223e+02   2.1152206e+02
   2.9371181e+02   2.3376925e+02
   2.9427135e+02   2.5579258e+02
   2.9460375e+02   2.7786762e+02
   2.7148425e+02   2.8442344e+02
   2.8304347e+02   2.9006773e+02
   2.9548827e+02   2.9226567e+02
   3.0928513e+02   2.8912583e+02
   3.2166657e+02   2.8267309e+02
   2.2345592e+02   2.1376340e+02
   2.3749039e+02   2.0245652e+02
   2.5556919e+02   2.0472103e+02
   2.6752068e+02   2.1810210e+02
   2.5215248e+02   2.2130385e+02
   2.3667882e+02   2.2124748e+02
   3.2426278e+02   2.1675899e+02
   3.3717657e+02   2.0384336e+02
   3.5485447e+02   2.0059608e+02
   3.6833699e+02   2.1195356e+02
   3.5481638e+02   2.1876510e+02
   3.3945699e+02   2.1838796e+02
   2.6139993e+02   3.3037984e+02
   2.7200371e+02   3.2017292e+02
   2.8541367e+02   3.1444845e+02
   2.9898222e+02   3.1890553e+02
   3.1195142e+02   3.1321363e+02
   3.2577963e+02   3.1669816e+02
   3.3676039e+02   3.2519756e+02
   3.2587553e+02   3.3485822e+02
   3.1374279e+02   3.4262104e+02
   3.0001064e+02   3.4721922e+02
   2.8586457e+02   3.4484387e+02
   2.7314663e+02   3.3800773e+02
   2.7495296e+02   3.2739207e+02
   2.8680493e+02   3.2441002e+02
   2.9898894e+02   3.2635721e+02
   3.1044002e+02   3.2268046e+02
   3.2177604e+02   3.2555658e+02
   3.1072867e+02   3.2927464e+02
   2.9885613e+02   3.3233169e+02
   2.8632396e+02   3.3084984e+02
