   2.0308626e+02   2.0994659e+02
   2.0392917e+02   2.3884834e+02
   2.0691097e+02   2.6710455e+02
   2.1286549e+02   2.9529864e+02
   2.2228162e+02   3.2224867e+02
   2.4012417e+02   3.4457183e+02
   2.6254451e+02   3.6228675e+02
   2.8896926e+02   3.7333772e+02
   3.1660743e+02   3.8096306e+02
   3.4321832e+02   3.7860852e+02
   3.6705751e+02   3.6666759e+02
   3.8614252e+02   3.4807757e+02
   4.0364793e+02   3.2783065e+02
   4.1589453e+02   3.0381847e+02
   4.2328735e+02   2.7827737e+02
   4.2898505e+02   2.5213321e+02
   4.3284210e+02   2.2572403e+02
   2.3707273e+02   1.4939813e+02
   2.4849182e+02   1.4014328e+02
   2.6285742e+02   1.3683773e+02
   2.7761322e+02   1.3577276e+02
   2.9227526e+02   1.3723087e+02
   3.6270074e+02   1.4095181e+02
   3.7756656e+02   1.4113677e+02
   3.9209422e+02   1.4477236e+02
   4.0591517e+02   1.5017458e+02
   4.1782763e+02   1.5885132e+02
   3.2589527e+02   1.7895062e+02
   3.2403732e+02   1.9570891e+02
   3.2329035e+02   2.1269162e+02
   3.2194697e+02   2.2932044e+02
   3.0284232e+02   2.4662329e+02
   3.1207303e+02   2.4876884e+02
   3.2153130e+02   2.5011402e+02
   3.3197490e+02   2.5009925e+02
   3.4220191e+02   2.5014542e+02
   2.5226580e+02   1.7911516e+02
   2.6569761e+02   1.6757132e+02
   2.8314885e+02   1.6726323e+02
   2.9496829e+02   1.7985151e+02
   2.8077262e+02   1.8285955e+02
   2.6614675e+02   1.8275962e+02
   3.5682595e+02   1.8467705e+02
   3.7030864e+02   1.7412036e+02
   3.8697275e+02   1.7610678e+02
   3.9475913e+02   1.9086858e+02
   3.8171933e+02   1.9096262e+02
   3.6897796e+02   1.8865592e+02
   2.7488888e+02   2.8787528e+02
   2.8816997e+02   2.7927165e+02
   3.0293859e+02   2.7373516e+02
   3.1844646e+02   2.7481438e+02
   3.3495044e+02   2.7557578e+02
   3.4959812e+02   2.8282944e+02
   3.5944395e+02   2.9601209e+02
   3.4736439e+02   3.0714800e+02
   3.3285829e+02   3.1431692e+02
   3.1728062e+02   3.1699942e+02
   3.0063952e+02   3.1181828e+02
   2.8696266e+02   3.0065201e+02
   2.8799330e+02   2.8793852e+02
   3.0287813e+02   2.8284110e+02
   3.1835884e+02   2.8271096e+02
   3.3482976e+02   2.8473042e+02
   3.4806210e+02   2.9433623e+02
   3.3264871e+02   3.0056228e+02
   3.1647947e+02   2.9937239e+02
   3.0130879e+02   2.9592009e+02
