   2.0284385e+02   2.0987824e+02
   2.0365613e+02   2.3862491e+02
   2.0658334e+02   2.6680882e+02
   2.1245062e+02   2.9487110e+02
   2.2164259e+02   3.2173399e+02
   2.3922695e+02   3.4416147e+02
   2.6145605e+02   3.6203022e+02
   2.8764472e+02   3.7329259e+02
   3.1509559e+02   3.8098238e+02
   3.4195915e+02   3.7887475e+02
   3.6631773e+02   3.6766818e+02
   3.8560631e+02   3.4891635e+02
   4.0329331e+02   3.2860070e+02
   4.1581234e+02   3.0450999e+02
   4.2331176e+02   2.7882424e+02
   4.2909675e+02   2.5243794e+02
   4.3300638e+02   2.2585140e+02
   2.3693619e+02   1.4924428e+02
   2.4859513e+02   1.4062438e+02
   2.6259827e+02   1.3700812e+02
   2.7713465e+02   1.3575487e+02
   2.9147331e+02   1.3748228e+02
   3.6305376e+02   1.4164761e+02
   3.7794795e+02   1.4134103e+02
   3.9247516e+02   1.4479876e+02
   4.0601799e+02   1.5082610e+02
   4.1808464e+02   1.5930906e+02
   3.2589891e+02   1.7891512e+02
   3.2402540e+02   1.9570256e+02
   3.2326472e+02   2.1271563e+02
   3.2190681e+02   2.2937375e+02
   3.0159123e+02   2.4519060e+02
   3.1127577e+02   2.4856813e+02
   3.2149619e+02   2.5025006e+02
   3.3232993e+02   2.5021915e+02
   3.4296404e+02   2.4963448e+02
   2.5209819e+02   1.7907454e+02
   2.6541129e+02   1.6763212e+02
   2.8277373e+02   1.6756904e+02
   2.9491499e+02   1.7979517e+02
   2.8067771e+02   1.8220924e+02
   2.6613579e+02   1.8198350e+02
   3.5688173e+02   1.8467446e+02
   3.7030227e+02   1.7474794e+02
   3.8660229e+02   1.7710356e+02
   3.9480410e+02   1.9114144e+02
   3.8181987e+02   1.9028696e+02
   3.6908139e+02   1.8819478e+02
   2.7220615e+02   2.8408748e+02
   2.8630105e+02   2.7641136e+02
   3.0174199e+02   2.7207456e+02
   3.1757336e+02   2.7358129e+02
   3.3459690e+02   2.7443296e+02
   3.5020526e+02   2.8073672e+02
   3.6118780e+02   2.9339599e+02
   3.4899799e+02   3.0650901e+02
   3.3333615e+02   3.1413941e+02
   3.1644731e+02   3.1599351e+02
   2.9844610e+02   3.1130664e+02
   2.8421432e+02   2.9870100e+02
   2.8138749e+02   2.8488010e+02
   2.9922442e+02   2.8045760e+02
   3.1745501e+02   2.8119849e+02
   3.3685062e+02   2.8357230e+02
   3.5350246e+02   2.9295613e+02
   3.3558951e+02   3.0158131e+02
   3.1628867e+02   3.0026443e+02
   2.9706156e+02   2.9669071e+02
