   2.0338859e+02   2.1000935e+02
   2.0424714e+02   2.3933385e+02
   2.0737470e+02   2.6828114e+02
   2.1345378e+02   2.9654222e+02
   2.2353984e+02   3.2402726e+02
   2.4217723e+02   3.4621396e+02
   2.6525328e+02   3.6362245e+02
   2.9231837e+02   3.7412335e+02
   3.2117372e+02   3.7589650e+02
   3.4676799e+02   3.7324998e+02
   3.6969481e+02   3.6148658e+02
   3.8953577e+02   3.4477454e+02
   4.0648022e+02   3.2514760e+02
   4.1660216e+02   3.0155080e+02
   4.2366295e+02   2.7666226e+02
   4.2912579e+02   2.5125473e+02
   4.3280922e+02   2.2585877e+02
   2.3735136e+02   1.4956151e+02
   2.4862909e+02   1.3994874e+02
   2.6320687e+02   1.3683596e+02
   2.7808817e+02   1.3589247e+02
   2.9293153e+02   1.3720208e+02
   3.6264852e+02   1.4072707e+02
   3.7749554e+02   1.4121262e+02
   3.9201645e+02   1.4496316e+02
   4.0598684e+02   1.5000647e+02
   4.1779875e+02   1.5880459e+02
   3.2603466e+02   1.7910827e+02
   3.2417247e+02   1.9584182e+02
   3.2341958e+02   2.1279992e+02
   3.2207128e+02   2.2940440e+02
   2.9783093e+02   2.4704825e+02
   3.0955177e+02   2.4871454e+02
   3.2119326e+02   2.4926355e+02
   3.3160090e+02   2.4923765e+02
   3.4193519e+02   2.5013555e+02
   2.5323320e+02   1.7824119e+02
   2.6558829e+02   1.6589202e+02
   2.8333316e+02   1.6711954e+02
   2.9515155e+02   1.7999514e+02
   2.8097680e+02   1.8256656e+02
   2.6661486e+02   1.8292501e+02
   3.5691873e+02   1.8483923e+02
   3.6903861e+02   1.7306713e+02
   3.8602435e+02   1.7312538e+02
   3.9617159e+02   1.8618233e+02
   3.8314131e+02   1.8975973e+02
   3.6969551e+02   1.8917136e+02
   2.7925053e+02   2.8586149e+02
   2.9309482e+02   2.7893305e+02
   3.0769153e+02   2.7407871e+02
   3.2249830e+02   2.7702767e+02
   3.3738564e+02   2.7700865e+02
   3.5031490e+02   2.8515494e+02
   3.6266582e+02   2.9380576e+02
   3.4919797e+02   2.9579853e+02
   3.3598726e+02   2.9880657e+02
   3.2247391e+02   2.9875237e+02
   3.0745624e+02   2.9626101e+02
   2.9271341e+02   2.9240686e+02
   2.9992017e+02   2.8453280e+02
   3.1153604e+02   2.8391385e+02
   3.2293873e+02   2.8540524e+02
   3.3234859e+02   2.8587577e+02
   3.4155422e+02   2.8723984e+02
   3.3194872e+02   2.8683302e+02
   3.2247510e+02   2.8682236e+02
   3.1118640e+02   2.8506216e+02
