   2.6146706e+02   2.2677796e+02
   2.6210015e+02   2.5997987e+02
   2.6447414e+02   2.9276483e+02
   2.7134629e+02   3.2523177e+02
   2.8073393e+02   3.5693489e+02
   2.9829122e+02   3.8465683e+02
   3.2361130e+02   4.0589968e+02
   3.5216473e+02   4.2206224e+02
   3.8434430e+02   4.2773105e+02
   4.1574047e+02   4.2208486e+02
   4.4212023e+02   4.0434216e+02
   4.6483811e+02   3.8152060e+02
   4.8116607e+02   3.5412624e+02
   4.8762553e+02   3.2281436e+02
   4.9142439e+02   2.9116958e+02
   4.9612432e+02   2.5931175e+02
   4.9625203e+02   2.2756769e+02
   2.7331531e+02   2.1102383e+02
   2.8743129e+02   1.9935142e+02
   3.0574003e+02   1.9685701e+02
   3.2388194e+02   1.9952306e+02
   3.4035534e+02   2.0778232e+02
   4.0365882e+02   2.0440953e+02
   4.2169895e+02   1.9370676e+02
   4.4194193e+02   1.8941665e+02
   4.6252581e+02   1.9139707e+02
   4.8165711e+02   1.9955572e+02
   3.7277018e+02   2.1087029e+02
   3.7404885e+02   2.3956687e+02
   3.7454831e+02   2.6810933e+02
   3.7616863e+02   2.9639486e+02
   3.5430830e+02   3.1408654e+02
   3.6611566e+02   3.1660532e+02
   3.7764896e+02   3.1962765e+02
   3.8992750e+02   3.1611491e+02
   4.0181502e+02   3.1185567e+02
   2.9403330e+02   2.3276431e+02
   3.0574056e+02   2.2414166e+02
   3.2040683e+02   2.2426039e+02
   3.3400540e+02   2.2966775e+02
   3.2082798e+02   2.3250350e+02
   3.0744014e+02   2.3262172e+02
   4.1186549e+02   2.2762027e+02
   4.2486110e+02   2.1873236e+02
   4.4047171e+02   2.1717091e+02
   4.5271903e+02   2.2638593e+02
   4.3900571e+02   2.2765077e+02
   4.2546756e+02   2.2761781e+02
   3.4142818e+02   3.5114138e+02
   3.5436994e+02   3.4681421e+02
   3.6739878e+02   3.4283259e+02
   3.8080071e+02   3.4320141e+02
   3.9291000e+02   3.4189428e+02
   4.0473684e+02   3.4475663e+02
   4.1662531e+02   3.4703373e+02
   4.0504341e+02   3.5124171e+02
   3.9419778e+02   3.5702470e+02
   3.8242134e+02   3.6029311e+02
   3.6842609e+02   3.5767373e+02
   3.5533183e+02   3.5226455e+02
   3.6459862e+02   3.4908892e+02
   3.7308733e+02   3.4824069e+02
   3.8107579e+02   3.5101403e+02
   3.8925094e+02   3.4793232e+02
   3.9785609e+02   3.4789592e+02
   3.8921160e+02   3.4857449e+02
   3.8107816e+02   3.5143569e+02
   3.7293605e+02   3.4910079e+02
