   2.6215262e+02   2.2589241e+02
   2.6267487e+02   2.5831222e+02
   2.6478417e+02   2.9054785e+02
   2.7109639e+02   3.2232842e+02
   2.7981200e+02   3.5349386e+02
   2.9623903e+02   3.8109560e+02
   3.2066335e+02   4.0246294e+02
   3.4891415e+02   4.1763743e+02
   3.8049174e+02   4.2257067e+02
   4.1228182e+02   4.1792150e+02
   4.3998291e+02   4.0199711e+02
   4.6415314e+02   3.8081774e+02
   4.8151458e+02   3.5420670e+02
   4.8785523e+02   3.2278486e+02
   4.9147177e+02   2.9088109e+02
   4.9680299e+02   2.5921221e+02
   4.9696037e+02   2.2735646e+02
   2.7409445e+02   2.1031444e+02
   2.8821497e+02   1.9867284e+02
   3.0650725e+02   1.9618950e+02
   3.2462535e+02   1.9887949e+02
   3.4106822e+02   2.0715673e+02
   4.0443724e+02   2.0403503e+02
   4.2249692e+02   1.9339312e+02
   4.4273776e+02   1.8919094e+02
   4.6329729e+02   1.9123427e+02
   4.8242304e+02   1.9939151e+02
   3.7294178e+02   2.0909002e+02
   3.7409502e+02   2.3812811e+02
   3.7458185e+02   2.6688483e+02
   3.7576070e+02   2.9564128e+02
   3.5446119e+02   3.1408813e+02
   3.6696353e+02   3.1746788e+02
   3.7883642e+02   3.2209947e+02
   3.9041592e+02   3.1708427e+02
   4.0185866e+02   3.1204559e+02
   2.9482644e+02   2.3207799e+02
   3.0650401e+02   2.2351482e+02
   3.2111685e+02   2.2366300e+02
   3.3469399e+02   2.2900811e+02
   3.2154819e+02   2.3174433e+02
   3.0821358e+02   2.3183266e+02
   4.1259870e+02   2.2720372e+02
   4.2560602e+02   2.1841919e+02
   4.4116948e+02   2.1689182e+02
   4.5336912e+02   2.2608933e+02
   4.3967465e+02   2.2722307e+02
   4.2617787e+02   2.2714190e+02
   3.4115934e+02   3.5308184e+02
   3.5459487e+02   3.4943997e+02
   3.6754672e+02   3.4428994e+02
   3.8107149e+02   3.4543786e+02
   3.9357477e+02   3.4404121e+02
   4.0561463e+02   3.4782404e+02
   4.1785948e+02   3.5095403e+02
   4.0601086e+02   3.5783197e+02
   3.9546199e+02   3.6649556e+02
   3.8225012e+02   3.6866646e+02
   3.6747585e+02   3.6679885e+02
   3.5519738e+02   3.5764940e+02
   3.6202490e+02   3.5319523e+02
   3.7144837e+02   3.5211470e+02
   3.8046982e+02   3.5462782e+02
   3.8939532e+02   3.5205538e+02
   3.9860971e+02   3.5211290e+02
   3.8934074e+02   3.5307063e+02
   3.8047117e+02   3.5556902e+02
   3.7131892e+02   3.5320091e+02
