   2.6225209e+02   2.2609433e+02
   2.6281198e+02   2.5844803e+02
   2.6494711e+02   2.9069784e+02
   2.7053346e+02   3.2240182e+02
   2.7938377e+02   3.5330783e+02
   2.9605947e+02   3.8072264e+02
   3.2031102e+02   4.0194723e+02
   3.4899411e+02   4.1663761e+02
   3.8043051e+02   4.2191242e+02
   4.1187046e+02   4.1623819e+02
   4.3999633e+02   4.0084291e+02
   4.6445948e+02   3.8034768e+02
   4.8203493e+02   3.5391702e+02
   4.8813180e+02   3.2238367e+02
   4.9159217e+02   2.9059383e+02
   4.9711036e+02   2.5897869e+02
   4.9717372e+02   2.2729891e+02
   2.7260099e+02   2.0602865e+02
   2.8767628e+02   1.9460835e+02
   3.0680568e+02   1.9337582e+02
   3.2552307e+02   1.9692386e+02
   3.4227390e+02   2.0612602e+02
   4.0408030e+02   2.0078866e+02
   4.2253980e+02   1.8979280e+02
   4.4328342e+02   1.8460627e+02
   4.6450503e+02   1.8649990e+02
   4.8319622e+02   1.9644320e+02
   3.7284419e+02   2.0865847e+02
   3.7401110e+02   2.3784720e+02
   3.7455785e+02   2.6670397e+02
   3.7561863e+02   2.9566275e+02
   3.5406469e+02   3.1258967e+02
   3.6626102e+02   3.1691495e+02
   3.7815606e+02   3.2141763e+02
   3.8987267e+02   3.1628745e+02
   4.0141427e+02   3.1127302e+02
   2.9107235e+02   2.2904824e+02
   3.0446979e+02   2.1958791e+02
   3.2081029e+02   2.2007580e+02
   3.3470605e+02   2.2859238e+02
   3.2031473e+02   2.3331584e+02
   3.0524585e+02   2.3319293e+02
   4.1167850e+02   2.2610644e+02
   4.2510782e+02   2.1519424e+02
   4.4235362e+02   2.1394014e+02
   4.5531459e+02   2.2479172e+02
   4.4093418e+02   2.2883482e+02
   4.2610048e+02   2.2909237e+02
   3.3288935e+02   3.5447243e+02
   3.4875004e+02   3.4897579e+02
   3.6389493e+02   3.4169963e+02
   3.7999083e+02   3.4372188e+02
   3.9550859e+02   3.4156089e+02
   4.1050418e+02   3.4658845e+02
   4.2583666e+02   3.5035929e+02
   4.1145513e+02   3.5994021e+02
   3.9831141e+02   3.7104827e+02
   3.8184528e+02   3.7407247e+02
   3.6425041e+02   3.7156129e+02
   3.4983368e+02   3.6006047e+02
   3.5280624e+02   3.5484540e+02
   3.6652388e+02   3.5382460e+02
   3.7995552e+02   3.5552440e+02
   3.9368900e+02   3.5322462e+02
   4.0750170e+02   3.5325352e+02
   3.9356399e+02   3.5425145e+02
   3.7995597e+02   3.5683766e+02
   3.6639473e+02   3.5480539e+02
