   2.0889278e+02   2.1888076e+02
   2.1369528e+02   2.4699492e+02
   2.2082995e+02   2.7458006e+02
   2.2757842e+02   3.0220024e+02
   2.3932380e+02   3.2800038e+02
   2.5514735e+02   3.5178401e+02
   2.7611347e+02   3.7103148e+02
   3.0074744e+02   3.8463847e+02
   3.2872169e+02   3.8770704e+02
   3.5748895e+02   3.8329696e+02
   3.8234148e+02   3.6837697e+02
   4.0323818e+02   3.4811516e+02
   4.1969498e+02   3.2419574e+02
   4.2745349e+02   2.9606227e+02
   4.3137169e+02   2.6742508e+02
   4.3641304e+02   2.3861974e+02
   4.4086688e+02   2.0991778e+02
   2.3328017e+02   1.9361915e+02
   2.4851169e+02   1.8332306e+02
   2.6752854e+02   1.8260469e+02
   2.8630137e+02   1.8007464e+02
   3.0459698e+02   1.7534211e+02
   3.3914298e+02   1.7405012e+02
   3.5986516e+02   1.7632743e+02
   3.8077257e+02   1.7467213e+02
   4.0132680e+02   1.7700914e+02
   4.1652830e+02   1.9029111e+02
   3.2315491e+02   1.9386170e+02
   3.2331868e+02   2.1755927e+02
   3.2317588e+02   2.4109734e+02
   3.2293788e+02   2.6469155e+02
   3.0604106e+02   2.8069595e+02
   3.1521724e+02   2.7886025e+02
   3.2423720e+02   2.8098394e+02
   3.3553346e+02   2.7814617e+02
   3.4707259e+02   2.7908112e+02
   2.5710238e+02   2.0513241e+02
   2.7128491e+02   1.9786661e+02
   2.8683988e+02   1.9710393e+02
   2.9687964e+02   2.0829330e+02
   2.8304915e+02   2.0860564e+02
   2.6932757e+02   2.1043750e+02
   3.5293419e+02   2.0632811e+02
   3.6284992e+02   1.9408588e+02
   3.7869862e+02   1.9242622e+02
   3.9274025e+02   1.9972437e+02
   3.8021599e+02   2.0505400e+02
   3.6634507e+02   2.0404812e+02
   2.8866496e+02   3.1862821e+02
   3.0032654e+02   3.0955726e+02
   3.1373261e+02   3.0343249e+02
   3.2792941e+02   3.0512938e+02
   3.4198607e+02   3.0278096e+02
   3.5537122e+02   3.0829912e+02
   3.6701348e+02   3.1665855e+02
   3.5464225e+02   3.2230915e+02
   3.4262740e+02   3.2849060e+02
   3.2951182e+02   3.3102359e+02
   3.1538134e+02   3.2837176e+02
   3.0264087e+02   3.2129905e+02
   2.9467116e+02   3.1591626e+02
   3.1065686e+02   3.0791052e+02
   3.2830226e+02   3.0982208e+02
   3.4596386e+02   3.0788478e+02
   3.6205072e+02   3.1493266e+02
   3.4574270e+02   3.0833545e+02
   3.2830203e+02   3.1019786e+02
   3.1062757e+02   3.0844466e+02
