   2.0911465e+02   2.1889005e+02
   2.1390607e+02   2.4703757e+02
   2.2101897e+02   2.7465835e+02
   2.2775430e+02   3.0231513e+02
   2.3949590e+02   3.2815157e+02
   2.5532317e+02   3.5196569e+02
   2.7629500e+02   3.7125299e+02
   3.0095982e+02   3.8486948e+02
   3.2896216e+02   3.8793858e+02
   3.5776858e+02   3.8358155e+02
   3.8267290e+02   3.6868577e+02
   4.0361032e+02   3.4841601e+02
   4.2009528e+02   3.2447908e+02
   4.2789711e+02   2.9632243e+02
   4.3184719e+02   2.6765409e+02
   4.3692197e+02   2.3882220e+02
   4.4137884e+02   2.1008873e+02
   2.3351329e+02   1.9363604e+02
   2.4874124e+02   1.8332170e+02
   2.6776476e+02   1.8259769e+02
   2.8655143e+02   1.8009635e+02
   3.0486449e+02   1.7540173e+02
   3.3959858e+02   1.7410133e+02
   3.6033975e+02   1.7635284e+02
   3.8126746e+02   1.7472715e+02
   4.0184037e+02   1.7707351e+02
   4.1702579e+02   1.9039146e+02
   3.2353202e+02   1.9394447e+02
   3.2367210e+02   2.1766043e+02
   3.2351767e+02   2.4121466e+02
   3.2325585e+02   2.6482342e+02
   3.0630298e+02   2.8081673e+02
   3.1550083e+02   2.7900859e+02
   3.2453706e+02   2.8114338e+02
   3.3585754e+02   2.7830498e+02
   3.4741747e+02   2.7924547e+02
   2.5738016e+02   2.0516952e+02
   2.7157896e+02   1.9789081e+02
   2.8715673e+02   1.9715005e+02
   2.9719794e+02   2.0836682e+02
   2.8335351e+02   2.0868830e+02
   2.6961612e+02   2.1049314e+02
   3.5334404e+02   2.0644563e+02
   3.6328643e+02   1.9418189e+02
   3.7916100e+02   1.9250431e+02
   3.9320241e+02   1.9985366e+02
   3.8066942e+02   2.0520506e+02
   3.6677888e+02   2.0419861e+02
   2.8893074e+02   3.1875441e+02
   3.0059730e+02   3.0967942e+02
   3.1401914e+02   3.0357810e+02
   3.2822382e+02   3.0528939e+02
   3.4229970e+02   3.0295009e+02
   3.5569980e+02   3.0847106e+02
   3.6736440e+02   3.1682705e+02
   3.5499849e+02   3.2253933e+02
   3.4294029e+02   3.2870870e+02
   3.2978378e+02   3.3121206e+02
   3.1563662e+02   3.2858139e+02
   3.0287624e+02   3.2152481e+02
   2.9491305e+02   3.1606938e+02
   3.1094133e+02   3.0812380e+02
   3.2860384e+02   3.1005224e+02
   3.4627051e+02   3.0811444e+02
   3.6237732e+02   3.1510670e+02
   3.4604968e+02   3.0856679e+02
   3.2860130e+02   3.1042816e+02
   3.1090999e+02   3.0865804e+02
