   2.0700558e+02   2.1732290e+02
   2.1202708e+02   2.4543124e+02
   2.1852989e+02   2.7308268e+02
   2.2540557e+02   3.0079122e+02
   2.3735054e+02   3.2656806e+02
   2.5323389e+02   3.5001318e+02
   2.7414708e+02   3.6939933e+02
   2.9988520e+02   3.8120264e+02
   3.2786969e+02   3.8263974e+02
   3.5679842e+02   3.8082454e+02
   3.8231037e+02   3.6715282e+02
   4.0325454e+02   3.4680892e+02
   4.1907248e+02   3.2262370e+02
   4.2793868e+02   2.9479652e+02
   4.3238349e+02   2.6604368e+02
   4.3795729e+02   2.3749639e+02
   4.4058736e+02   2.0863122e+02
   2.2901172e+02   1.9312305e+02
   2.4189318e+02   1.8167396e+02
   2.5943975e+02   1.7951413e+02
   2.7716829e+02   1.7819278e+02
   2.9465684e+02   1.7565497e+02
   3.4187412e+02   1.7186593e+02
   3.6224641e+02   1.7119335e+02
   3.8266991e+02   1.7066012e+02
   4.0283875e+02   1.7258046e+02
   4.1629714e+02   1.8650750e+02
   3.2185775e+02   1.9381420e+02
   3.2153817e+02   2.1686128e+02
   3.2169228e+02   2.3962625e+02
   3.2105579e+02   2.6233711e+02
   3.0215926e+02   2.7701126e+02
   3.1225120e+02   2.7694644e+02
   3.2198101e+02   2.7930919e+02
   3.3385338e+02   2.7596868e+02
   3.4593208e+02   2.7669928e+02
   2.5441472e+02   2.0419161e+02
   2.6825168e+02   1.9576724e+02
   2.8426062e+02   1.9584142e+02
   2.9431533e+02   2.0758559e+02
   2.8051218e+02   2.0946435e+02
   2.6674748e+02   2.0992381e+02
   3.5227299e+02   2.0594949e+02
   3.6296336e+02   1.9278157e+02
   3.7931388e+02   1.8899421e+02
   3.9248849e+02   1.9882673e+02
   3.8056686e+02   2.0593775e+02
   3.6628771e+02   2.0559818e+02
   2.8889339e+02   3.1340979e+02
   2.9951313e+02   3.0424822e+02
   3.1248544e+02   2.9926959e+02
   3.2608674e+02   3.0125337e+02
   3.4027590e+02   2.9889760e+02
   3.5385271e+02   3.0392657e+02
   3.6661280e+02   3.1088776e+02
   3.5592106e+02   3.2102799e+02
   3.4215758e+02   3.2641095e+02
   3.2737256e+02   3.2723261e+02
   3.1312788e+02   3.2701611e+02
   2.9970546e+02   3.2240500e+02
   2.9290991e+02   3.1257084e+02
   3.0989841e+02   3.0854270e+02
   3.2713411e+02   3.1024359e+02
   3.4379926e+02   3.0743220e+02
   3.6024503e+02   3.0998611e+02
   3.4361579e+02   3.0795410e+02
   3.2696470e+02   3.1052697e+02
   3.0972283e+02   3.0904674e+02
