   1.6671423e+02   2.4064055e+02
   1.6955389e+02   2.6703976e+02
   1.7519838e+02   2.9289709e+02
   1.8266282e+02   3.1852880e+02
   1.9385485e+02   3.4250808e+02
   2.1010362e+02   3.6330957e+02
   2.3195419e+02   3.7802433e+02
   2.5648485e+02   3.8820690e+02
   2.8264370e+02   3.9055458e+02
   3.0982560e+02   3.8702659e+02
   3.3457941e+02   3.7514305e+02
   3.5333887e+02   3.5529169e+02
   3.6871878e+02   3.3280857e+02
   3.7776776e+02   3.0674733e+02
   3.8151690e+02   2.7977280e+02
   3.8246015e+02   2.5241762e+02
   3.8174138e+02   2.2499147e+02
   1.8113580e+02   2.0168155e+02
   1.9474421e+02   1.9233298e+02
   2.1035614e+02   1.8812383e+02
   2.2642510e+02   1.9115038e+02
   2.4232944e+02   1.9439851e+02
   2.9455852e+02   1.9074448e+02
   3.0976949e+02   1.8437063e+02
   3.2553158e+02   1.7994280e+02
   3.4176599e+02   1.8136301e+02
   3.5429846e+02   1.9134205e+02
   2.6956000e+02   2.2806015e+02
   2.7030017e+02   2.4747471e+02
   2.7018520e+02   2.6669101e+02
   2.7044892e+02   2.8580366e+02
   2.4469374e+02   2.9733216e+02
   2.5829174e+02   3.0041521e+02
   2.7205726e+02   3.0144904e+02
   2.8608846e+02   2.9887368e+02
   2.9924213e+02   2.9340339e+02
   2.0340587e+02   2.2899967e+02
   2.1563895e+02   2.1819861e+02
   2.3197587e+02   2.2131195e+02
   2.4391027e+02   2.3295487e+02
   2.2977766e+02   2.3492404e+02
   2.1570275e+02   2.3547506e+02
   2.9806853e+02   2.2889375e+02
   3.0719439e+02   2.1632527e+02
   3.2265553e+02   2.1386156e+02
   3.3572282e+02   2.2217220e+02
   3.2432761e+02   2.2880743e+02
   3.1119125e+02   2.3028345e+02
   2.3310462e+02   3.1795189e+02
   2.4752459e+02   3.1713149e+02
   2.6168706e+02   3.1505421e+02
   2.7566435e+02   3.1650731e+02
   2.8952251e+02   3.1329199e+02
   3.0382374e+02   3.1320418e+02
   3.1824812e+02   3.1192789e+02
   3.0828817e+02   3.2600943e+02
   2.9459505e+02   3.3648301e+02
   2.7808961e+02   3.4011088e+02
   2.6101122e+02   3.3835314e+02
   2.4659675e+02   3.2880090e+02
   2.4812487e+02   3.2379417e+02
   2.6244423e+02   3.2533225e+02
   2.7672651e+02   3.2645969e+02
   2.9191344e+02   3.2248965e+02
   3.0699782e+02   3.1854683e+02
   2.9176527e+02   3.2296571e+02
   2.7666347e+02   3.2698230e+02
   2.6226759e+02   3.2584010e+02
