   1.6715486e+02   2.4027957e+02
   1.7001312e+02   2.6667667e+02
   1.7567583e+02   2.9252986e+02
   1.8316325e+02   3.1817110e+02
   1.9439581e+02   3.4210059e+02
   2.1071161e+02   3.6281687e+02
   2.3258671e+02   3.7755670e+02
   2.5707397e+02   3.8782476e+02
   2.8322649e+02   3.9016631e+02
   3.1037088e+02   3.8655071e+02
   3.3514997e+02   3.7463536e+02
   3.5392871e+02   3.5481968e+02
   3.6923117e+02   3.3229684e+02
   3.7834364e+02   3.0622955e+02
   3.8198148e+02   2.7928323e+02
   3.8290793e+02   2.5188634e+02
   3.8217012e+02   2.2447879e+02
   1.8159807e+02   2.0121824e+02
   1.9533228e+02   1.9193813e+02
   2.1099628e+02   1.8768606e+02
   2.2708911e+02   1.9079993e+02
   2.4303828e+02   1.9408554e+02
   2.9507657e+02   1.9014573e+02
   3.1023803e+02   1.8376361e+02
   3.2599638e+02   1.7955329e+02
   3.4217079e+02   1.8105989e+02
   3.5481566e+02   1.9085086e+02
   2.6999135e+02   2.2762663e+02
   2.7074522e+02   2.4704059e+02
   2.7064381e+02   2.6625690e+02
   2.7092102e+02   2.8536929e+02
   2.4522513e+02   2.9688723e+02
   2.5882498e+02   2.9994580e+02
   2.7258596e+02   3.0089401e+02
   2.8670118e+02   2.9838589e+02
   2.9987661e+02   2.9280483e+02
   2.0403606e+02   2.2851540e+02
   2.1620571e+02   2.1774813e+02
   2.3249228e+02   2.2077338e+02
   2.4433261e+02   2.3239489e+02
   2.3029675e+02   2.3445208e+02
   2.1625904e+02   2.3497544e+02
   2.9859444e+02   2.2831564e+02
   3.0780169e+02   2.1589538e+02
   3.2313455e+02   2.1330649e+02
   3.3610468e+02   2.2159336e+02
   3.2476814e+02   2.2823495e+02
   3.1167971e+02   2.2975445e+02
   2.3403265e+02   3.1775366e+02
   2.4826424e+02   3.1676485e+02
   2.6230333e+02   3.1461678e+02
   2.7622341e+02   3.1611534e+02
   2.9013077e+02   3.1289227e+02
   3.0442712e+02   3.1295824e+02
   3.1877612e+02   3.1187253e+02
   3.0874268e+02   3.2583012e+02
   2.9507954e+02   3.3625046e+02
   2.7859944e+02   3.3973228e+02
   2.6164350e+02   3.3808711e+02
   2.4739781e+02   3.2857095e+02
   2.4900015e+02   3.2350560e+02
   2.6308445e+02   3.2485903e+02
   2.7713512e+02   3.2594572e+02
   2.9245614e+02   3.2200268e+02
   3.0772138e+02   3.1840006e+02
   2.9231355e+02   3.2247819e+02
   2.7710413e+02   3.2647126e+02
   2.6291618e+02   3.2536455e+02
