   1.5467334e+02   2.0652731e+02
   1.5706450e+02   2.3943647e+02
   1.5935013e+02   2.7181054e+02
   1.6895649e+02   3.0324493e+02
   1.8133473e+02   3.3324903e+02
   1.9907906e+02   3.6055966e+02
   2.2425338e+02   3.8144976e+02
   2.5389178e+02   3.9545010e+02
   2.8582769e+02   4.0035268e+02
   3.1716566e+02   3.9432133e+02
   3.4276269e+02   3.7575583e+02
   3.6127904e+02   3.4960432e+02
   3.7693655e+02   3.2144930e+02
   3.8626366e+02   2.9105688e+02
   3.8989723e+02   2.5934444e+02
   3.8992655e+02   2.2737446e+02
   3.8675589e+02   1.9556518e+02
   1.7347730e+02   1.9218540e+02
   1.8724471e+02   1.8032289e+02
   2.0540836e+02   1.7722513e+02
   2.2409987e+02   1.7633243e+02
   2.4126916e+02   1.8232387e+02
   3.0748728e+02   1.7828255e+02
   3.2191429e+02   1.6792636e+02
   3.3975877e+02   1.6591752e+02
   3.5754794e+02   1.6838249e+02
   3.7294879e+02   1.7714096e+02
   2.7847310e+02   2.1393109e+02
   2.7890614e+02   2.3148084e+02
   2.7880792e+02   2.4894645e+02
   2.7886337e+02   2.6639266e+02
   2.5769125e+02   2.8481152e+02
   2.6928384e+02   2.8393156e+02
   2.8075783e+02   2.8388619e+02
   2.9309447e+02   2.8346008e+02
   3.0501039e+02   2.8602984e+02
   2.0440069e+02   2.1621636e+02
   2.1843025e+02   2.0672159e+02
   2.3527363e+02   2.0818436e+02
   2.4860519e+02   2.1853572e+02
   2.3369890e+02   2.2233543e+02
   2.1851306e+02   2.2179553e+02
   3.1081707e+02   2.1494321e+02
   3.2166137e+02   2.0258501e+02
   3.3766928e+02   1.9920642e+02
   3.5175553e+02   2.0706355e+02
   3.3974173e+02   2.1484533e+02
   3.2522342e+02   2.1585921e+02
   2.3949810e+02   3.2028564e+02
   2.5390956e+02   3.1435906e+02
   2.6879778e+02   3.1030663e+02
   2.8354095e+02   3.1377505e+02
   2.9772601e+02   3.0936929e+02
   3.1211316e+02   3.1437333e+02
   3.2674630e+02   3.1819824e+02
   3.1623340e+02   3.3198780e+02
   3.0196281e+02   3.4218017e+02
   2.8496155e+02   3.4495484e+02
   2.6666663e+02   3.4414384e+02
   2.5083095e+02   3.3466791e+02
   2.5940923e+02   3.2218420e+02
   2.7100057e+02   3.2431257e+02
   2.8264215e+02   3.2625559e+02
   2.9413823e+02   3.2362019e+02
   3.0568793e+02   3.2260338e+02
   2.9436810e+02   3.2665487e+02
   2.8225331e+02   3.2847117e+02
   2.7025602e+02   3.2677738e+02
