   1.5467721e+02   2.0624519e+02
   1.5708187e+02   2.3912050e+02
   1.5938127e+02   2.7147920e+02
   1.6899235e+02   3.0287785e+02
   1.8137378e+02   3.3285576e+02
   1.9918766e+02   3.6008669e+02
   2.2434179e+02   3.8096611e+02
   2.5392988e+02   3.9499138e+02
   2.8583413e+02   3.9994089e+02
   3.1713257e+02   3.9383138e+02
   3.4271034e+02   3.7526339e+02
   3.6120106e+02   3.4912204e+02
   3.7688019e+02   3.2100497e+02
   3.8613908e+02   2.9061378e+02
   3.8975625e+02   2.5891383e+02
   3.8977055e+02   2.2696689e+02
   3.8658724e+02   1.9518204e+02
   1.7353092e+02   1.9196721e+02
   1.8883066e+02   1.8278420e+02
   2.0643842e+02   1.7950167e+02
   2.2414024e+02   1.7727056e+02
   2.4118192e+02   1.8187525e+02
   3.0742739e+02   1.7773844e+02
   3.2188064e+02   1.6757159e+02
   3.3967437e+02   1.6569527e+02
   3.5741792e+02   1.6808499e+02
   3.7278145e+02   1.7677758e+02
   2.7844641e+02   2.1359435e+02
   2.7890111e+02   2.3114223e+02
   2.7883257e+02   2.4860165e+02
   2.7890413e+02   2.6604493e+02
   2.5774157e+02   2.8445378e+02
   2.6930845e+02   2.8358048e+02
   2.8075494e+02   2.8353017e+02
   2.9360318e+02   2.8311716e+02
   3.0637615e+02   2.8439375e+02
   2.0437325e+02   2.1590391e+02
   2.1848851e+02   2.0687768e+02
   2.3535928e+02   2.0791217e+02
   2.4854696e+02   2.1820085e+02
   2.3365056e+02   2.2190614e+02
   2.1848617e+02   2.2140696e+02
   3.1067158e+02   2.1452492e+02
   3.2155122e+02   2.0222316e+02
   3.3754651e+02   1.9884446e+02
   3.5161752e+02   2.0668854e+02
   3.3916403e+02   2.1376952e+02
   3.2499166e+02   2.1518487e+02
   2.3921635e+02   3.2184937e+02
   2.5304039e+02   3.1420809e+02
   2.6812580e+02   3.0957895e+02
   2.8330123e+02   3.1210620e+02
   2.9807640e+02   3.0883056e+02
   3.1281550e+02   3.1170809e+02
   3.2676228e+02   3.1760818e+02
   3.1987329e+02   3.3695325e+02
   3.0272427e+02   3.4865084e+02
   2.8278233e+02   3.5412000e+02
   2.6372834e+02   3.5088656e+02
   2.4863942e+02   3.3880351e+02
   2.5360395e+02   3.2390072e+02
   2.6815875e+02   3.2232290e+02
   2.8278537e+02   3.2236340e+02
   2.9596741e+02   3.2081892e+02
   3.0886744e+02   3.2289009e+02
   2.9748292e+02   3.3515458e+02
   2.8122023e+02   3.3771738e+02
   2.6538476e+02   3.3461767e+02
