   1.5443866e+02   2.0643916e+02
   1.5681914e+02   2.3902221e+02
   1.5910202e+02   2.7168160e+02
   1.6859570e+02   3.0280556e+02
   1.8089370e+02   3.3283296e+02
   2.0099807e+02   3.5840837e+02
   2.2574453e+02   3.7983201e+02
   2.5413782e+02   3.9546970e+02
   2.8565406e+02   4.0258564e+02
   3.1652345e+02   3.9426157e+02
   3.4237612e+02   3.7558455e+02
   3.6088425e+02   3.4945336e+02
   3.7808677e+02   3.2218573e+02
   3.8582003e+02   2.9124260e+02
   3.8949758e+02   2.5925810e+02
   3.8953190e+02   2.2730942e+02
   3.8636836e+02   1.9552083e+02
   1.7557746e+02   1.9425302e+02
   1.8986586e+02   1.8543427e+02
   2.0773008e+02   1.8514777e+02
   2.2360983e+02   1.7753239e+02
   2.4045572e+02   1.7740533e+02
   3.0926664e+02   1.7113059e+02
   3.2501067e+02   1.6718893e+02
   3.4153312e+02   1.6988987e+02
   3.5818877e+02   1.7013665e+02
   3.7257335e+02   1.7710671e+02
   2.8002165e+02   2.1417989e+02
   2.8091213e+02   2.3209604e+02
   2.8153359e+02   2.4977441e+02
   2.8185192e+02   2.6754030e+02
   2.6020726e+02   2.8571150e+02
   2.7121404e+02   2.8521516e+02
   2.8203025e+02   2.8517731e+02
   2.9402754e+02   2.8470368e+02
   3.0594204e+02   2.8481423e+02
   2.0413136e+02   2.1612957e+02
   2.1825457e+02   2.0711660e+02
   2.3512564e+02   2.0815721e+02
   2.4830606e+02   2.1845434e+02
   2.3336196e+02   2.1890672e+02
   2.1853575e+02   2.1949358e+02
   3.0912300e+02   2.1293287e+02
   3.2159768e+02   2.0238708e+02
   3.3761046e+02   1.9918196e+02
   3.5138950e+02   2.0700603e+02
   3.3796112e+02   2.1214416e+02
   3.2356964e+02   2.1301391e+02
   2.3428795e+02   3.1942583e+02
   2.4972193e+02   3.1165203e+02
   2.6607659e+02   3.0678372e+02
   2.8272368e+02   3.0936834e+02
   2.9857642e+02   3.0533365e+02
   3.1470895e+02   3.0626014e+02
   3.2927924e+02   3.1313325e+02
   3.2177527e+02   3.3455296e+02
   3.0568181e+02   3.5012664e+02
   2.8399432e+02   3.5542262e+02
   2.6290156e+02   3.5162365e+02
   2.4661704e+02   3.3713156e+02
   2.4521501e+02   3.2100586e+02
   2.6418351e+02   3.2080868e+02
   2.8312096e+02   3.2035845e+02
   3.0251615e+02   3.1757414e+02
   3.2159420e+02   3.1547913e+02
   3.0641919e+02   3.3071084e+02
   2.8611986e+02   3.3698999e+02
   2.6318184e+02   3.3484293e+02
