   1.8897721e+02   2.0126901e+02
   1.8893009e+02   2.4290565e+02
   1.9352255e+02   2.8404720e+02
   2.0740185e+02   3.2262054e+02
   2.2667130e+02   3.5956978e+02
   2.4734627e+02   3.9522149e+02
   2.7077126e+02   4.2939841e+02
   2.9953525e+02   4.5907550e+02
   3.3830061e+02   4.7001445e+02
   3.7621696e+02   4.5319544e+02
   4.0319802e+02   4.2130010e+02
   4.2679763e+02   3.8640106e+02
   4.4348357e+02   3.4803059e+02
   4.5536937e+02   3.0803598e+02
   4.6258443e+02   2.6678881e+02
   4.6207103e+02   2.2482970e+02
   4.5894363e+02   1.8330753e+02
   2.0376967e+02   1.7474813e+02
   2.1262015e+02   1.4891631e+02
   2.3704052e+02   1.3812288e+02
   2.6376537e+02   1.4082697e+02
   2.8787641e+02   1.5321073e+02
   3.5546842e+02   1.4961284e+02
   3.7521180e+02   1.3712801e+02
   3.9825918e+02   1.3443853e+02
   4.2012478e+02   1.4203582e+02
   4.3254560e+02   1.6184821e+02
   3.2221386e+02   1.9484852e+02
   3.2282626e+02   2.1542636e+02
   3.2289498e+02   2.3598170e+02
   3.2325742e+02   2.5640772e+02
   2.9048048e+02   2.9123569e+02
   3.0738865e+02   2.9484472e+02
   3.2443167e+02   2.9589535e+02
   3.4050463e+02   2.9352368e+02
   3.5594361e+02   2.8844689e+02
   2.3526629e+02   2.0021145e+02
   2.5040531e+02   1.8939801e+02
   2.6922563e+02   1.9098944e+02
   2.8184146e+02   2.0452117e+02
   2.6563533e+02   2.0899817e+02
   2.4905330e+02   2.0935892e+02
   3.6044634e+02   2.0177119e+02
   3.7232785e+02   1.8725652e+02
   3.9124670e+02   1.8563661e+02
   4.0696575e+02   1.9579002e+02
   3.9301742e+02   2.0537905e+02
   3.7638225e+02   2.0703913e+02
   2.8165229e+02   3.5905198e+02
   2.8799437e+02   3.3626825e+02
   3.0438254e+02   3.2020440e+02
   3.2655929e+02   3.2099795e+02
   3.4801092e+02   3.1787545e+02
   3.6539118e+02   3.3173398e+02
   3.7397909e+02   3.5245583e+02
   3.6974898e+02   3.8203002e+02
   3.5926420e+02   4.0908339e+02
   3.3565599e+02   4.2292520e+02
   3.0758616e+02   4.1438418e+02
   2.9173248e+02   3.8825086e+02
   2.9191751e+02   3.6027731e+02
   3.0345861e+02   3.3755249e+02
   3.2673192e+02   3.3107192e+02
   3.4968671e+02   3.3510480e+02
   3.6364004e+02   3.5423009e+02
   3.5434962e+02   3.8239549e+02
   3.3208296e+02   3.9738662e+02
   3.0571071e+02   3.8657177e+02
