   1.8771749e+02   2.0417214e+02
   1.8852171e+02   2.4490477e+02
   1.9346829e+02   2.8516786e+02
   2.0655675e+02   3.2320661e+02
   2.2478551e+02   3.5954017e+02
   2.4609806e+02   3.9389097e+02
   2.7057564e+02   4.2599690e+02
   3.0019772e+02   4.5330919e+02
   3.3855732e+02   4.6251258e+02
   3.7597054e+02   4.4767044e+02
   4.0347204e+02   4.1771401e+02
   4.2728936e+02   3.8434334e+02
   4.4434203e+02   3.4731599e+02
   4.5502056e+02   3.0803292e+02
   4.6080193e+02   2.6762438e+02
   4.6042739e+02   2.2667476e+02
   4.5774057e+02   1.8614207e+02
   2.0354744e+02   1.8042000e+02
   2.1450987e+02   1.5830329e+02
   2.3822558e+02   1.4997556e+02
   2.6366227e+02   1.5256293e+02
   2.8674231e+02   1.6394648e+02
   3.5262091e+02   1.6059960e+02
   3.7220455e+02   1.4863115e+02
   3.9480340e+02   1.4523028e+02
   4.1671624e+02   1.5096341e+02
   4.3121421e+02   1.6742066e+02
   3.2088540e+02   2.0071451e+02
   3.2177453e+02   2.2112938e+02
   3.2220856e+02   2.4150155e+02
   3.2278799e+02   2.6177411e+02
   2.8977107e+02   2.9512391e+02
   3.0689507e+02   2.9849901e+02
   3.2413757e+02   2.9936658e+02
   3.4028681e+02   2.9687247e+02
   3.5579283e+02   2.9188319e+02
   2.3425173e+02   2.0651284e+02
   2.4910544e+02   1.9594885e+02
   2.6750777e+02   1.9678960e+02
   2.8061602e+02   2.0907601e+02
   2.6476296e+02   2.1383428e+02
   2.4839817e+02   2.1418260e+02
   3.5967409e+02   2.0622840e+02
   3.7154975e+02   1.9259524e+02
   3.8980797e+02   1.9091522e+02
   4.0512533e+02   2.0046013e+02
   3.9140800e+02   2.0924101e+02
   3.7526064e+02   2.1065705e+02
   2.8021043e+02   3.5779979e+02
   2.8818533e+02   3.3713266e+02
   3.0502077e+02   3.2321415e+02
   3.2645290e+02   3.2459101e+02
   3.4722670e+02   3.2082563e+02
   3.6511864e+02   3.3222521e+02
   3.7550798e+02   3.5065440e+02
   3.6929075e+02   3.7616755e+02
   3.5718839e+02   3.9850637e+02
   3.3479005e+02   4.0986790e+02
   3.0863258e+02   4.0344584e+02
   2.9188748e+02   3.8240720e+02
   2.9209763e+02   3.5818454e+02
   3.0496064e+02   3.3943281e+02
   3.2705317e+02   3.3454402e+02
   3.4927927e+02   3.3675142e+02
   3.6470852e+02   3.5203884e+02
   3.5319851e+02   3.7425074e+02
   3.3157616e+02   3.8618944e+02
   3.0705980e+02   3.7823171e+02
