   2.0491132e+02   1.8876896e+02
   2.0607956e+02   2.1574438e+02
   2.1159195e+02   2.4203453e+02
   2.1650645e+02   2.6838762e+02
   2.2702105e+02   2.9289438e+02
   2.4343931e+02   3.1423019e+02
   2.6458233e+02   3.3056786e+02
   2.8851362e+02   3.4270592e+02
   3.1486509e+02   3.4505534e+02
   3.4162039e+02   3.4066067e+02
   3.6436738e+02   3.2576322e+02
   3.8482944e+02   3.0785160e+02
   4.0249819e+02   2.8724474e+02
   4.1285863e+02   2.6223677e+02
   4.1785520e+02   2.3548150e+02
   4.2286494e+02   2.0853303e+02
   4.2692701e+02   1.8186079e+02
   2.2308702e+02   1.4811405e+02
   2.3662994e+02   1.3701791e+02
   2.5348605e+02   1.3247265e+02
   2.7064962e+02   1.3593657e+02
   2.8783128e+02   1.3816983e+02
   3.4529979e+02   1.3776874e+02
   3.6101414e+02   1.3558246e+02
   3.7606265e+02   1.3072716e+02
   3.9169759e+02   1.3193865e+02
   4.0494205e+02   1.4035770e+02
   3.1505564e+02   1.5767090e+02
   3.1527980e+02   1.8060931e+02
   3.1450841e+02   2.0367106e+02
   3.1375896e+02   2.2634886e+02
   2.9345773e+02   2.4103446e+02
   3.0342469e+02   2.4373869e+02
   3.1333170e+02   2.4664661e+02
   3.2475096e+02   2.4391992e+02
   3.3621948e+02   2.4189888e+02
   2.4686011e+02   1.7064379e+02
   2.5976629e+02   1.6009716e+02
   2.7675372e+02   1.6291130e+02
   2.8913921e+02   1.7451611e+02
   2.7441452e+02   1.7826474e+02
   2.5926473e+02   1.7852388e+02
   3.4183554e+02   1.7278904e+02
   3.5360857e+02   1.6061755e+02
   3.7069206e+02   1.5935874e+02
   3.8411206e+02   1.6929706e+02
   3.7148145e+02   1.7738318e+02
   3.5623813e+02   1.7738793e+02
   2.6729325e+02   2.7486039e+02
   2.8338175e+02   2.6911727e+02
   2.9834254e+02   2.6081974e+02
   3.1446819e+02   2.6410945e+02
   3.3079560e+02   2.6122909e+02
   3.4590063e+02   2.6940789e+02
   3.6214150e+02   2.7395041e+02
   3.4672225e+02   2.7956037e+02
   3.3124294e+02   2.8413931e+02
   3.1507814e+02   2.8466900e+02
   2.9868566e+02   2.8453434e+02
   2.8294227e+02   2.7999709e+02
   2.8256203e+02   2.7460786e+02
   2.9857815e+02   2.7060820e+02
   3.1497824e+02   2.7210377e+02
   3.3033782e+02   2.7071504e+02
   3.4527306e+02   2.7406897e+02
   3.3012813e+02   2.7101932e+02
   3.1475690e+02   2.7239609e+02
   2.9831990e+02   2.7084915e+02
