   2.0499571e+02   1.8820690e+02
   2.0615257e+02   2.1513693e+02
   2.1177668e+02   2.4136636e+02
   2.1670603e+02   2.6766526e+02
   2.2717111e+02   2.9219689e+02
   2.4353144e+02   3.1354315e+02
   2.6458287e+02   3.2996551e+02
   2.8845222e+02   3.4211785e+02
   3.1476672e+02   3.4438505e+02
   3.4155738e+02   3.4012912e+02
   3.6438521e+02   3.2529256e+02
   3.8492307e+02   3.0739430e+02
   4.0268358e+02   2.8681667e+02
   4.1304080e+02   2.6175759e+02
   4.1806853e+02   2.3498459e+02
   4.2307983e+02   2.0801195e+02
   4.2715024e+02   1.8128274e+02
   2.2317746e+02   1.4766804e+02
   2.3675850e+02   1.3661872e+02
   2.5361442e+02   1.3206537e+02
   2.7079228e+02   1.3546341e+02
   2.8798307e+02   1.3769789e+02
   3.4533860e+02   1.3734602e+02
   3.6104651e+02   1.3501220e+02
   3.7617367e+02   1.3032500e+02
   3.9183367e+02   1.3149175e+02
   4.0515389e+02   1.3981699e+02
   3.1520746e+02   1.5708355e+02
   3.1533826e+02   1.8004574e+02
   3.1466078e+02   2.0311004e+02
   3.1391357e+02   2.2580465e+02
   2.9360039e+02   2.4050052e+02
   3.0362373e+02   2.4321787e+02
   3.1360319e+02   2.4605648e+02
   3.2497897e+02   2.4337305e+02
   3.3638899e+02   2.4136323e+02
   2.4686590e+02   1.7003843e+02
   2.5987422e+02   1.5956235e+02
   2.7688281e+02   1.6232918e+02
   2.8927566e+02   1.7394069e+02
   2.7450242e+02   1.7775340e+02
   2.5929112e+02   1.7800901e+02
   3.4200494e+02   1.7220976e+02
   3.5393989e+02   1.6023165e+02
   3.7098046e+02   1.5890423e+02
   3.8441809e+02   1.6878655e+02
   3.7170175e+02   1.7682812e+02
   3.5642895e+02   1.7686848e+02
   2.6733389e+02   2.7398770e+02
   2.8337911e+02   2.6821310e+02
   2.9843698e+02   2.6032051e+02
   3.1462621e+02   2.6314030e+02
   3.3091049e+02   2.6060050e+02
   3.4598861e+02   2.6848022e+02
   3.6206494e+02   2.7314857e+02
   3.4666407e+02   2.7825389e+02
   3.3111639e+02   2.8211307e+02
   3.1507134e+02   2.8234784e+02
   2.9875773e+02   2.8246462e+02
   2.8297175e+02   2.7871281e+02
   2.8234618e+02   2.7354406e+02
   2.9848442e+02   2.6908070e+02
   3.1508195e+02   2.7061173e+02
   3.3045037e+02   2.6924497e+02
   3.4534524e+02   2.7291983e+02
   3.3024551e+02   2.6955973e+02
   3.1486771e+02   2.7094477e+02
   2.9822832e+02   2.6936895e+02
