   2.3631791e+02   2.2202233e+02
   2.3745527e+02   2.5152327e+02
   2.3968311e+02   2.8073155e+02
   2.4245518e+02   3.0977413e+02
   2.5210805e+02   3.3733953e+02
   2.6995395e+02   3.6052380e+02
   2.9347146e+02   3.7799193e+02
   3.1915916e+02   3.9201025e+02
   3.4746793e+02   3.9777366e+02
   3.7493061e+02   3.8992412e+02
   3.9933866e+02   3.7524916e+02
   4.2093940e+02   3.5660478e+02
   4.3576098e+02   3.3224257e+02
   4.4499425e+02   3.0522372e+02
   4.4818037e+02   2.7681641e+02
   4.5248589e+02   2.4856304e+02
   4.5405489e+02   2.2027314e+02
   2.5086553e+02   1.8999591e+02
   2.6654670e+02   1.8338760e+02
   2.8345497e+02   1.8139679e+02
   3.0044016e+02   1.8083611e+02
   3.1688802e+02   1.8460809e+02
   3.7166194e+02   1.8496963e+02
   3.8658595e+02   1.8108129e+02
   4.0188599e+02   1.8002938e+02
   4.1727468e+02   1.8078785e+02
   4.3141203e+02   1.8626096e+02
   3.4621847e+02   2.0684838e+02
   3.4643427e+02   2.2463487e+02
   3.4709552e+02   2.4238177e+02
   3.4670169e+02   2.6005282e+02
   3.2432900e+02   2.8516818e+02
   3.3497345e+02   2.8785200e+02
   3.4574633e+02   2.8810299e+02
   3.5533900e+02   2.8781556e+02
   3.6450874e+02   2.8522558e+02
   2.7054419e+02   2.1617315e+02
   2.8431278e+02   2.1421755e+02
   2.9833166e+02   2.1416480e+02
   3.1172438e+02   2.1638105e+02
   2.9799197e+02   2.2043181e+02
   2.8372249e+02   2.2080605e+02
   3.7697216e+02   2.1618581e+02
   3.9053269e+02   2.1432184e+02
   4.0441465e+02   2.1570170e+02
   4.1772574e+02   2.1695769e+02
   4.0437411e+02   2.2123205e+02
   3.9027989e+02   2.2037086e+02
   2.9688945e+02   3.1453795e+02
   3.1298176e+02   3.0850954e+02
   3.2895196e+02   3.0221752e+02
   3.4474793e+02   3.0696505e+02
   3.6155686e+02   3.0279184e+02
   3.7843563e+02   3.0842075e+02
   3.9501337e+02   3.1409254e+02
   3.8096844e+02   3.2689664e+02
   3.6440008e+02   3.3599182e+02
   3.4595136e+02   3.3941833e+02
   3.2723059e+02   3.3602770e+02
   3.1029979e+02   3.2759089e+02
   3.0116843e+02   3.1540838e+02
   3.2340231e+02   3.1437633e+02
   3.4531835e+02   3.1670506e+02
   3.6749178e+02   3.1320789e+02
   3.8968155e+02   3.1531792e+02
   3.6764129e+02   3.2045808e+02
   3.4576666e+02   3.2555327e+02
   3.2338434e+02   3.2023987e+02
