   2.3619218e+02   2.2267507e+02
   2.3737598e+02   2.5239968e+02
   2.3970622e+02   2.8201804e+02
   2.4265957e+02   3.1153428e+02
   2.5211779e+02   3.3957691e+02
   2.7017850e+02   3.6299272e+02
   2.9449627e+02   3.8018802e+02
   3.2075218e+02   3.9380672e+02
   3.4964346e+02   3.9924017e+02
   3.7642522e+02   3.9038474e+02
   4.0027826e+02   3.7487128e+02
   4.2139941e+02   3.5615037e+02
   4.3599235e+02   3.3167513e+02
   4.4500338e+02   3.0488900e+02
   4.4752027e+02   2.7664348e+02
   4.5201888e+02   2.4868140e+02
   4.5371411e+02   2.2064874e+02
   2.5266123e+02   1.9096484e+02
   2.6826021e+02   1.8589047e+02
   2.8429887e+02   1.8385710e+02
   3.0064370e+02   1.8385029e+02
   3.1644689e+02   1.8740760e+02
   3.7203098e+02   1.8696824e+02
   3.8709132e+02   1.8375034e+02
   4.0239307e+02   1.8209871e+02
   4.1778124e+02   1.8200169e+02
   4.3179230e+02   1.8760255e+02
   3.4659831e+02   2.1012412e+02
   3.4629171e+02   2.2747666e+02
   3.4621891e+02   2.4485700e+02
   3.4655308e+02   2.6198971e+02
   3.2339731e+02   2.8596471e+02
   3.3422276e+02   2.8932849e+02
   3.4529046e+02   2.9056707e+02
   3.5560238e+02   2.8995521e+02
   3.6508120e+02   2.8617306e+02
   2.7189368e+02   2.1642909e+02
   2.8480315e+02   2.0892734e+02
   2.9977223e+02   2.0959633e+02
   3.1140313e+02   2.1877409e+02
   2.9794403e+02   2.2135563e+02
   2.8433065e+02   2.2164372e+02
   3.7662027e+02   2.1614502e+02
   3.8941688e+02   2.0873917e+02
   4.0412080e+02   2.0831736e+02
   4.1652571e+02   2.1593256e+02
   4.0336571e+02   2.2026484e+02
   3.8969860e+02   2.2009189e+02
   2.9509357e+02   3.1459093e+02
   3.1143364e+02   3.0907044e+02
   3.2797524e+02   3.0407886e+02
   3.4412740e+02   3.0807633e+02
   3.6142912e+02   3.0382871e+02
   3.7901312e+02   3.0846760e+02
   3.9611812e+02   3.1430982e+02
   3.8262793e+02   3.2817325e+02
   3.6543501e+02   3.3684000e+02
   3.4647394e+02   3.3999770e+02
   3.2670987e+02   3.3717816e+02
   3.0853449e+02   3.2906537e+02
   2.9896726e+02   3.1624404e+02
   3.2290525e+02   3.1442132e+02
   3.4643603e+02   3.1668236e+02
   3.6817620e+02   3.1326236e+02
   3.8998758e+02   3.1573212e+02
   3.6796512e+02   3.2226735e+02
   3.4596904e+02   3.2747726e+02
   3.2221633e+02   3.2221665e+02
