   2.2113685e+02   2.3958207e+02
   2.2169495e+02   2.6881725e+02
   2.2460848e+02   2.9805746e+02
   2.3153201e+02   3.2640339e+02
   2.4355831e+02   3.5301824e+02
   2.6205464e+02   3.7559103e+02
   2.8533937e+02   3.9311675e+02
   3.1192742e+02   4.0474968e+02
   3.4058759e+02   4.0923611e+02
   3.6784735e+02   4.0263475e+02
   3.9194338e+02   3.8788356e+02
   4.1114213e+02   3.6742883e+02
   4.2812442e+02   3.4496019e+02
   4.3792800e+02   3.1867132e+02
   4.4199992e+02   2.9102023e+02
   4.4517205e+02   2.6286238e+02
   4.4576892e+02   2.3502704e+02
   2.4502168e+02   2.2023276e+02
   2.6086235e+02   2.0904061e+02
   2.8027677e+02   2.0692677e+02
   2.9973266e+02   2.1044169e+02
   3.1840172e+02   2.1621691e+02
   3.5805019e+02   2.1220632e+02
   3.7668198e+02   2.0628676e+02
   3.9564801e+02   2.0251318e+02
   4.1439054e+02   2.0624656e+02
   4.2816581e+02   2.1934936e+02
   3.3898294e+02   2.2916241e+02
   3.4019077e+02   2.4998940e+02
   3.4107619e+02   2.7053094e+02
   3.4158733e+02   2.9120007e+02
   3.1114903e+02   3.0031362e+02
   3.2505363e+02   3.0834023e+02
   3.4073604e+02   3.1031459e+02
   3.5539084e+02   3.0916640e+02
   3.6813929e+02   3.0207670e+02
   2.6600667e+02   2.3982355e+02
   2.7749833e+02   2.2826110e+02
   2.9406860e+02   2.2792324e+02
   3.0670000e+02   2.3810857e+02
   2.9333248e+02   2.4119595e+02
   2.7949959e+02   2.4162640e+02
   3.6485457e+02   2.3832039e+02
   3.7625230e+02   2.2798777e+02
   3.9162538e+02   2.2798036e+02
   4.0393806e+02   2.3709816e+02
   3.9101829e+02   2.3996282e+02
   3.7786397e+02   2.4051805e+02
   3.0114465e+02   3.3208912e+02
   3.1362309e+02   3.3174503e+02
   3.2604743e+02   3.3048776e+02
   3.3817945e+02   3.3234761e+02
   3.5230489e+02   3.3163634e+02
   3.6634940e+02   3.3230704e+02
   3.8017746e+02   3.3427468e+02
   3.6695500e+02   3.3991549e+02
   3.5327087e+02   3.4413772e+02
   3.3917131e+02   3.4471215e+02
   3.2561141e+02   3.4333515e+02
   3.1279173e+02   3.3898464e+02
   3.0692495e+02   3.3356301e+02
   3.2288106e+02   3.3420757e+02
   3.3857567e+02   3.3619321e+02
   3.5709262e+02   3.3479935e+02
   3.7529770e+02   3.3419508e+02
   3.5684617e+02   3.3502921e+02
   3.3857470e+02   3.3644972e+02
   3.2275134e+02   3.3448192e+02
