   2.2097860e+02   2.3986561e+02
   2.2151666e+02   2.6901235e+02
   2.2441866e+02   2.9816966e+02
   2.3129314e+02   3.2644257e+02
   2.4305382e+02   3.5309911e+02
   2.6182481e+02   3.7531717e+02
   2.8499682e+02   3.9285620e+02
   3.1130274e+02   4.0485415e+02
   3.3988256e+02   4.0927839e+02
   3.6722896e+02   4.0286706e+02
   3.9131818e+02   3.8807833e+02
   4.1074010e+02   3.6773132e+02
   4.2797973e+02   3.4542551e+02
   4.3804271e+02   3.1919961e+02
   4.4210583e+02   2.9146774e+02
   4.4531335e+02   2.6328120e+02
   4.4610511e+02   2.3539899e+02
   2.4481013e+02   2.1925960e+02
   2.6039838e+02   2.0768938e+02
   2.7976826e+02   2.0529552e+02
   2.9921094e+02   2.0879041e+02
   3.1783210e+02   2.1474711e+02
   3.5779151e+02   2.1082513e+02
   3.7669495e+02   2.0488832e+02
   3.9595868e+02   2.0091127e+02
   4.1487476e+02   2.0507892e+02
   4.2871497e+02   2.1861433e+02
   3.3874829e+02   2.2749850e+02
   3.4008510e+02   2.4842351e+02
   3.4100729e+02   2.6911711e+02
   3.4155208e+02   2.8987954e+02
   3.1050477e+02   2.9837335e+02
   3.2455170e+02   3.0712224e+02
   3.4078011e+02   3.0911057e+02
   3.5570748e+02   3.0756708e+02
   3.6839375e+02   2.9980898e+02
   2.6537895e+02   2.3883099e+02
   2.7722113e+02   2.2727165e+02
   2.9397326e+02   2.2690163e+02
   3.0675768e+02   2.3725514e+02
   2.9314701e+02   2.4067622e+02
   2.7900364e+02   2.4132858e+02
   3.6459617e+02   2.3765719e+02
   3.7613137e+02   2.2688898e+02
   3.9189389e+02   2.2663620e+02
   4.0427725e+02   2.3626433e+02
   3.9122991e+02   2.3947980e+02
   3.7783657e+02   2.3992931e+02
   3.0021405e+02   3.3201718e+02
   3.1313248e+02   3.3081133e+02
   3.2593426e+02   3.2857660e+02
   3.3833574e+02   3.3126548e+02
   3.5254536e+02   3.2995059e+02
   3.6664890e+02   3.3159186e+02
   3.8067015e+02   3.3392876e+02
   3.6717164e+02   3.3971113e+02
   3.5341086e+02   3.4456518e+02
   3.3905570e+02   3.4536637e+02
   3.2524432e+02   3.4368588e+02
   3.1237685e+02   3.3856475e+02
   3.0652853e+02   3.3331836e+02
   3.2269133e+02   3.3350801e+02
   3.3859597e+02   3.3554123e+02
   3.5686144e+02   3.3420370e+02
   3.7482746e+02   3.3396907e+02
   3.5657618e+02   3.3443953e+02
   3.3855035e+02   3.3585343e+02
   3.2254216e+02   3.3383426e+02
