   2.0249218e+02   2.0567727e+02
   2.0216963e+02   2.3485028e+02
   2.0428010e+02   2.6366022e+02
   2.0575092e+02   2.9263240e+02
   2.1048707e+02   3.2103224e+02
   2.2400938e+02   3.4648880e+02
   2.4440865e+02   3.6678577e+02
   2.6972473e+02   3.8067477e+02
   2.9819121e+02   3.8401596e+02
   3.2585189e+02   3.8167210e+02
   3.4931787e+02   3.6635111e+02
   3.6849982e+02   3.4586881e+02
   3.8500909e+02   3.2321030e+02
   3.9238131e+02   2.9632857e+02
   3.9831887e+02   2.6872762e+02
   4.0248809e+02   2.4085215e+02
   4.0675406e+02   2.1335993e+02
   2.1851664e+02   1.7618302e+02
   2.3101835e+02   1.7036561e+02
   2.4464357e+02   1.6930229e+02
   2.5744169e+02   1.7458965e+02
   2.7074493e+02   1.7580538e+02
   3.3247452e+02   1.7558511e+02
   3.4364034e+02   1.7488127e+02
   3.5487838e+02   1.7450507e+02
   3.6603534e+02   1.7431697e+02
   3.7703549e+02   1.7537748e+02
   3.0182189e+02   2.0949474e+02
   3.0211422e+02   2.2320319e+02
   3.0205646e+02   2.3668598e+02
   3.0205419e+02   2.5027549e+02
   2.8032948e+02   2.7748926e+02
   2.9094503e+02   2.7812657e+02
   3.0147443e+02   2.7842349e+02
   3.1023070e+02   2.7813030e+02
   3.1883287e+02   2.7783421e+02
   2.3499743e+02   2.0837197e+02
   2.4804776e+02   1.9899121e+02
   2.6417828e+02   2.0135778e+02
   2.7446902e+02   2.1372163e+02
   2.6047839e+02   2.1785839e+02
   2.4607863e+02   2.1713311e+02
   3.2864435e+02   2.1431690e+02
   3.3975709e+02   2.0090110e+02
   3.5736828e+02   2.0037692e+02
   3.7162549e+02   2.1060321e+02
   3.5877014e+02   2.1876663e+02
   3.4334436e+02   2.1871307e+02
   2.5639084e+02   3.1963884e+02
   2.6998731e+02   3.1025549e+02
   2.8404293e+02   3.0171186e+02
   2.9988816e+02   3.0285107e+02
   3.1543318e+02   3.0164754e+02
   3.2919264e+02   3.0956709e+02
   3.4232599e+02   3.1835787e+02
   3.2972613e+02   3.2749610e+02
   3.1400432e+02   3.2802413e+02
   2.9825659e+02   3.2754901e+02
   2.8376485e+02   3.2770421e+02
   2.6974148e+02   3.2489094e+02
   2.6847541e+02   3.1674507e+02
   2.8338313e+02   3.1130007e+02
   2.9906858e+02   3.1001659e+02
   3.1873003e+02   3.1063611e+02
   3.3658854e+02   3.1849535e+02
   3.1726618e+02   3.1890541e+02
   2.9822744e+02   3.1740507e+02
   2.8328311e+02   3.1704283e+02
