   1.6465088e+02   2.5624322e+02
   1.6780923e+02   2.8922745e+02
   1.7831405e+02   3.2042937e+02
   1.8935305e+02   3.5156777e+02
   2.0681938e+02   3.7954254e+02
   2.3165591e+02   4.0148686e+02
   2.6231331e+02   4.1343954e+02
   2.9495653e+02   4.1936800e+02
   3.2740851e+02   4.1620204e+02
   3.5794567e+02   4.0853619e+02
   3.8495044e+02   3.9283100e+02
   4.0688307e+02   3.7048328e+02
   4.2114228e+02   3.4257852e+02
   4.2370756e+02   3.1128802e+02
   4.2219434e+02   2.8001238e+02
   4.2359185e+02   2.4869815e+02
   4.1349283e+02   2.1965028e+02
   1.8291582e+02   2.2684864e+02
   1.9485319e+02   2.0439537e+02
   2.1699193e+02   1.9280214e+02
   2.4226371e+02   1.9638997e+02
   2.6421474e+02   2.0883012e+02
   3.0662654e+02   2.0201659e+02
   3.2719369e+02   1.8616542e+02
   3.5157967e+02   1.7740885e+02
   3.7656679e+02   1.8268551e+02
   3.9268302e+02   2.0226678e+02
   2.8910095e+02   2.1459568e+02
   2.9339677e+02   2.3612511e+02
   2.9790627e+02   2.5771765e+02
   3.0250401e+02   2.7901392e+02
   2.6181823e+02   2.9517194e+02
   2.8543500e+02   3.0167505e+02
   3.0983791e+02   3.0162066e+02
   3.2869081e+02   2.9358065e+02
   3.4196935e+02   2.7809033e+02
   2.0661532e+02   2.3979029e+02
   2.2003811e+02   2.2495948e+02
   2.4017639e+02   2.2304478e+02
   2.5707495e+02   2.3357371e+02
   2.4037625e+02   2.3820658e+02
   2.2347942e+02   2.4120735e+02
   3.2338223e+02   2.2278393e+02
   3.3676217e+02   2.1041933e+02
   3.5510069e+02   2.0838661e+02
   3.7110965e+02   2.1697824e+02
   3.5561409e+02   2.2165073e+02
   3.3953217e+02   2.2249329e+02
   2.4957820e+02   3.3227042e+02
   2.6970666e+02   3.2608445e+02
   2.8999473e+02   3.2087254e+02
   3.1080440e+02   3.1833291e+02
   3.2997342e+02   3.1182969e+02
   3.5031936e+02   3.1052687e+02
   3.7054644e+02   3.0947317e+02
   3.5692274e+02   3.2729982e+02
   3.3921480e+02   3.4077482e+02
   3.1770540e+02   3.4609324e+02
   2.9285588e+02   3.4990462e+02
   2.6803456e+02   3.4777680e+02
   2.5614238e+02   3.3475621e+02
   2.8500923e+02   3.3373972e+02
   3.1334239e+02   3.2983614e+02
   3.3963624e+02   3.2434433e+02
   3.6450190e+02   3.1465033e+02
   3.4009186e+02   3.2595910e+02
   3.1404146e+02   3.3254315e+02
   2.8507745e+02   3.3624404e+02
