   1.6526961e+02   2.5563672e+02
   1.6641813e+02   2.8890380e+02
   1.7739163e+02   3.2059043e+02
   1.8913413e+02   3.5175812e+02
   2.0595649e+02   3.8057011e+02
   2.3020858e+02   4.0345946e+02
   2.6130044e+02   4.1530376e+02
   2.9423997e+02   4.2082236e+02
   3.2736470e+02   4.1857284e+02
   3.5722416e+02   4.0877383e+02
   3.8412404e+02   3.9302573e+02
   4.0679176e+02   3.7139072e+02
   4.2106081e+02   3.4370802e+02
   4.2230428e+02   3.1248743e+02
   4.2213746e+02   2.8125490e+02
   4.2449445e+02   2.4974187e+02
   4.1634189e+02   2.2022436e+02
   1.8203614e+02   2.3021362e+02
   1.9308433e+02   2.0674642e+02
   2.1472254e+02   1.9327382e+02
   2.4021974e+02   1.9778122e+02
   2.6360381e+02   2.0873216e+02
   3.0549826e+02   2.0206047e+02
   3.2724733e+02   1.8779519e+02
   3.5072767e+02   1.7734644e+02
   3.7552042e+02   1.8219987e+02
   3.9183422e+02   2.0149785e+02
   2.8850784e+02   2.1229072e+02
   2.9309780e+02   2.3501671e+02
   2.9721499e+02   2.5787530e+02
   3.0202099e+02   2.8032920e+02
   2.5916074e+02   2.9368811e+02
   2.8282743e+02   3.0198017e+02
   3.0759666e+02   3.0231288e+02
   3.2607309e+02   2.9287909e+02
   3.4070347e+02   2.7835902e+02
   2.0561753e+02   2.4059195e+02
   2.1991941e+02   2.2608525e+02
   2.4028259e+02   2.2369726e+02
   2.5749790e+02   2.3440446e+02
   2.4026218e+02   2.3836773e+02
   2.2299113e+02   2.4136322e+02
   3.2289392e+02   2.2383406e+02
   3.3686672e+02   2.1120605e+02
   3.5542918e+02   2.0787095e+02
   3.7186713e+02   2.1660512e+02
   3.5610035e+02   2.2223828e+02
   3.3950325e+02   2.2317185e+02
   2.4996114e+02   3.3346441e+02
   2.6944327e+02   3.2592530e+02
   2.8941181e+02   3.1967532e+02
   3.1008104e+02   3.1899664e+02
   3.2828709e+02   3.1034927e+02
   3.4885630e+02   3.1058417e+02
   3.6908470e+02   3.1202714e+02
   3.5754795e+02   3.3262887e+02
   3.3814373e+02   3.4622542e+02
   3.1537674e+02   3.5218370e+02
   2.8995334e+02   3.5664667e+02
   2.6477581e+02   3.5296006e+02
   2.5635879e+02   3.3680363e+02
   2.8435485e+02   3.3329121e+02
   3.1175566e+02   3.2902342e+02
   3.3888995e+02   3.2283177e+02
   3.6546110e+02   3.1509519e+02
   3.4088112e+02   3.3087080e+02
   3.1389548e+02   3.4186677e+02
   2.8465524e+02   3.4364060e+02
