   1.6483149e+02   2.5603105e+02
   1.6749317e+02   2.8905663e+02
   1.7809121e+02   3.2035208e+02
   1.8927852e+02   3.5147523e+02
   2.0656686e+02   3.7963276e+02
   2.3123182e+02   4.0179746e+02
   2.6196361e+02   4.1372230e+02
   2.9464926e+02   4.1955083e+02
   3.2723616e+02   4.1661484e+02
   3.5759273e+02   4.0846189e+02
   3.8456195e+02   3.9277447e+02
   4.0666250e+02   3.7062145e+02
   4.2092233e+02   3.4279522e+02
   4.2317671e+02   3.1154576e+02
   4.2199900e+02   2.8030150e+02
   4.2362832e+02   2.4896351e+02
   4.1399906e+02   2.1982589e+02
   1.8272789e+02   2.2761105e+02
   1.9445112e+02   2.0493878e+02
   2.1645681e+02   1.9291190e+02
   2.4175997e+02   1.9671919e+02
   2.6403022e+02   2.0880499e+02
   3.0629164e+02   2.0204557e+02
   3.2712695e+02   1.8658568e+02
   3.5128494e+02   1.7745128e+02
   3.7620553e+02   1.8263254e+02
   3.9234742e+02   2.0213779e+02
   2.8890377e+02   2.1404929e+02
   2.9325914e+02   2.3584520e+02
   2.9766309e+02   2.5772155e+02
   3.0230295e+02   2.7927468e+02
   2.6114072e+02   2.9476645e+02
   2.8473996e+02   3.0168693e+02
   3.0919799e+02   3.0172251e+02
   3.2793900e+02   2.9337568e+02
   3.4153905e+02   2.7816227e+02
   2.0637925e+02   2.3994306e+02
   2.1999935e+02   2.2520159e+02
   2.4017543e+02   2.2318373e+02
   2.5713115e+02   2.3375282e+02
   2.4031926e+02   2.3821980e+02
   2.2334891e+02   2.4121180e+02
   3.2317843e+02   2.2304484e+02
   3.3668988e+02   2.1062944e+02
   3.5506801e+02   2.0829635e+02
   3.7116166e+02   2.1692230e+02
   3.5561432e+02   2.2181502e+02
   3.3942306e+02   2.2267269e+02
   2.4961973e+02   3.3247215e+02
   2.6957972e+02   3.2597689e+02
   2.8977337e+02   3.2051914e+02
   3.1053246e+02   3.1843903e+02
   3.2945277e+02   3.1143442e+02
   3.4983096e+02   3.1050787e+02
   3.7003961e+02   3.1005876e+02
   3.5690908e+02   3.2851182e+02
   3.3880812e+02   3.4199132e+02
   3.1702089e+02   3.4744526e+02
   2.9206690e+02   3.5139604e+02
   2.6719478e+02   3.4889861e+02
   2.5614791e+02   3.3515807e+02
   2.8477440e+02   3.3355697e+02
   3.1285527e+02   3.2957994e+02
   3.3932068e+02   3.2394158e+02
   3.6456394e+02   3.1472642e+02
   3.4013628e+02   3.2706583e+02
   3.1389244e+02   3.3466455e+02
   2.8489745e+02   3.3790019e+02
