   2.3250589e+02   1.7445670e+02
   2.2979282e+02   2.0308440e+02
   2.3256663e+02   2.3157902e+02
   2.3674176e+02   2.6002145e+02
   2.4340626e+02   2.8766780e+02
   2.5763405e+02   3.1232579e+02
   2.7905331e+02   3.3126258e+02
   3.0564416e+02   3.4156522e+02
   3.3384854e+02   3.4630231e+02
   3.6058677e+02   3.4447647e+02
   3.8573273e+02   3.3488434e+02
   4.0668727e+02   3.1819773e+02
   4.2309704e+02   2.9707866e+02
   4.3393002e+02   2.7253914e+02
   4.4117447e+02   2.4667837e+02
   4.4817715e+02   2.2055475e+02
   4.5171704e+02   1.9413478e+02
   2.4879969e+02   1.5231331e+02
   2.6697050e+02   1.4485511e+02
   2.8648467e+02   1.4473262e+02
   3.0479958e+02   1.5187874e+02
   3.2134879e+02   1.6229871e+02
   3.6128694e+02   1.6532829e+02
   3.7863502e+02   1.5558785e+02
   3.9798339e+02   1.5167488e+02
   4.1761163e+02   1.5224402e+02
   4.3557473e+02   1.6012202e+02
   3.4312487e+02   1.6925054e+02
   3.4159711e+02   1.8744657e+02
   3.3975809e+02   2.0558691e+02
   3.3906443e+02   2.2380004e+02
   3.1502584e+02   2.3494058e+02
   3.2520358e+02   2.4330953e+02
   3.3812013e+02   2.4490751e+02
   3.5187179e+02   2.4367791e+02
   3.6231928e+02   2.3474774e+02
   2.6888963e+02   1.8055440e+02
   2.8365311e+02   1.7445071e+02
   2.9958300e+02   1.7756388e+02
   3.1460596e+02   1.8379988e+02
   2.9940937e+02   1.8209686e+02
   2.8407596e+02   1.8121508e+02
   3.6759734e+02   1.8575414e+02
   3.8312289e+02   1.7903626e+02
   3.9988281e+02   1.7857927e+02
   4.1446721e+02   1.8657552e+02
   3.9868689e+02   1.8704159e+02
   3.8311030e+02   1.8646190e+02
   2.9322278e+02   2.6711798e+02
   3.0755606e+02   2.6199630e+02
   3.2244512e+02   2.5858050e+02
   3.3737706e+02   2.5951252e+02
   3.5070601e+02   2.6041768e+02
   3.6340952e+02   2.6408341e+02
   3.7452587e+02   2.7098919e+02
   3.6200218e+02   2.7801288e+02
   3.4856027e+02   2.8268713e+02
   3.3445307e+02   2.8446672e+02
   3.1958416e+02   2.8123771e+02
   3.0519138e+02   2.7625134e+02
   3.0390364e+02   2.6834448e+02
   3.1458450e+02   2.6811546e+02
   3.3571535e+02   2.6894344e+02
   3.5531015e+02   2.6885137e+02
   3.6491801e+02   2.6907341e+02
   3.5510335e+02   2.6929545e+02
   3.3571579e+02   2.6931298e+02
   3.1428487e+02   2.6857350e+02
