   2.3255881e+02   1.7390839e+02
   2.2985152e+02   2.0255500e+02
   2.3263162e+02   2.3104672e+02
   2.3681688e+02   2.5950615e+02
   2.4354451e+02   2.8713740e+02
   2.5786202e+02   3.1175503e+02
   2.7918499e+02   3.3082070e+02
   3.0578743e+02   3.4110393e+02
   3.3401097e+02   3.4583663e+02
   3.6085716e+02   3.4398265e+02
   3.8590933e+02   3.3440504e+02
   4.0713663e+02   3.1783887e+02
   4.2357337e+02   2.9675582e+02
   4.3411362e+02   2.7197133e+02
   4.4130868e+02   2.4609952e+02
   4.4838267e+02   2.1996037e+02
   4.5191445e+02   1.9354144e+02
   2.4860953e+02   1.5147022e+02
   2.6654334e+02   1.4303175e+02
   2.8646439e+02   1.4299480e+02
   3.0525839e+02   1.4982330e+02
   3.2192599e+02   1.6067940e+02
   3.6084570e+02   1.6297861e+02
   3.7859307e+02   1.5304196e+02
   3.9848350e+02   1.4937728e+02
   4.1859175e+02   1.4993255e+02
   4.3616258e+02   1.5909436e+02
   3.4324673e+02   1.6866989e+02
   3.4172277e+02   1.8687789e+02
   3.3988735e+02   2.0503024e+02
   3.3919802e+02   2.2325513e+02
   3.1596834e+02   2.3647194e+02
   3.2609250e+02   2.4360359e+02
   3.3836063e+02   2.4511168e+02
   3.5130084e+02   2.4377231e+02
   3.6163284e+02   2.3613934e+02
   2.6850106e+02   1.8035783e+02
   2.8321440e+02   1.7312848e+02
   2.9960175e+02   1.7607946e+02
   3.1469778e+02   1.8319966e+02
   2.9926063e+02   1.8227453e+02
   2.8378705e+02   1.8174034e+02
   3.6776157e+02   1.8519078e+02
   3.8336905e+02   1.7762145e+02
   4.0054961e+02   1.7735824e+02
   4.1479750e+02   1.8648406e+02
   3.9900697e+02   1.8771145e+02
   3.8331530e+02   1.8669583e+02
   2.9468492e+02   2.7054635e+02
   3.0813428e+02   2.6396313e+02
   3.2254432e+02   2.5958848e+02
   3.3731306e+02   2.6067073e+02
   3.5107125e+02   2.6096501e+02
   3.6396604e+02   2.6559666e+02
   3.7497480e+02   2.7358621e+02
   3.6220192e+02   2.7946809e+02
   3.4904166e+02   2.8439780e+02
   3.3513618e+02   2.8606185e+02
   3.2072764e+02   2.8324321e+02
   3.0714370e+02   2.7747903e+02
   3.0500979e+02   2.6971594e+02
   3.1533465e+02   2.6949649e+02
   3.3591955e+02   2.7032795e+02
   3.5574140e+02   2.7024392e+02
   3.6535810e+02   2.7044831e+02
   3.5549716e+02   2.7065271e+02
   3.3593214e+02   2.7067475e+02
   3.1507085e+02   2.6993539e+02
