   2.3259345e+02   1.7403287e+02
   2.2988878e+02   2.0265728e+02
   2.3266849e+02   2.3113542e+02
   2.3685102e+02   2.5957266e+02
   2.4355204e+02   2.8719545e+02
   2.5782744e+02   3.1181589e+02
   2.7918286e+02   3.3081443e+02
   3.0576823e+02   3.4109724e+02
   3.3396994e+02   3.4582574e+02
   3.6076078e+02   3.4398028e+02
   3.8583453e+02   3.3439889e+02
   4.0694689e+02   3.1779645e+02
   4.2336159e+02   2.9670833e+02
   4.3400330e+02   2.7202827e+02
   4.4121231e+02   2.4617332e+02
   4.4824909e+02   2.2005312e+02
   4.5177909e+02   1.9364669e+02
   2.4872744e+02   1.5170879e+02
   2.6673935e+02   1.4364695e+02
   2.8649126e+02   1.4357073e+02
   3.0509115e+02   1.5051123e+02
   3.2170728e+02   1.6118506e+02
   3.6101710e+02   1.6376125e+02
   3.7860178e+02   1.5391261e+02
   3.9827015e+02   1.5015255e+02
   4.1817987e+02   1.5071622e+02
   4.3588609e+02   1.5938338e+02
   3.4319531e+02   1.6879643e+02
   3.4167287e+02   1.8699031e+02
   3.3983920e+02   2.0512860e+02
   3.3915073e+02   2.2333935e+02
   3.1562156e+02   2.3577364e+02
   3.2576600e+02   2.4336693e+02
   3.3827588e+02   2.4490439e+02
   3.5151411e+02   2.4360788e+02
   3.6188412e+02   2.3549685e+02
   2.6868724e+02   1.8033889e+02
   2.8341160e+02   1.7353838e+02
   2.9961773e+02   1.7654665e+02
   3.1467547e+02   1.8333082e+02
   2.9933712e+02   1.8211826e+02
   2.8392429e+02   1.8145579e+02
   3.6768188e+02   1.8529844e+02
   3.8325020e+02   1.7805706e+02
   4.0026120e+02   1.7771492e+02
   4.1462963e+02   1.8640423e+02
   3.9885223e+02   1.8735408e+02
   3.8321129e+02   1.8650685e+02
   2.9415173e+02   2.6911980e+02
   3.0793388e+02   2.6309750e+02
   3.2251866e+02   2.5908520e+02
   3.3734278e+02   2.6010635e+02
   3.5093349e+02   2.6062900e+02
   3.6374942e+02   2.6489639e+02
   3.7480179e+02   2.7246121e+02
   3.6212740e+02   2.7876963e+02
   3.4886480e+02   2.8360228e+02
   3.3488787e+02   2.8531033e+02
   3.2030978e+02   2.8234052e+02
   3.0642374e+02   2.7687762e+02
   3.0460935e+02   2.6906616e+02
   3.1506697e+02   2.6884314e+02
   3.3585328e+02   2.6966837e+02
   3.5558174e+02   2.6958142e+02
   3.6519176e+02   2.6979234e+02
   3.5535177e+02   2.7000326e+02
   3.3586077e+02   2.7002320e+02
   3.1478943e+02   2.6928918e+02
