   1.9236010e+02   1.6812584e+02
   1.9363882e+02   2.0089670e+02
   2.0074627e+02   2.3274406e+02
   2.0824778e+02   2.6455140e+02
   2.1804395e+02   2.9575524e+02
   2.3341138e+02   3.2433886e+02
   2.5341091e+02   3.5008220e+02
   2.7966664e+02   3.6960782e+02
   3.1117907e+02   3.7527977e+02
   3.4143412e+02   3.7017318e+02
   3.6578076e+02   3.5081248e+02
   3.8676396e+02   3.2753424e+02
   4.0383789e+02   3.0156777e+02
   4.1503644e+02   2.7251710e+02
   4.1867528e+02   2.4142111e+02
   4.2169580e+02   2.1041562e+02
   4.2341938e+02   1.7944737e+02
   2.1751658e+02   1.3546840e+02
   2.3256918e+02   1.2705547e+02
   2.4997505e+02   1.2657223e+02
   2.6719199e+02   1.2930180e+02
   2.8397377e+02   1.3335159e+02
   3.3534427e+02   1.3348933e+02
   3.5242738e+02   1.3027091e+02
   3.6984519e+02   1.3023377e+02
   3.8720831e+02   1.3211846e+02
   4.0353773e+02   1.3774390e+02
   3.1575226e+02   1.6901642e+02
   3.1531117e+02   1.9272078e+02
   3.1542297e+02   2.1608437e+02
   3.1461579e+02   2.3946482e+02
   2.8957847e+02   2.4635642e+02
   3.0085251e+02   2.5111582e+02
   3.1282758e+02   2.5261530e+02
   3.2633347e+02   2.5169553e+02
   3.3893491e+02   2.4717680e+02
   2.3953748e+02   1.6790558e+02
   2.5495922e+02   1.6010551e+02
   2.7215976e+02   1.6043866e+02
   2.8567219e+02   1.7058073e+02
   2.7006616e+02   1.7187178e+02
   2.5432822e+02   1.7226855e+02
   3.3998090e+02   1.7254762e+02
   3.5378973e+02   1.6273422e+02
   3.7082335e+02   1.6264957e+02
   3.8379140e+02   1.7321672e+02
   3.6945334e+02   1.7718427e+02
   3.5458938e+02   1.7566898e+02
   2.6868962e+02   2.8535315e+02
   2.8238523e+02   2.7713650e+02
   2.9770026e+02   2.7395659e+02
   3.1273616e+02   2.7748842e+02
   3.2666065e+02   2.7454498e+02
   3.4047692e+02   2.7807120e+02
   3.5305332e+02   2.8501015e+02
   3.3953757e+02   2.9404556e+02
   3.2596497e+02   3.0213966e+02
   3.1049654e+02   3.0507397e+02
   2.9530780e+02   3.0170694e+02
   2.8150449e+02   2.9460279e+02
   2.8591354e+02   2.8497557e+02
   2.9832259e+02   2.8378080e+02
   3.1057101e+02   2.8473724e+02
   3.2299308e+02   2.8439647e+02
   3.3532394e+02   2.8544562e+02
   3.2345601e+02   2.8753722e+02
   3.1096311e+02   2.8809917e+02
   2.9805400e+02   2.8685034e+02
