   1.8481437e+02   2.1849031e+02
   1.8353093e+02   2.5319076e+02
   1.8871924e+02   2.8757345e+02
   1.9665989e+02   3.2166093e+02
   2.0661797e+02   3.5469639e+02
   2.2711874e+02   3.8248701e+02
   2.5551293e+02   4.0271294e+02
   2.8687211e+02   4.1748911e+02
   3.2093917e+02   4.2166482e+02
   3.5609054e+02   4.1642134e+02
   3.8848176e+02   4.0219555e+02
   4.1799765e+02   3.8273101e+02
   4.4097669e+02   3.5565802e+02
   4.5123247e+02   3.2177389e+02
   4.6025294e+02   2.8751122e+02
   4.6413261e+02   2.5227533e+02
   4.6264011e+02   2.1699631e+02
   2.1021577e+02   2.0357544e+02
   2.2885085e+02   1.9378399e+02
   2.4954431e+02   1.9112238e+02
   2.7050286e+02   1.9285715e+02
   2.8974028e+02   2.0089556e+02
   3.4438349e+02   1.9843457e+02
   3.6586581e+02   1.9080046e+02
   3.8870570e+02   1.8968657e+02
   4.1168765e+02   1.9048126e+02
   4.2994267e+02   2.0279416e+02
   3.1906656e+02   2.1396350e+02
   3.1904908e+02   2.3428207e+02
   3.1900064e+02   2.5469959e+02
   3.1864750e+02   2.7479710e+02
   2.8885787e+02   3.0694739e+02
   3.0464966e+02   3.0832233e+02
   3.2042876e+02   3.0841051e+02
   3.3623429e+02   3.0785057e+02
   3.5189379e+02   3.0733390e+02
   2.3160445e+02   2.2758880e+02
   2.4864391e+02   2.1788699e+02
   2.6804610e+02   2.1829548e+02
   2.8408855e+02   2.2902291e+02
   2.6657696e+02   2.3327228e+02
   2.4846515e+02   2.3331276e+02
   3.5421508e+02   2.3071000e+02
   3.7030675e+02   2.1706353e+02
   3.9128241e+02   2.1475238e+02
   4.0923421e+02   2.2551145e+02
   3.9184044e+02   2.3268032e+02
   3.7300839e+02   2.3226801e+02
   2.7119562e+02   3.4711503e+02
   2.8351708e+02   3.3268414e+02
   3.0039858e+02   3.2431843e+02
   3.1885934e+02   3.2594194e+02
   3.3795879e+02   3.2649471e+02
   3.5558753e+02   3.3398117e+02
   3.6911651e+02   3.4710648e+02
   3.5274337e+02   3.5147716e+02
   3.3593581e+02   3.5384465e+02
   3.1904018e+02   3.5426286e+02
   3.0273067e+02   3.5402214e+02
   2.8645807e+02   3.5240719e+02
   2.8284470e+02   3.3938514e+02
   2.9449379e+02   3.3920015e+02
   3.1885986e+02   3.3960666e+02
   3.4449198e+02   3.4046155e+02
   3.5680425e+02   3.4061022e+02
   3.4438184e+02   3.4075890e+02
   3.1903010e+02   3.3994066e+02
   2.9442359e+02   3.3957014e+02
