   1.8417151e+02   2.1890463e+02
   1.8290131e+02   2.5366631e+02
   1.8809069e+02   2.8810898e+02
   1.9610165e+02   3.2221883e+02
   2.0611389e+02   3.5532705e+02
   2.2669539e+02   3.8311927e+02
   2.5511313e+02   4.0341045e+02
   2.8652677e+02   4.1819495e+02
   3.2065425e+02   4.2221985e+02
   3.5582274e+02   4.1704313e+02
   3.8817953e+02   4.0264573e+02
   4.1764549e+02   3.8307035e+02
   4.4054224e+02   3.5591526e+02
   4.5086626e+02   3.2200964e+02
   4.5989911e+02   2.8772984e+02
   4.6378674e+02   2.5247390e+02
   4.6215054e+02   2.1717314e+02
   2.0942417e+02   2.0401152e+02
   2.2822303e+02   1.9417644e+02
   2.4906794e+02   1.9144614e+02
   2.7017787e+02   1.9327929e+02
   2.8963107e+02   2.0121657e+02
   3.4350790e+02   1.9876683e+02
   3.6503995e+02   1.9114950e+02
   3.8790371e+02   1.8995309e+02
   4.1090397e+02   1.9066251e+02
   4.2935563e+02   2.0273180e+02
   3.1845568e+02   2.1426041e+02
   3.1845370e+02   2.3460530e+02
   3.1841317e+02   2.5503101e+02
   3.1807158e+02   2.7515231e+02
   2.8823742e+02   3.0723240e+02
   3.0408477e+02   3.0868638e+02
   3.1991758e+02   3.0879165e+02
   3.3577147e+02   3.0824601e+02
   3.5146247e+02   3.0766097e+02
   2.3082273e+02   2.2788063e+02
   2.4793186e+02   2.1822432e+02
   2.6738585e+02   2.1886218e+02
   2.8345563e+02   2.2967427e+02
   2.6582647e+02   2.3368538e+02
   2.4764978e+02   2.3380278e+02
   3.5367006e+02   2.3096847e+02
   3.6982415e+02   2.1735129e+02
   3.9082985e+02   2.1505136e+02
   4.0884180e+02   2.2575822e+02
   3.9138894e+02   2.3291485e+02
   3.7250764e+02   2.3255422e+02
   2.7102367e+02   3.4743422e+02
   2.8319746e+02   3.3310021e+02
   2.9993076e+02   3.2481955e+02
   3.1823877e+02   3.2636776e+02
   3.3732434e+02   3.2686139e+02
   3.5492512e+02   3.3431971e+02
   3.6835556e+02   3.4750577e+02
   3.5208925e+02   3.5183954e+02
   3.3539469e+02   3.5417155e+02
   3.1860765e+02   3.5459288e+02
   3.0237558e+02   3.5437805e+02
   2.8619184e+02   3.5276250e+02
   2.8259630e+02   3.3977081e+02
   2.9416892e+02   3.3958953e+02
   3.1836378e+02   3.4006695e+02
   3.4388538e+02   3.4080898e+02
   3.5612047e+02   3.4095681e+02
   3.4376986e+02   3.4110465e+02
   3.1852593e+02   3.4038564e+02
   2.9409488e+02   3.3995210e+02
