   1.8475472e+02   2.1859993e+02
   1.8348430e+02   2.5328709e+02
   1.8870217e+02   2.8764892e+02
   1.9666079e+02   3.2172167e+02
   2.0659810e+02   3.5473199e+02
   2.2707435e+02   3.8253222e+02
   2.5546570e+02   4.0272904e+02
   2.8682321e+02   4.1748238e+02
   3.2087592e+02   4.2172195e+02
   3.5603880e+02   4.1642366e+02
   3.8845187e+02   4.0226502e+02
   4.1800015e+02   3.8282570e+02
   4.4103420e+02   3.5578244e+02
   4.5123036e+02   3.2188845e+02
   4.6021884e+02   2.8760629e+02
   4.6408597e+02   2.5235964e+02
   4.6265983e+02   2.1707285e+02
   2.1025588e+02   2.0367067e+02
   2.2881196e+02   1.9389493e+02
   2.4943345e+02   1.9125155e+02
   2.7032258e+02   1.9292613e+02
   2.8946501e+02   2.0099394e+02
   3.4453742e+02   1.9847804e+02
   3.6599918e+02   1.9084314e+02
   3.8883171e+02   1.8975916e+02
   4.1180631e+02   1.9058433e+02
   4.2997327e+02   2.0301228e+02
   3.1906560e+02   2.1406935e+02
   3.1905294e+02   2.3438511e+02
   3.1902301e+02   2.5480974e+02
   3.1868125e+02   2.7490705e+02
   2.8889615e+02   3.0712010e+02
   3.0466672e+02   3.0843161e+02
   3.2042640e+02   3.0849625e+02
   3.3620632e+02   3.0791353e+02
   3.5185230e+02   3.0743402e+02
   2.3166622e+02   2.2772668e+02
   2.4866511e+02   2.1796371e+02
   2.6804959e+02   2.1821845e+02
   2.8406758e+02   2.2892652e+02
   2.6661924e+02   2.3334448e+02
   2.4854041e+02   2.3335864e+02
   3.5420553e+02   2.3084220e+02
   3.7024571e+02   2.1713876e+02
   3.9121715e+02   2.1480505e+02
   4.0916085e+02   2.2558354e+02
   3.9180081e+02   2.3278997e+02
   3.7298740e+02   2.3236474e+02
   2.7105042e+02   3.4733608e+02
   2.8344196e+02   3.3283665e+02
   3.0039543e+02   3.2440108e+02
   3.1894596e+02   3.2603792e+02
   3.3804343e+02   3.2661696e+02
   3.5568856e+02   3.3409641e+02
   3.6926087e+02   3.4718378e+02
   3.5283636e+02   3.5159907e+02
   3.3596672e+02   3.5399986e+02
   3.1901467e+02   3.5444235e+02
   3.0267392e+02   3.5418111e+02
   2.8636411e+02   3.5256666e+02
   2.8273181e+02   3.3953099e+02
   2.9441321e+02   3.3934488e+02
   3.1887464e+02   3.3970430e+02
   3.4455479e+02   3.4059520e+02
   3.5690783e+02   3.4074315e+02
   3.4444504e+02   3.4089111e+02
   3.1904640e+02   3.4004558e+02
   2.9434592e+02   3.3971711e+02
