   1.8469349e+02   2.1857149e+02
   1.8342288e+02   2.5327603e+02
   1.8863484e+02   2.8766463e+02
   1.9657630e+02   3.2175254e+02
   2.0655793e+02   3.5480004e+02
   2.2710427e+02   3.8256350e+02
   2.5551197e+02   4.0278115e+02
   2.8688248e+02   4.1754330e+02
   3.2095747e+02   4.2167680e+02
   3.5609674e+02   4.1642955e+02
   3.8844915e+02   4.0212876e+02
   4.1793442e+02   3.8263346e+02
   4.4086394e+02   3.5553461e+02
   4.5110975e+02   3.2165372e+02
   4.6013443e+02   2.8740133e+02
   4.6400760e+02   2.5217371e+02
   4.6246752e+02   2.1690228e+02
   2.0994080e+02   2.0357554e+02
   2.2861285e+02   1.9372652e+02
   2.4936027e+02   1.9105440e+02
   2.7037552e+02   1.9280759e+02
   2.8967029e+02   2.0087415e+02
   3.4422265e+02   1.9840822e+02
   3.6569021e+02   1.9071294e+02
   3.8853166e+02   1.8957695e+02
   4.1151280e+02   1.9033913e+02
   4.2978934e+02   2.0262409e+02
   3.1891591e+02   2.1396553e+02
   3.1891750e+02   2.3429233e+02
   3.1889143e+02   2.5471158e+02
   3.1855866e+02   2.7481684e+02
   2.8873562e+02   3.0693220e+02
   3.0455020e+02   3.0832445e+02
   3.2035361e+02   3.0841055e+02
   3.3616643e+02   3.0784669e+02
   3.5182980e+02   3.0730897e+02
   2.3142720e+02   2.2757290e+02
   2.4847999e+02   2.1786107e+02
   2.6790219e+02   2.1834913e+02
   2.8396384e+02   2.2909998e+02
   2.6641346e+02   2.3331432e+02
   2.4827430e+02   2.3337790e+02
   3.5405504e+02   2.3067017e+02
   3.7016063e+02   2.1702894e+02
   3.9113945e+02   2.1470988e+02
   4.0910315e+02   2.2545819e+02
   3.9169878e+02   2.3263043e+02
   3.7285820e+02   2.3222803e+02
   2.7116214e+02   3.4710633e+02
   2.8347814e+02   3.3269676e+02
   3.0033297e+02   3.2433734e+02
   3.1877002e+02   3.2594235e+02
   3.3786520e+02   3.2645658e+02
   3.5548673e+02   3.3394358e+02
   3.6901589e+02   3.4706453e+02
   3.5266802e+02   3.5147699e+02
   3.3587493e+02   3.5385613e+02
   3.1899302e+02   3.5429366e+02
   3.0268336e+02   3.5404889e+02
   2.8641593e+02   3.5241996e+02
   2.8280891e+02   3.3943102e+02
   2.9445568e+02   3.3924668e+02
   3.1879861e+02   3.3964374e+02
   3.4440670e+02   3.4047232e+02
   3.5671129e+02   3.4062111e+02
   3.4429608e+02   3.4076989e+02
   3.1896793e+02   3.3997458e+02
   2.9438728e+02   3.3961535e+02
