   1.9134031e+02   2.3989814e+02
   1.9532189e+02   2.6789794e+02
   2.0057136e+02   2.9556284e+02
   2.0737854e+02   3.2281910e+02
   2.1939997e+02   3.4838387e+02
   2.3539354e+02   3.7147545e+02
   2.5680126e+02   3.8956926e+02
   2.8318507e+02   3.9941403e+02
   3.1073776e+02   4.0415453e+02
   3.3867069e+02   3.9955164e+02
   3.6460824e+02   3.8802173e+02
   3.8564710e+02   3.6945706e+02
   4.0106803e+02   3.4585959e+02
   4.0910516e+02   3.1871223e+02
   4.1228083e+02   2.9049675e+02
   4.1459191e+02   2.6227277e+02
   4.1623043e+02   2.3416665e+02
   2.0906852e+02   1.7948949e+02
   2.1924619e+02   1.6480198e+02
   2.3531677e+02   1.5681364e+02
   2.5322205e+02   1.5706163e+02
   2.7097826e+02   1.5949218e+02
   3.3021972e+02   1.6100889e+02
   3.4797203e+02   1.5693835e+02
   3.6573468e+02   1.5408655e+02
   3.8284314e+02   1.5950827e+02
   3.9475921e+02   1.7255058e+02
   3.0308640e+02   1.8486306e+02
   3.0245066e+02   2.0406487e+02
   3.0308615e+02   2.2319585e+02
   3.0274993e+02   2.4233695e+02
   2.7973846e+02   2.7238363e+02
   2.9119230e+02   2.7300366e+02
   3.0257977e+02   2.7372654e+02
   3.1345719e+02   2.7345569e+02
   3.2424405e+02   2.7241595e+02
   2.3145156e+02   2.0308487e+02
   2.4177556e+02   1.9189228e+02
   2.5715678e+02   1.9157898e+02
   2.7065484e+02   1.9898699e+02
   2.5853248e+02   2.0595734e+02
   2.4460664e+02   2.0744576e+02
   3.3962548e+02   1.9667916e+02
   3.5221801e+02   1.8795082e+02
   3.6752556e+02   1.8943771e+02
   3.7882362e+02   1.9965501e+02
   3.6570051e+02   2.0492905e+02
   3.5152473e+02   2.0402038e+02
   2.5834021e+02   3.1762442e+02
   2.7183755e+02   3.0480671e+02
   2.8802841e+02   2.9654575e+02
   3.0492613e+02   3.0171801e+02
   3.2171764e+02   2.9540106e+02
   3.3837696e+02   3.0295475e+02
   3.5323159e+02   3.1385580e+02
   3.3859217e+02   3.2503233e+02
   3.2197885e+02   3.3279513e+02
   3.0401367e+02   3.3385282e+02
   2.8764661e+02   3.3174172e+02
   2.7223181e+02   3.2617358e+02
   2.6895155e+02   3.1644447e+02
   2.8681516e+02   3.1346261e+02
   3.0462230e+02   3.1408189e+02
   3.2375690e+02   3.1232959e+02
   3.4262672e+02   3.1472250e+02
   3.2358341e+02   3.1280199e+02
   3.0462163e+02   3.1496240e+02
   2.8657609e+02   3.1437444e+02
