   1.9185102e+02   2.3986913e+02
   1.9584914e+02   2.6784252e+02
   2.0111383e+02   2.9548040e+02
   2.0793463e+02   3.2270887e+02
   2.1996410e+02   3.4824357e+02
   2.3596060e+02   3.7130434e+02
   2.5736315e+02   3.8936772e+02
   2.8373173e+02   3.9918546e+02
   3.1126458e+02   4.0390240e+02
   3.3917071e+02   3.9928355e+02
   3.6507824e+02   3.8774492e+02
   3.8608620e+02   3.6918095e+02
   4.0147738e+02   3.4559240e+02
   4.0948846e+02   3.1846219e+02
   4.1264142e+02   2.9026822e+02
   4.1493051e+02   2.6206636e+02
   4.1654769e+02   2.3398275e+02
   2.0952140e+02   1.7949876e+02
   2.1968007e+02   1.6481638e+02
   2.3573144e+02   1.5682336e+02
   2.5362182e+02   1.5705843e+02
   2.7136480e+02   1.5947432e+02
   3.3055746e+02   1.6094768e+02
   3.4829192e+02   1.5686795e+02
   3.6603759e+02   1.5400595e+02
   3.8313549e+02   1.5941095e+02
   3.9505080e+02   1.7243382e+02
   3.0346393e+02   1.8480103e+02
   3.0284236e+02   2.0398712e+02
   3.0349090e+02   2.2310154e+02
   3.0316856e+02   2.4222676e+02
   2.8019781e+02   2.7226448e+02
   2.9164243e+02   2.7287586e+02
   3.0302083e+02   2.7359004e+02
   3.1388890e+02   2.7331169e+02
   3.2466594e+02   2.7226516e+02
   2.3190235e+02   2.0305837e+02
   2.4220971e+02   1.9186788e+02
   2.5757775e+02   1.9154392e+02
   2.7106971e+02   1.9893610e+02
   2.5896250e+02   2.0590919e+02
   2.4504945e+02   2.0740625e+02
   3.3998062e+02   1.9658123e+02
   3.5255635e+02   1.8785129e+02
   3.6785207e+02   1.8932607e+02
   3.7914787e+02   1.9952674e+02
   3.6603955e+02   2.0480565e+02
   3.5187507e+02   2.0390782e+02
   2.5885875e+02   3.1747677e+02
   2.7233215e+02   3.0466135e+02
   2.8849895e+02   2.9639292e+02
   3.0537722e+02   3.0156551e+02
   3.2215098e+02   2.9523382e+02
   3.3879900e+02   3.0277727e+02
   3.5365913e+02   3.1365240e+02
   3.3904615e+02   3.2483857e+02
   3.2245121e+02   3.3260906e+02
   3.0450213e+02   3.3366246e+02
   2.8814319e+02   3.3157297e+02
   2.7272852e+02   3.2604276e+02
   2.6945153e+02   3.1629344e+02
   2.8729684e+02   3.1332980e+02
   3.0508242e+02   3.1393248e+02
   3.2419473e+02   3.1217540e+02
   3.4305143e+02   3.1451996e+02
   3.2402421e+02   3.1264225e+02
   3.0508238e+02   3.1481555e+02
   2.8705627e+02   3.1423968e+02
