   1.9182471e+02   2.3981705e+02
   1.9582892e+02   2.6777649e+02
   2.0109903e+02   2.9540020e+02
   2.0792442e+02   3.2261426e+02
   2.1995560e+02   3.4813385e+02
   2.3595131e+02   3.7117952e+02
   2.5734916e+02   3.8922856e+02
   2.8370844e+02   3.9903433e+02
   3.1123001e+02   4.0374131e+02
   3.3912205e+02   3.9911667e+02
   3.6501442e+02   3.8757599e+02
   3.8600749e+02   3.6901457e+02
   4.0138495e+02   3.4543247e+02
   4.0938466e+02   3.1831242e+02
   4.1252819e+02   2.9013048e+02
   4.1480824e+02   2.6194090e+02
   4.1641672e+02   2.3386971e+02
   2.0946989e+02   1.7946934e+02
   2.1961974e+02   1.6479082e+02
   2.3566149e+02   1.5679691e+02
   2.5354374e+02   1.5702680e+02
   2.7127927e+02   1.5943656e+02
   3.3044521e+02   1.6089248e+02
   3.4817039e+02   1.5680959e+02
   3.6590711e+02   1.5394387e+02
   3.8299871e+02   1.5934155e+02
   3.9491224e+02   1.7235507e+02
   3.0337086e+02   1.8474257e+02
   3.0275501e+02   2.0392004e+02
   3.0340867e+02   2.2302552e+02
   3.0309189e+02   2.4214206e+02
   2.8014018e+02   2.7217252e+02
   2.9157973e+02   2.7278038e+02
   3.0295312e+02   2.7349101e+02
   3.1381613e+02   2.7320971e+02
   3.2458793e+02   2.7216061e+02
   2.3184725e+02   2.0301182e+02
   2.4214671e+02   1.9182353e+02
   2.5750762e+02   1.9149536e+02
   2.7099549e+02   1.9888034e+02
   2.5889581e+02   2.0585366e+02
   2.4498956e+02   2.0735397e+02
   3.3987415e+02   1.9650702e+02
   3.5244165e+02   1.8777753e+02
   3.6773077e+02   1.8924729e+02
   3.7902428e+02   1.9944008e+02
   3.6592347e+02   2.0472029e+02
   3.5176523e+02   2.0382688e+02
   2.5956972e+02   3.1871138e+02
   2.7189888e+02   3.0487053e+02
   2.8837493e+02   2.9690323e+02
   3.0597446e+02   3.0068012e+02
   3.2245183e+02   2.9500119e+02
   3.3876511e+02   3.0247408e+02
   3.5198075e+02   3.1453220e+02
   3.3729006e+02   3.2350407e+02
   3.2193975e+02   3.3080057e+02
   3.0515562e+02   3.3327201e+02
   2.8916339e+02   3.3135641e+02
   2.7441515e+02   3.2486468e+02
   2.6976501e+02   3.1666934e+02
   2.8744129e+02   3.1104964e+02
   3.0568332e+02   3.1192938e+02
   3.2389756e+02   3.0951744e+02
   3.4157435e+02   3.1402290e+02
   3.2362932e+02   3.1044618e+02
   3.0568348e+02   3.1253563e+02
   2.8731267e+02   3.1183376e+02
