   2.1379147e+02   2.0593004e+02
   2.1485264e+02   2.3435876e+02
   2.1876277e+02   2.6256601e+02
   2.2509925e+02   2.9025377e+02
   2.3873897e+02   3.1496113e+02
   2.5504932e+02   3.3820755e+02
   2.7629400e+02   3.5685211e+02
   3.0125335e+02   3.7028400e+02
   3.2891086e+02   3.7484191e+02
   3.5409623e+02   3.6490747e+02
   3.7611020e+02   3.4983779e+02
   3.9502848e+02   3.3065561e+02
   4.0921687e+02   3.0790234e+02
   4.1959844e+02   2.8328256e+02
   4.2261659e+02   2.5659175e+02
   4.2539633e+02   2.2969721e+02
   4.2670928e+02   2.0301623e+02
   2.2981720e+02   1.7797663e+02
   2.4437913e+02   1.6675918e+02
   2.6204658e+02   1.6148820e+02
   2.8031700e+02   1.6030771e+02
   2.9845814e+02   1.6275640e+02
   3.5887985e+02   1.5658044e+02
   3.7440749e+02   1.5432681e+02
   3.9007611e+02   1.5322244e+02
   4.0422418e+02   1.5966087e+02
   4.1437268e+02   1.7136833e+02
   3.2600369e+02   1.9727896e+02
   3.2776817e+02   2.1677669e+02
   3.2927357e+02   2.3634213e+02
   3.3053514e+02   2.5564576e+02
   3.0376713e+02   2.6631758e+02
   3.1630623e+02   2.7105357e+02
   3.2930512e+02   2.7373169e+02
   3.3977212e+02   2.7051898e+02
   3.4827642e+02   2.6386253e+02
   2.5451817e+02   1.9928764e+02
   2.6741738e+02   1.8676197e+02
   2.8547965e+02   1.8871669e+02
   2.9681684e+02   2.0262222e+02
   2.8232452e+02   2.0401650e+02
   2.6792185e+02   2.0431143e+02
   3.4903087e+02   1.9850732e+02
   3.6099068e+02   1.8627162e+02
   3.7761340e+02   1.8363437e+02
   3.9093692e+02   1.9353341e+02
   3.7815466e+02   2.0028956e+02
   3.6356563e+02   2.0013854e+02
   2.8442069e+02   3.0361846e+02
   2.9935305e+02   2.9803344e+02
   3.1384531e+02   2.9191647e+02
   3.2803706e+02   2.9709324e+02
   3.3946052e+02   2.8988415e+02
   3.5277948e+02   2.9483076e+02
   3.6638382e+02   2.9869915e+02
   3.5403242e+02   3.0610868e+02
   3.4165538e+02   3.1360356e+02
   3.2806127e+02   3.1765564e+02
   3.1265418e+02   3.1563781e+02
   2.9822332e+02   3.1046235e+02
   3.0083890e+02   3.0284281e+02
   3.1457771e+02   3.0080172e+02
   3.2805041e+02   3.0326752e+02
   3.3827524e+02   3.0076763e+02
   3.4870666e+02   3.0078981e+02
   3.3806406e+02   3.0167057e+02
   3.2764123e+02   3.0368537e+02
   3.1426074e+02   3.0164748e+02
