   2.1371545e+02   2.0566673e+02
   2.1477494e+02   2.3409152e+02
   2.1863728e+02   2.6200327e+02
   2.2481264e+02   2.8943859e+02
   2.3833839e+02   3.1418660e+02
   2.5458148e+02   3.3748799e+02
   2.7571781e+02   3.5623182e+02
   3.0034781e+02   3.6971146e+02
   3.2806745e+02   3.7262214e+02
   3.5374797e+02   3.6475447e+02
   3.7600365e+02   3.4956309e+02
   3.9475054e+02   3.3060218e+02
   4.0910795e+02   3.0763531e+02
   4.1948939e+02   2.8301954e+02
   4.2250856e+02   2.5633263e+02
   4.2528936e+02   2.2944202e+02
   4.2660358e+02   2.0276485e+02
   2.2974045e+02   1.7771810e+02
   2.4430095e+02   1.6650301e+02
   2.6196621e+02   1.6123372e+02
   2.8023412e+02   1.6005439e+02
   2.9837259e+02   1.6250372e+02
   3.5878616e+02   1.5633189e+02
   3.7431175e+02   1.5407942e+02
   3.8997823e+02   1.5297606e+02
   4.0412397e+02   1.5941435e+02
   4.1427041e+02   1.7112071e+02
   3.2591241e+02   1.9702293e+02
   3.2767559e+02   2.1651802e+02
   3.2917972e+02   2.3608080e+02
   3.3044007e+02   2.5538179e+02
   2.9975417e+02   2.6465216e+02
   3.1415718e+02   2.7015203e+02
   3.2920925e+02   2.7346512e+02
   3.4159107e+02   2.6940573e+02
   3.5302983e+02   2.6343304e+02
   2.5608761e+02   1.9733528e+02
   2.6859753e+02   1.8685344e+02
   2.8448881e+02   1.8821992e+02
   2.9477184e+02   2.0083992e+02
   2.8126354e+02   2.0452638e+02
   2.6739715e+02   2.0479248e+02
   3.5204325e+02   1.9710440e+02
   3.6327121e+02   1.8333003e+02
   3.8086065e+02   1.8285473e+02
   3.9373685e+02   1.9482784e+02
   3.8009414e+02   1.9855696e+02
   3.6592833e+02   1.9879593e+02
   2.7157502e+02   2.8730230e+02
   2.8937846e+02   2.8749434e+02
   3.0689856e+02   2.8611295e+02
   3.2410899e+02   2.8949284e+02
   3.4160681e+02   2.8597647e+02
   3.5939474e+02   2.8633188e+02
   3.7660688e+02   2.8297985e+02
   3.6162771e+02   2.9554113e+02
   3.4459724e+02   3.0490839e+02
   3.2555183e+02   3.0850351e+02
   3.0598081e+02   3.0608889e+02
   2.8757559e+02   2.9859417e+02
   2.8962595e+02   2.9384671e+02
   3.0737885e+02   2.9580773e+02
   3.2506885e+02   2.9661952e+02
   3.4072284e+02   2.9490106e+02
   3.5623358e+02   2.9256632e+02
   3.4087757e+02   2.9584242e+02
   3.2553666e+02   2.9754158e+02
   3.0739905e+02   2.9613938e+02
