   1.4189443e+02   1.6833301e+02
   1.4610223e+02   2.0028503e+02
   1.5356412e+02   2.3156390e+02
   1.6049335e+02   2.6281596e+02
   1.7052198e+02   2.9323351e+02
   1.9047782e+02   3.1846981e+02
   2.1572712e+02   3.3836440e+02
   2.4487354e+02   3.5100175e+02
   2.7665579e+02   3.5356718e+02
   3.0564124e+02   3.5042254e+02
   3.3104114e+02   3.3541708e+02
   3.5169262e+02   3.1482242e+02
   3.6679099e+02   2.8943958e+02
   3.7441310e+02   2.6121608e+02
   3.7847785e+02   2.3203308e+02
   3.8398735e+02   2.0323249e+02
   3.8700106e+02   1.7408347e+02
   1.7534784e+02   1.4991492e+02
   1.9084819e+02   1.4305331e+02
   2.0734054e+02   1.4046062e+02
   2.2428921e+02   1.4122577e+02
   2.4059524e+02   1.4486770e+02
   3.0396553e+02   1.4909674e+02
   3.1921905e+02   1.4392233e+02
   3.3505193e+02   1.4201199e+02
   3.5076238e+02   1.4360439e+02
   3.6357697e+02   1.5275606e+02
   2.7449045e+02   1.8124232e+02
   2.7408603e+02   1.9855046e+02
   2.7407503e+02   2.1595348e+02
   2.7409446e+02   2.3310754e+02
   2.5114520e+02   2.4648749e+02
   2.6201400e+02   2.4765690e+02
   2.7284648e+02   2.4900220e+02
   2.8320845e+02   2.4789014e+02
   2.9334010e+02   2.4564727e+02
   1.9218339e+02   1.8272940e+02
   2.0809893e+02   1.8689614e+02
   2.2474269e+02   1.8699425e+02
   2.4026943e+02   1.8475725e+02
   2.2390184e+02   1.8870554e+02
   2.0736951e+02   1.8898426e+02
   3.0422230e+02   1.8490985e+02
   3.1854989e+02   1.8669083e+02
   3.3338957e+02   1.8772048e+02
   3.4740494e+02   1.8717960e+02
   3.3302668e+02   1.8962729e+02
   3.1843985e+02   1.8822589e+02
   2.2831530e+02   2.8792381e+02
   2.4096887e+02   2.7668434e+02
   2.5596783e+02   2.6924395e+02
   2.7263275e+02   2.6803537e+02
   2.8895350e+02   2.6794245e+02
   3.0392440e+02   2.7411411e+02
   3.1636670e+02   2.8435740e+02
   3.0394927e+02   2.9114454e+02
   2.8986288e+02   2.9372142e+02
   2.7581071e+02   2.9528693e+02
   2.5952703e+02   2.9493929e+02
   2.4345460e+02   2.9300021e+02
   2.4544612e+02   2.8115091e+02
   2.5924939e+02   2.7745377e+02
   2.7350995e+02   2.7783700e+02
   2.8617145e+02   2.7737956e+02
   2.9875897e+02   2.7822357e+02
   2.8611779e+02   2.7787901e+02
   2.7364229e+02   2.7824860e+02
   2.5929727e+02   2.7839844e+02
