   1.4178862e+02   1.6791452e+02
   1.4598087e+02   1.9989738e+02
   1.5343049e+02   2.3120846e+02
   1.6034699e+02   2.6249239e+02
   1.7036615e+02   2.9294293e+02
   1.9032444e+02   3.1821363e+02
   2.1558409e+02   3.3814108e+02
   2.4474871e+02   3.5080722e+02
   2.7655757e+02   3.5339410e+02
   3.0557058e+02   3.5026417e+02
   3.3100205e+02   3.3526074e+02
   3.5168425e+02   3.1466030e+02
   3.6681131e+02   2.8926409e+02
   3.7445721e+02   2.6102019e+02
   3.7854317e+02   2.3181380e+02
   3.8407493e+02   2.0299102e+02
   3.8710890e+02   1.7381800e+02
   1.7528278e+02   1.4950030e+02
   1.9081061e+02   1.4269710e+02
   2.0731767e+02   1.4014448e+02
   2.2426611e+02   1.4089879e+02
   2.4059103e+02   1.4448798e+02
   3.0409021e+02   1.4868939e+02
   3.1931234e+02   1.4352249e+02
   3.3512443e+02   1.4169204e+02
   3.5081730e+02   1.4327542e+02
   3.6362665e+02   1.5237412e+02
   2.7449431e+02   1.8091529e+02
   2.7407908e+02   1.9823851e+02
   2.7405757e+02   2.1565694e+02
   2.7406666e+02   2.3282621e+02
   2.5104263e+02   2.4612875e+02
   2.6193792e+02   2.4737900e+02
   2.7280799e+02   2.4873419e+02
   2.8317981e+02   2.4762740e+02
   2.9332179e+02   2.4538866e+02
   1.9211800e+02   1.8231973e+02
   2.0803896e+02   1.8644756e+02
   2.2469995e+02   1.8658478e+02
   2.4026061e+02   1.8439020e+02
   2.2387515e+02   1.8832983e+02
   2.0732587e+02   1.8857883e+02
   3.0421559e+02   1.8457387e+02
   3.1854520e+02   1.8640279e+02
   3.3341230e+02   1.8742632e+02
   3.4746617e+02   1.8682542e+02
   3.3306976e+02   1.8936708e+02
   3.1844429e+02   1.8797498e+02
   2.2825586e+02   2.8761321e+02
   2.4098767e+02   2.7646319e+02
   2.5601010e+02   2.6904146e+02
   2.7266198e+02   2.6801652e+02
   2.8892722e+02   2.6775931e+02
   3.0387586e+02   2.7396116e+02
   3.1632840e+02   2.8418751e+02
   3.0395777e+02   2.9110308e+02
   2.8986913e+02   2.9378368e+02
   2.7578312e+02   2.9537911e+02
   2.5945305e+02   2.9499152e+02
   2.4337700e+02   2.9286801e+02
   2.4547546e+02   2.8103415e+02
   2.5929998e+02   2.7749386e+02
   2.7355039e+02   2.7788788e+02
   2.8616715e+02   2.7740386e+02
   2.9870948e+02   2.7825723e+02
   2.8609882e+02   2.7791838e+02
   2.7365806e+02   2.7831809e+02
   2.5932749e+02   2.7841605e+02
