   2.6347722e+02   2.3375239e+02
   2.6321553e+02   2.6520572e+02
   2.6652850e+02   2.9645848e+02
   2.7177312e+02   3.2737134e+02
   2.8052687e+02   3.5743985e+02
   2.9816716e+02   3.8327794e+02
   3.2432568e+02   4.0038972e+02
   3.5098624e+02   4.1723836e+02
   3.8118389e+02   4.2064457e+02
   4.1230903e+02   4.1657474e+02
   4.3935192e+02   3.9952277e+02
   4.6430775e+02   3.7994519e+02
   4.8074147e+02   3.5288002e+02
   4.8822050e+02   3.2187019e+02
   4.9358411e+02   2.9040263e+02
   4.9796776e+02   2.5887516e+02
   5.0001699e+02   2.2723229e+02
   2.7136445e+02   2.0918601e+02
   2.8688718e+02   1.9545550e+02
   3.0739832e+02   1.9182709e+02
   3.2792583e+02   1.9553164e+02
   3.4596891e+02   2.0590911e+02
   3.9996861e+02   2.0407960e+02
   4.1994569e+02   1.9449460e+02
   4.4173255e+02   1.9113896e+02
   4.6379850e+02   1.9097667e+02
   4.8390172e+02   1.9930438e+02
   3.7610376e+02   2.0803224e+02
   3.7630532e+02   2.3808226e+02
   3.7671884e+02   2.6810834e+02
   3.7667654e+02   2.9785165e+02
   3.5352649e+02   3.1264803e+02
   3.6538593e+02   3.1673688e+02
   3.7715918e+02   3.2081301e+02
   3.8893244e+02   3.1664332e+02
   4.0047822e+02   3.1218364e+02
   2.9385111e+02   2.2867556e+02
   3.0750092e+02   2.1792532e+02
   3.2506979e+02   2.1779122e+02
   3.3937252e+02   2.2766918e+02
   3.2428106e+02   2.3151221e+02
   3.0884206e+02   2.3201981e+02
   4.1096534e+02   2.2910809e+02
   4.2576228e+02   2.1720293e+02
   4.4477815e+02   2.1632041e+02
   4.5946062e+02   2.2785136e+02
   4.4386574e+02   2.3335806e+02
   4.2725755e+02   2.3260846e+02
   3.2919893e+02   3.5091533e+02
   3.4503024e+02   3.4353684e+02
   3.6101801e+02   3.3700834e+02
   3.7675758e+02   3.3993262e+02
   3.9318911e+02   3.3715049e+02
   4.0902365e+02   3.4318590e+02
   4.2351734e+02   3.5164795e+02
   4.0765933e+02   3.5448272e+02
   3.9341496e+02   3.6250690e+02
   3.7767742e+02   3.6306626e+02
   3.6091444e+02   3.6160823e+02
   3.4591505e+02   3.5275116e+02
   3.4780789e+02   3.4807908e+02
   3.6278392e+02   3.4727837e+02
   3.7744984e+02   3.4953842e+02
   3.9236446e+02   3.4758115e+02
   4.0723107e+02   3.4897314e+02
   3.9222263e+02   3.4795680e+02
   3.7745138e+02   3.5001287e+02
   3.6263419e+02   3.4784510e+02
