   2.6359283e+02   2.3372199e+02
   2.6329348e+02   2.6517925e+02
   2.6654900e+02   2.9644567e+02
   2.7175093e+02   3.2739451e+02
   2.8044779e+02   3.5747763e+02
   2.9802930e+02   3.8338653e+02
   3.2423716e+02   4.0043636e+02
   3.5089052e+02   4.1732482e+02
   3.8108534e+02   4.2074630e+02
   4.1222340e+02   4.1676145e+02
   4.3929311e+02   3.9974393e+02
   4.6423584e+02   3.8015916e+02
   4.8075802e+02   3.5313122e+02
   4.8821026e+02   3.2212946e+02
   4.9369254e+02   2.9067156e+02
   4.9808624e+02   2.5913458e+02
   5.0018625e+02   2.2749351e+02
   2.7153020e+02   2.0922451e+02
   2.8708775e+02   1.9550589e+02
   3.0761933e+02   1.9185744e+02
   3.2816543e+02   1.9557681e+02
   3.4613949e+02   2.0609921e+02
   4.0026460e+02   2.0435706e+02
   4.2029479e+02   1.9488238e+02
   4.4210180e+02   1.9167878e+02
   4.6416781e+02   1.9152609e+02
   4.8427035e+02   1.9987282e+02
   3.7630634e+02   2.0821795e+02
   3.7642868e+02   2.3825124e+02
   3.7679456e+02   2.6825663e+02
   3.7669641e+02   2.9798373e+02
   3.5354694e+02   3.1289901e+02
   3.6534434e+02   3.1695093e+02
   3.7705319e+02   3.2098757e+02
   3.8883007e+02   3.1686460e+02
   4.0037820e+02   3.1244840e+02
   2.9399009e+02   2.2868769e+02
   3.0770679e+02   2.1800194e+02
   3.2528430e+02   2.1786859e+02
   3.3958290e+02   2.2777157e+02
   3.2444692e+02   2.3150143e+02
   3.0899469e+02   2.3201257e+02
   4.1118197e+02   2.2937447e+02
   4.2603409e+02   2.1758305e+02
   4.4501717e+02   2.1687222e+02
   4.5958160e+02   2.2851780e+02
   4.4395319e+02   2.3376411e+02
   4.2740161e+02   2.3292480e+02
   3.2901559e+02   3.5095276e+02
   3.4487040e+02   3.4347966e+02
   3.6098072e+02   3.3706766e+02
   3.7666284e+02   3.4002429e+02
   3.9311675e+02   3.3729525e+02
   4.0896627e+02   3.4328446e+02
   4.2337490e+02   3.5190733e+02
   4.0750998e+02   3.5456937e+02
   3.9322845e+02   3.6245541e+02
   3.7753502e+02   3.6303435e+02
   3.6079148e+02   3.6138805e+02
   3.4573699e+02   3.5268467e+02
   3.4792768e+02   3.4798151e+02
   3.6280758e+02   3.4722576e+02
   3.7735549e+02   3.4960484e+02
   3.9224475e+02   3.4757941e+02
   4.0710575e+02   3.4904454e+02
   3.9210422e+02   3.4793627e+02
   3.7735675e+02   3.5006631e+02
   3.6266021e+02   3.4778832e+02
