   2.6469412e+02   2.3553436e+02
   2.6454948e+02   2.6694904e+02
   2.6859369e+02   2.9796981e+02
   2.7424594e+02   3.2856582e+02
   2.8321422e+02   3.5841974e+02
   3.0154254e+02   3.8347187e+02
   3.2649119e+02   4.0228079e+02
   3.5289265e+02   4.1884379e+02
   3.8316502e+02   4.2277926e+02
   4.1408674e+02   4.1713560e+02
   4.4094456e+02   3.9987175e+02
   4.6663796e+02   3.8077135e+02
   4.8312750e+02   3.5383562e+02
   4.8994684e+02   3.2262820e+02
   4.9472439e+02   2.9107310e+02
   4.9893891e+02   2.5957623e+02
   5.0048125e+02   2.2786409e+02
   2.7224780e+02   2.0988216e+02
   2.8788511e+02   1.9669389e+02
   3.0825220e+02   1.9382824e+02
   3.2859140e+02   1.9730738e+02
   3.4672402e+02   2.0692672e+02
   3.9895302e+02   2.0481108e+02
   4.1885056e+02   1.9305844e+02
   4.4136456e+02   1.8808785e+02
   4.6448578e+02   1.8789512e+02
   4.8529234e+02   1.9694848e+02
   3.7631770e+02   2.0842375e+02
   3.7745423e+02   2.3851691e+02
   3.7833678e+02   2.6875838e+02
   3.7901903e+02   2.9855000e+02
   3.5580453e+02   3.1258481e+02
   3.6824497e+02   3.1692194e+02
   3.8047716e+02   3.2163526e+02
   3.9248511e+02   3.1713842e+02
   4.0396840e+02   3.1182676e+02
   2.9460518e+02   2.3015091e+02
   3.0768568e+02   2.1963326e+02
   3.2469426e+02   2.1980855e+02
   3.3914189e+02   2.2847581e+02
   3.2479759e+02   2.3453563e+02
   3.0925923e+02   2.3490904e+02
   4.1095925e+02   2.2912312e+02
   4.2550048e+02   2.1638452e+02
   4.4473561e+02   2.1417059e+02
   4.6021681e+02   2.2506328e+02
   4.4487661e+02   2.3243260e+02
   4.2775788e+02   2.3222890e+02
   3.3402385e+02   3.5349651e+02
   3.4965582e+02   3.4773582e+02
   3.6435227e+02   3.4030029e+02
   3.8036773e+02   3.4282351e+02
   3.9583098e+02   3.3975391e+02
   4.1066318e+02   3.4601331e+02
   4.2543470e+02   3.5193331e+02
   4.1062841e+02   3.5900205e+02
   3.9718414e+02   3.6886268e+02
   3.8103271e+02   3.7042091e+02
   3.6420152e+02   3.6904126e+02
   3.5017143e+02   3.5847636e+02
   3.5117555e+02   3.5387209e+02
   3.6602460e+02   3.5305954e+02
   3.8077234e+02   3.5424563e+02
   3.9578720e+02   3.5285284e+02
   4.1062191e+02   3.5301239e+02
   3.9560908e+02   3.5338108e+02
   3.8077533e+02   3.5509242e+02
   3.6591283e+02   3.5355430e+02
