   2.0697545e+02   2.2269829e+02
   2.0644705e+02   2.6290244e+02
   2.0890894e+02   3.0238111e+02
   2.1583143e+02   3.4177778e+02
   2.3099707e+02   3.7844221e+02
   2.5677243e+02   4.0873798e+02
   2.8726474e+02   4.3448079e+02
   3.2310269e+02   4.5084351e+02
   3.6257941e+02   4.5419434e+02
   4.0084395e+02   4.4809145e+02
   4.3566489e+02   4.3093630e+02
   4.6543882e+02   4.0642178e+02
   4.8559097e+02   3.7323062e+02
   4.9850533e+02   3.3660365e+02
   5.0525284e+02   2.9847856e+02
   5.0833880e+02   2.5970262e+02
   5.0772263e+02   2.2114942e+02
   2.4580056e+02   1.9765456e+02
   2.6754164e+02   1.8646819e+02
   2.9214124e+02   1.8506559e+02
   3.1692749e+02   1.8736418e+02
   3.4127471e+02   1.9067111e+02
   3.7421163e+02   1.9453350e+02
   3.9740758e+02   1.8606780e+02
   4.2231000e+02   1.8429911e+02
   4.4706631e+02   1.8525104e+02
   4.7019621e+02   1.9330535e+02
   3.5679557e+02   2.0587535e+02
   3.5706755e+02   2.3135554e+02
   3.5746420e+02   2.5696649e+02
   3.5812985e+02   2.8213179e+02
   3.2266053e+02   3.2869436e+02
   3.3995417e+02   3.2992299e+02
   3.5698885e+02   3.2956149e+02
   3.7316421e+02   3.2867980e+02
   3.8915323e+02   3.2689758e+02
   2.6351686e+02   2.2953602e+02
   2.8379327e+02   2.2028241e+02
   3.0559939e+02   2.2087344e+02
   3.1848915e+02   2.3772269e+02
   2.9894223e+02   2.3942569e+02
   2.7962265e+02   2.3945757e+02
   3.9694987e+02   2.3646330e+02
   4.1100967e+02   2.1935470e+02
   4.3372987e+02   2.1897299e+02
   4.5284888e+02   2.3090606e+02
   4.3552863e+02   2.3947352e+02
   4.1614743e+02   2.3962482e+02
   3.0541332e+02   3.6554496e+02
   3.2061114e+02   3.5582845e+02
   3.3776978e+02   3.5073645e+02
   3.5561843e+02   3.4919581e+02
   3.7231483e+02   3.4984249e+02
   3.8806204e+02   3.5460957e+02
   4.0275730e+02   3.6224119e+02
   3.8749635e+02   3.7039879e+02
   3.7230788e+02   3.7840872e+02
   3.5549614e+02   3.8054446e+02
   3.3757621e+02   3.8076314e+02
   3.2069289e+02   3.7488683e+02
   3.1786617e+02   3.6367784e+02
   3.3031902e+02   3.6357213e+02
   3.5512113e+02   3.6355363e+02
   3.7896647e+02   3.6130050e+02
   3.9086189e+02   3.6138536e+02
   3.7885488e+02   3.6147022e+02
   3.5513107e+02   3.6390301e+02
   3.3003909e+02   3.6378356e+02
