   2.0742354e+02   2.1947764e+02
   2.0635308e+02   2.5941312e+02
   2.0867932e+02   2.9870150e+02
   2.1562092e+02   3.3784448e+02
   2.3046896e+02   3.7442117e+02
   2.5573624e+02   4.0473706e+02
   2.8642816e+02   4.2985553e+02
   3.2225648e+02   4.4578676e+02
   3.6150204e+02   4.4902610e+02
   3.9975840e+02   4.4285082e+02
   4.3484234e+02   4.2637245e+02
   4.6515379e+02   4.0261172e+02
   4.8534230e+02   3.6950192e+02
   4.9822998e+02   3.3290495e+02
   5.0460204e+02   2.9469960e+02
   5.0738794e+02   2.5593160e+02
   5.0649283e+02   2.1735945e+02
   2.4395903e+02   1.9513463e+02
   2.6558389e+02   1.8321646e+02
   2.9051401e+02   1.8162717e+02
   3.1562410e+02   1.8350225e+02
   3.4030616e+02   1.8692096e+02
   3.7348585e+02   1.9062100e+02
   3.9696156e+02   1.8218166e+02
   4.2204485e+02   1.8035799e+02
   4.4704934e+02   1.8148572e+02
   4.7013346e+02   1.9016630e+02
   3.5592469e+02   2.0237484e+02
   3.5623828e+02   2.2778970e+02
   3.5667645e+02   2.5333479e+02
   3.5738217e+02   2.7843491e+02
   3.2257151e+02   3.2430373e+02
   3.3962755e+02   3.2558953e+02
   3.5644912e+02   3.2522417e+02
   3.7289184e+02   3.2437314e+02
   3.8913752e+02   3.2247039e+02
   2.6263486e+02   2.2666838e+02
   2.8267144e+02   2.1716634e+02
   3.0443589e+02   2.1779907e+02
   3.1776867e+02   2.3420469e+02
   2.9823712e+02   2.3613023e+02
   2.7890493e+02   2.3628320e+02
   3.9605287e+02   2.3280706e+02
   4.1043908e+02   2.1640127e+02
   4.3284541e+02   2.1582724e+02
   4.5189498e+02   2.2728504e+02
   4.3455615e+02   2.3575411e+02
   4.1520309e+02   2.3594074e+02
   3.0567260e+02   3.6184181e+02
   3.2093674e+02   3.5186519e+02
   3.3785323e+02   3.4581114e+02
   3.5580169e+02   3.4422042e+02
   3.7248228e+02   3.4484427e+02
   3.8790199e+02   3.5046505e+02
   4.0233146e+02   3.5858709e+02
   3.8770074e+02   3.6744583e+02
   3.7235290e+02   3.7491607e+02
   3.5556577e+02   3.7682075e+02
   3.3770111e+02   3.7703106e+02
   3.2085791e+02   3.7118866e+02
   3.1807154e+02   3.5982354e+02
   3.3047047e+02   3.5970409e+02
   3.5517668e+02   3.5950472e+02
   3.7880584e+02   3.5745381e+02
   3.9056865e+02   3.5753843e+02
   3.7866709e+02   3.5762305e+02
   3.5520119e+02   3.5982806e+02
   3.3019205e+02   3.5994300e+02
