   1.7503128e+02   2.2705014e+02
   1.7630323e+02   2.5717907e+02
   1.8000605e+02   2.8694448e+02
   1.8479022e+02   3.1643947e+02
   1.9053493e+02   3.4594575e+02
   2.0359082e+02   3.7286842e+02
   2.2509474e+02   3.9336921e+02
   2.5204934e+02   4.0629865e+02
   2.8151044e+02   4.1005703e+02
   3.1135926e+02   4.0889357e+02
   3.3907356e+02   3.9791742e+02
   3.6394893e+02   3.8131226e+02
   3.8038285e+02   3.5654208e+02
   3.9066076e+02   3.2833341e+02
   3.9726046e+02   2.9913717e+02
   4.0275275e+02   2.6969749e+02
   4.0685438e+02   2.4014572e+02
   1.8720008e+02   2.0902779e+02
   2.0015245e+02   1.9263364e+02
   2.2075623e+02   1.8876755e+02
   2.4072610e+02   1.9569059e+02
   2.6004019e+02   2.0462016e+02
   3.0508873e+02   2.0647688e+02
   3.2562624e+02   2.0079157e+02
   3.4616398e+02   1.9494899e+02
   3.6666875e+02   1.9955862e+02
   3.8223040e+02   2.1367204e+02
   2.8235359e+02   2.2487111e+02
   2.8096529e+02   2.4544105e+02
   2.7863721e+02   2.6590243e+02
   2.7759891e+02   2.8638863e+02
   2.5238287e+02   2.9654853e+02
   2.6488560e+02   3.0130159e+02
   2.7785707e+02   3.0361353e+02
   2.9215383e+02   3.0182253e+02
   3.0584524e+02   2.9806151e+02
   2.0974947e+02   2.2541469e+02
   2.2475882e+02   2.1499350e+02
   2.4286331e+02   2.1842741e+02
   2.5538363e+02   2.3191156e+02
   2.3957165e+02   2.3176729e+02
   2.2386526e+02   2.3153785e+02
   3.1036265e+02   2.3497675e+02
   3.2348764e+02   2.2258623e+02
   3.4131717e+02   2.2016733e+02
   3.5578442e+02   2.3035639e+02
   3.4169953e+02   2.3696040e+02
   3.2596689e+02   2.3636670e+02
   2.4028902e+02   3.3519604e+02
   2.5352742e+02   3.2692795e+02
   2.6793479e+02   3.2165969e+02
   2.8136014e+02   3.2791310e+02
   2.9472153e+02   3.2211430e+02
   3.0859348e+02   3.2824227e+02
   3.2138615e+02   3.3631269e+02
   3.0909764e+02   3.4257795e+02
   2.9612133e+02   3.4690406e+02
   2.8256014e+02   3.4771989e+02
   2.6779563e+02   3.4617622e+02
   2.5419522e+02   3.4017641e+02
   2.5325240e+02   3.3477376e+02
   2.6793550e+02   3.3238780e+02
   2.8195404e+02   3.3672111e+02
   2.9548246e+02   3.3332801e+02
   3.0921099e+02   3.3534913e+02
   2.9531842e+02   3.3375062e+02
   2.8182113e+02   3.3703060e+02
   2.6765074e+02   3.3286241e+02
