   1.7489783e+02   2.2738351e+02
   1.7617365e+02   2.5750568e+02
   1.7987987e+02   2.8726325e+02
   1.8441467e+02   3.1700118e+02
   1.8935346e+02   3.4676022e+02
   2.0333578e+02   3.7297380e+02
   2.2643530e+02   3.9225626e+02
   2.5264280e+02   4.0673299e+02
   2.8208995e+02   4.0837378e+02
   3.1207829e+02   4.0804627e+02
   3.3998906e+02   3.9766100e+02
   3.6461117e+02   3.8076598e+02
   3.8082609e+02   3.5567096e+02
   3.9012183e+02   3.2716825e+02
   3.9735106e+02   2.9805898e+02
   4.0281166e+02   2.6858733e+02
   4.0695583e+02   2.3895077e+02
   1.8721582e+02   2.0977913e+02
   2.0016961e+02   1.9501647e+02
   2.1960312e+02   1.9102769e+02
   2.3892450e+02   1.9582575e+02
   2.5737901e+02   2.0349869e+02
   3.0447472e+02   2.0713233e+02
   3.2466401e+02   2.0232476e+02
   3.4458774e+02   1.9740653e+02
   3.6467934e+02   2.0095922e+02
   3.8058514e+02   2.1360863e+02
   2.8189010e+02   2.2654334e+02
   2.8074967e+02   2.4626594e+02
   2.7853777e+02   2.6577277e+02
   2.7728825e+02   2.8531720e+02
   2.5189848e+02   2.9683169e+02
   2.6452649e+02   3.0134098e+02
   2.7772047e+02   3.0317753e+02
   2.9197717e+02   3.0159282e+02
   3.0569297e+02   2.9836134e+02
   2.0982612e+02   2.2526762e+02
   2.2528251e+02   2.1552177e+02
   2.4352737e+02   2.1834187e+02
   2.5552585e+02   2.3196725e+02
   2.3981338e+02   2.3166831e+02
   2.2410015e+02   2.3102466e+02
   3.1047319e+02   2.3510767e+02
   3.2341362e+02   2.2258018e+02
   3.4146072e+02   2.2128093e+02
   3.5589493e+02   2.3178851e+02
   3.4139792e+02   2.3688850e+02
   3.2594960e+02   2.3584438e+02
   2.4202908e+02   3.3424694e+02
   2.5458124e+02   3.2637892e+02
   2.6854370e+02   3.2182160e+02
   2.8195080e+02   3.2672803e+02
   2.9513978e+02   3.2245101e+02
   3.0834562e+02   3.2748830e+02
   3.2006551e+02   3.3511856e+02
   3.0768207e+02   3.3905681e+02
   2.9537620e+02   3.4272174e+02
   2.8269831e+02   3.4363793e+02
   2.6870861e+02   3.4224602e+02
   2.5577328e+02   3.3675902e+02
   2.5766612e+02   3.3274687e+02
   2.7015640e+02   3.3066960e+02
   2.8216601e+02   3.3439791e+02
   2.9517343e+02   3.3135138e+02
   3.0817984e+02   3.3368836e+02
   2.9502037e+02   3.3182148e+02
   2.8218014e+02   3.3496627e+02
   2.7001585e+02   3.3129679e+02
