   1.7469163e+02   2.2708601e+02
   1.7595925e+02   2.5726238e+02
   1.7966173e+02   2.8707427e+02
   1.8417318e+02   3.1688790e+02
   1.8906957e+02   3.4681738e+02
   2.0311824e+02   3.7292992e+02
   2.2646639e+02   3.9220757e+02
   2.5254043e+02   4.0689762e+02
   2.8207110e+02   4.0827170e+02
   3.1212559e+02   4.0802447e+02
   3.4010710e+02   3.9768002e+02
   3.6475832e+02   3.8073915e+02
   3.8123327e+02   3.5573649e+02
   3.9051239e+02   3.2719299e+02
   3.9753884e+02   2.9785037e+02
   4.0301721e+02   2.6832489e+02
   4.0718305e+02   2.3862926e+02
   1.8689540e+02   2.0906914e+02
   1.9968558e+02   1.9414508e+02
   2.1912848e+02   1.9038114e+02
   2.3846992e+02   1.9536369e+02
   2.5710028e+02   2.0261107e+02
   3.0492356e+02   2.0653368e+02
   3.2519061e+02   2.0179499e+02
   3.4508817e+02   1.9681195e+02
   3.6520147e+02   2.0033792e+02
   3.8109353e+02   2.1304249e+02
   2.8170567e+02   2.2541108e+02
   2.8079855e+02   2.4539784e+02
   2.7854056e+02   2.6521099e+02
   2.7723049e+02   2.8504316e+02
   2.5212380e+02   2.9670803e+02
   2.6486663e+02   3.0151138e+02
   2.7826753e+02   3.0347606e+02
   2.9229089e+02   3.0189047e+02
   3.0569547e+02   2.9823602e+02
   2.0915650e+02   2.2462268e+02
   2.2471825e+02   2.1501748e+02
   2.4300462e+02   2.1791787e+02
   2.5486825e+02   2.3171488e+02
   2.3913010e+02   2.3125421e+02
   2.2340355e+02   2.3048155e+02
   3.1025351e+02   2.3503940e+02
   3.2337654e+02   2.2183220e+02
   3.4204489e+02   2.2047104e+02
   3.5640168e+02   2.3202826e+02
   3.4147565e+02   2.3650068e+02
   3.2585519e+02   2.3578066e+02
   2.4016844e+02   3.3531848e+02
   2.5295873e+02   3.2607114e+02
   2.6758203e+02   3.2093327e+02
   2.8192326e+02   3.2585237e+02
   2.9580906e+02   3.2162097e+02
   3.0953466e+02   3.2733372e+02
   3.2116270e+02   3.3643997e+02
   3.0837968e+02   3.4013116e+02
   2.9580503e+02   3.4377538e+02
   2.8287010e+02   3.4480332e+02
   2.6824454e+02   3.4309151e+02
   2.5468339e+02   3.3729934e+02
   2.5721793e+02   3.3341011e+02
   2.6982315e+02   3.3033946e+02
   2.8205907e+02   3.3423700e+02
   2.9553025e+02   3.3116259e+02
   3.0890165e+02   3.3456340e+02
   2.9539597e+02   3.3179584e+02
   2.8208543e+02   3.3491172e+02
   2.6969761e+02   3.3122882e+02
