   1.7484660e+02   2.2712060e+02
   1.7613384e+02   2.5727410e+02
   1.7985390e+02   2.8706188e+02
   1.8442769e+02   3.1680529e+02
   1.8948721e+02   3.4666401e+02
   2.0337642e+02   3.7287337e+02
   2.2643512e+02   3.9234264e+02
   2.5263019e+02   4.0672386e+02
   2.8214463e+02   4.0845608e+02
   3.1214980e+02   4.0803704e+02
   3.4006643e+02   3.9757432e+02
   3.6473277e+02   3.8068117e+02
   3.8122259e+02   3.5574839e+02
   3.9065293e+02   3.2727315e+02
   3.9753337e+02   2.9792846e+02
   4.0299246e+02   2.6842755e+02
   4.0712655e+02   2.3876716e+02
   1.8699780e+02   2.0902395e+02
   1.9976161e+02   1.9380129e+02
   2.1939971e+02   1.9005292e+02
   2.3884964e+02   1.9540895e+02
   2.5763255e+02   2.0285611e+02
   3.0506102e+02   2.0642632e+02
   3.2537270e+02   2.0151813e+02
   3.4536123e+02   1.9635415e+02
   3.6553766e+02   2.0005476e+02
   3.8136415e+02   2.1300638e+02
   2.8183312e+02   2.2510688e+02
   2.8090165e+02   2.4523920e+02
   2.7863799e+02   2.6521914e+02
   2.7738093e+02   2.8521433e+02
   2.5233963e+02   2.9664409e+02
   2.6505528e+02   3.0148584e+02
   2.7841117e+02   3.0352942e+02
   2.9242385e+02   3.0189716e+02
   3.0580334e+02   2.9812954e+02
   2.0923372e+02   2.2471409e+02
   2.2469606e+02   2.1498604e+02
   2.4294553e+02   2.1798500e+02
   2.5490127e+02   2.3173987e+02
   2.3915709e+02   2.3131544e+02
   2.2344417e+02   2.3062727e+02
   3.1025958e+02   2.3501296e+02
   3.2340117e+02   2.2181657e+02
   3.4202690e+02   2.2023827e+02
   3.5638327e+02   2.3174155e+02
   3.4153997e+02   2.3648036e+02
   3.2587594e+02   2.3586176e+02
   2.3996814e+02   3.3548392e+02
   2.5287310e+02   3.2613010e+02
   2.6757703e+02   3.2084322e+02
   2.8193601e+02   3.2599506e+02
   2.9585342e+02   3.2148104e+02
   3.0970572e+02   3.2739363e+02
   3.2152347e+02   3.3659704e+02
   3.0876407e+02   3.4071287e+02
   2.9607438e+02   3.4448366e+02
   2.8298343e+02   3.4550483e+02
   2.6821281e+02   3.4376998e+02
   2.5452271e+02   3.3789169e+02
   2.5654820e+02   3.3375614e+02
   2.6954444e+02   3.3059809e+02
   2.8214535e+02   3.3459632e+02
   2.9570877e+02   3.3145086e+02
   3.0921051e+02   3.3480563e+02
   2.9557326e+02   3.3207877e+02
   2.8214528e+02   3.3522580e+02
   2.6939327e+02   3.3146510e+02
