   1.7489434e+02   2.2708738e+02
   1.7616950e+02   2.5724471e+02
   1.7987789e+02   2.8703742e+02
   1.8448328e+02   3.1674295e+02
   1.8966407e+02   3.4654231e+02
   2.0339157e+02   3.7290061e+02
   2.2615465e+02   3.9257832e+02
   2.5249721e+02   4.0669478e+02
   2.8200980e+02   4.0882306e+02
   3.1199294e+02   4.0827219e+02
   3.3988158e+02   3.9771817e+02
   3.6459973e+02   3.8088276e+02
   3.8108730e+02   3.5597671e+02
   3.9068952e+02   3.2754626e+02
   3.9753257e+02   2.9822746e+02
   4.0300876e+02   2.6873196e+02
   4.0714722e+02   2.3908555e+02
   1.8706048e+02   2.0901086e+02
   1.9987068e+02   1.9357034e+02
   2.1969722e+02   1.8980016e+02
   2.3924979e+02   1.9545492e+02
   2.5813359e+02   2.0319666e+02
   3.0511282e+02   2.0645733e+02
   3.2547264e+02   2.0140664e+02
   3.4557209e+02   1.9612076e+02
   3.6581537e+02   2.0000018e+02
   3.8159373e+02   2.1317842e+02
   2.8197617e+02   2.2509176e+02
   2.8094800e+02   2.4530751e+02
   2.7866633e+02   2.6537758e+02
   2.7744506e+02   2.8546518e+02
   2.5235354e+02   2.9664882e+02
   2.6502920e+02   3.0147413e+02
   2.7831250e+02   3.0357097e+02
   2.9238755e+02   3.0191271e+02
   3.0583671e+02   2.9815717e+02
   2.0936396e+02   2.2484247e+02
   2.2474644e+02   2.1498385e+02
   2.4297269e+02   2.1806999e+02
   2.5503607e+02   2.3177834e+02
   2.3927523e+02   2.3140445e+02
   2.2355962e+02   2.3079967e+02
   3.1033030e+02   2.3502799e+02
   3.2347412e+02   2.2199608e+02
   3.4194405e+02   2.2026695e+02
   3.5632239e+02   2.3151155e+02
   3.4162504e+02   2.3660889e+02
   3.2594684e+02   2.3598376e+02
   2.4005675e+02   3.3543776e+02
   2.5302761e+02   3.2631489e+02
   2.6766958e+02   3.2104567e+02
   2.8183904e+02   3.2641123e+02
   2.9564362e+02   3.2165828e+02
   3.0949237e+02   3.2760501e+02
   3.2149496e+02   3.3657376e+02
   3.0882793e+02   3.4109517e+02
   2.9608473e+02   3.4496803e+02
   2.8290574e+02   3.4594493e+02
   2.6814436e+02   3.4424672e+02
   2.5448047e+02   3.3834503e+02
   2.5593688e+02   3.3397046e+02
   2.6925362e+02   3.3097811e+02
   2.8211963e+02   3.3504044e+02
   2.9567274e+02   3.3185237e+02
   3.0921236e+02   3.3494173e+02
   2.9553113e+02   3.3243880e+02
   2.8209392e+02   3.3560805e+02
   2.6907645e+02   3.3176676e+02
