   1.8082259e+02   1.9994932e+02
   1.8355592e+02   2.2825780e+02
   1.8713458e+02   2.5635008e+02
   1.9187167e+02   2.8426542e+02
   2.0434325e+02   3.0944759e+02
   2.2396916e+02   3.2996907e+02
   2.4718246e+02   3.4584761e+02
   2.7327987e+02   3.5717100e+02
   3.0113022e+02   3.5873186e+02
   3.2744016e+02   3.5195708e+02
   3.5098914e+02   3.3902974e+02
   3.7246450e+02   3.2228345e+02
   3.8966078e+02   3.0158853e+02
   3.9756977e+02   2.7582014e+02
   4.0153168e+02   2.4900808e+02
   4.0175655e+02   2.2191848e+02
   4.0112189e+02   1.9501559e+02
   2.0623496e+02   1.6667591e+02
   2.2345128e+02   1.6516294e+02
   2.4071150e+02   1.6444575e+02
   2.5789430e+02   1.6636533e+02
   2.7363273e+02   1.7285412e+02
   3.1936198e+02   1.7243681e+02
   3.3555533e+02   1.6704430e+02
   3.5244159e+02   1.6536480e+02
   3.6948025e+02   1.6403038e+02
   3.8642557e+02   1.6351113e+02
   2.9495404e+02   1.8929810e+02
   2.9460999e+02   2.0631914e+02
   2.9490239e+02   2.2342386e+02
   2.9494039e+02   2.4031123e+02
   2.7187542e+02   2.5317008e+02
   2.8361552e+02   2.5535371e+02
   2.9538094e+02   2.5627459e+02
   3.0602311e+02   2.5538840e+02
   3.1622215e+02   2.5272841e+02
   2.2842139e+02   1.9284464e+02
   2.4172110e+02   1.8516677e+02
   2.5707233e+02   1.8446382e+02
   2.6922315e+02   1.9329590e+02
   2.5549986e+02   1.9375951e+02
   2.4186271e+02   1.9416558e+02
   3.1934135e+02   1.9241835e+02
   3.3237279e+02   1.8247832e+02
   3.4898412e+02   1.8288586e+02
   3.6368089e+02   1.9064198e+02
   3.4889775e+02   1.9196587e+02
   3.3411635e+02   1.9224360e+02
   2.5102083e+02   2.8554703e+02
   2.6579978e+02   2.8135040e+02
   2.8028984e+02   2.7655632e+02
   2.9537509e+02   2.7490782e+02
   3.1204374e+02   2.7550055e+02
   3.2846932e+02   2.7754724e+02
   3.4459292e+02   2.8112571e+02
   3.2891096e+02   2.8782999e+02
   3.1249415e+02   2.9224683e+02
   2.9580838e+02   2.9443309e+02
   2.8057719e+02   2.9315805e+02
   2.6583148e+02   2.8925461e+02
   2.7718537e+02   2.8200359e+02
   2.8596646e+02   2.7979984e+02
   2.9492473e+02   2.7979061e+02
   3.0589032e+02   2.7980711e+02
   3.1665598e+02   2.8023722e+02
   3.0579581e+02   2.8112964e+02
   2.9492495e+02   2.8112057e+02
   2.8596644e+02   2.8065990e+02
