   1.8110987e+02   2.0046955e+02
   1.8282342e+02   2.2820864e+02
   1.8744796e+02   2.5561941e+02
   1.9183062e+02   2.8314386e+02
   2.0373779e+02   3.0818421e+02
   2.2123902e+02   3.2952433e+02
   2.4450164e+02   3.4459842e+02
   2.7064194e+02   3.5406832e+02
   2.9801986e+02   3.5718817e+02
   3.2458744e+02   3.5063867e+02
   3.4904386e+02   3.3863243e+02
   3.7149805e+02   3.2314609e+02
   3.8912122e+02   3.0262560e+02
   3.9726093e+02   2.7683283e+02
   4.0131939e+02   2.4991791e+02
   4.0157818e+02   2.2245300e+02
   4.0092417e+02   1.9543107e+02
   2.0730436e+02   1.6556627e+02
   2.2484360e+02   1.6316386e+02
   2.4235942e+02   1.6215024e+02
   2.5955443e+02   1.6545701e+02
   2.7570016e+02   1.7203901e+02
   3.1911086e+02   1.7007393e+02
   3.3549894e+02   1.6542755e+02
   3.5255443e+02   1.6480140e+02
   3.6947846e+02   1.6366084e+02
   3.8640152e+02   1.6450667e+02
   2.9434859e+02   1.8640032e+02
   2.9463166e+02   2.0412640e+02
   2.9489350e+02   2.2166331e+02
   2.9539059e+02   2.3923498e+02
   2.7562211e+02   2.5279077e+02
   2.8521259e+02   2.5404403e+02
   2.9484957e+02   2.5438441e+02
   3.0455751e+02   2.5377637e+02
   3.1393527e+02   2.5145641e+02
   2.2778790e+02   1.9129027e+02
   2.4154340e+02   1.8249677e+02
   2.5766411e+02   1.8166490e+02
   2.6903765e+02   1.9238403e+02
   2.5516559e+02   1.9318990e+02
   2.4135933e+02   1.9330035e+02
   3.2069382e+02   1.9146407e+02
   3.3344232e+02   1.8125557e+02
   3.4981064e+02   1.8054472e+02
   3.6245854e+02   1.9035124e+02
   3.4847062e+02   1.9225267e+02
   3.3453350e+02   1.9270491e+02
   2.5070039e+02   2.8829667e+02
   2.6594020e+02   2.8411689e+02
   2.8007605e+02   2.7698050e+02
   2.9552721e+02   2.7619348e+02
   3.1137851e+02   2.7538110e+02
   3.2627107e+02   2.8141021e+02
   3.4166224e+02   2.8577073e+02
   3.2635330e+02   2.9147040e+02
   3.1162928e+02   2.9847404e+02
   2.9574832e+02   3.0148616e+02
   2.7989290e+02   3.0059696e+02
   2.6539518e+02   2.9428263e+02
   2.7616050e+02   2.8569505e+02
   2.8510555e+02   2.8409985e+02
   2.9409600e+02   2.8443940e+02
   3.0501299e+02   2.8345906e+02
   3.1573401e+02   2.8487962e+02
   3.0489176e+02   2.8477926e+02
   2.9409569e+02   2.8545330e+02
   2.8505473e+02   2.8534179e+02
