   1.8063378e+02   1.9979118e+02
   1.8345774e+02   2.2814821e+02
   1.8693790e+02   2.5630162e+02
   1.9170272e+02   2.8425119e+02
   2.0421879e+02   3.0944630e+02
   2.2403518e+02   3.2989024e+02
   2.4724034e+02   3.4584363e+02
   2.7333103e+02   3.5734143e+02
   3.0122049e+02   3.5876018e+02
   3.2750449e+02   3.5196531e+02
   3.5097026e+02   3.3896277e+02
   3.7235763e+02   3.2211001e+02
   3.8951489e+02   3.0140400e+02
   3.9740526e+02   2.7564209e+02
   4.0136199e+02   2.4884332e+02
   4.0158830e+02   2.2179042e+02
   4.0095983e+02   1.9490150e+02
   2.0599026e+02   1.6667632e+02
   2.2318194e+02   1.6525574e+02
   2.4042204e+02   1.6457552e+02
   2.5760354e+02   1.6637505e+02
   2.7330305e+02   1.7286531e+02
   3.1920834e+02   1.7258598e+02
   3.3538511e+02   1.6712410e+02
   3.5225726e+02   1.6534957e+02
   3.6930858e+02   1.6399672e+02
   3.8625671e+02   1.6335483e+02
   2.9484068e+02   1.8948074e+02
   2.9443784e+02   2.0643389e+02
   2.9472993e+02   2.2349478e+02
   2.9472182e+02   2.4031611e+02
   2.7135382e+02   2.5311136e+02
   2.8329120e+02   2.5538130e+02
   2.9525203e+02   2.5635286e+02
   3.0598006e+02   2.5544155e+02
   3.1625469e+02   2.5275087e+02
   2.2831739e+02   1.9288665e+02
   2.4157750e+02   1.8531905e+02
   2.5685485e+02   1.8462981e+02
   2.6907315e+02   1.9328492e+02
   2.5536447e+02   1.9371433e+02
   2.4174450e+02   1.9414557e+02
   3.1904403e+02   1.9242082e+02
   3.3210788e+02   1.8251502e+02
   3.4873994e+02   1.8302883e+02
   3.6362338e+02   1.9059095e+02
   3.4876419e+02   1.9185542e+02
   3.3390425e+02   1.9211573e+02
   2.5086674e+02   2.8518426e+02
   2.6560214e+02   2.8098922e+02
   2.8012711e+02   2.7641542e+02
   2.9517634e+02   2.7468964e+02
   3.1192097e+02   2.7541482e+02
   3.2848329e+02   2.7709169e+02
   3.4467225e+02   2.8059882e+02
   3.2895696e+02   2.8739394e+02
   3.1238030e+02   2.9156905e+02
   2.9561952e+02   2.9367521e+02
   2.8044754e+02   2.9236223e+02
   2.6568391e+02   2.8868169e+02
   2.7709411e+02   2.8155683e+02
   2.8585887e+02   2.7929819e+02
   2.9481301e+02   2.7925793e+02
   3.0578320e+02   2.7936886e+02
   3.1655097e+02   2.7970839e+02
   3.0569099e+02   2.8069144e+02
   2.9481340e+02   2.8061719e+02
   2.8586305e+02   2.8012258e+02
