   2.0404689e+02   1.8370236e+02
   2.0757568e+02   2.1069308e+02
   2.1352908e+02   2.3722330e+02
   2.2018883e+02   2.6380617e+02
   2.2887270e+02   2.8933299e+02
   2.4512705e+02   3.1120724e+02
   2.6647150e+02   3.2795693e+02
   2.8997605e+02   3.4159246e+02
   3.1641287e+02   3.4334190e+02
   3.4348497e+02   3.4053202e+02
   3.6632790e+02   3.2561464e+02
   3.8679998e+02   3.0714702e+02
   4.0442648e+02   2.8622173e+02
   4.1550393e+02   2.6112744e+02
   4.1946404e+02   2.3403507e+02
   4.2358062e+02   2.0675187e+02
   4.2701789e+02   1.7960495e+02
   2.2448036e+02   1.4578311e+02
   2.3755974e+02   1.3411939e+02
   2.5390679e+02   1.2879622e+02
   2.7115053e+02   1.3168392e+02
   2.8790440e+02   1.3613311e+02
   3.4119171e+02   1.3482373e+02
   3.5851654e+02   1.2979531e+02
   3.7599631e+02   1.2631193e+02
   3.9375260e+02   1.2735366e+02
   4.0704079e+02   1.3839656e+02
   3.1699882e+02   1.5706494e+02
   3.1700842e+02   1.7849666e+02
   3.1645812e+02   1.9998973e+02
   3.1614507e+02   2.2124660e+02
   2.9667546e+02   2.3719108e+02
   3.0656349e+02   2.3767223e+02
   3.1587900e+02   2.4060664e+02
   3.2403229e+02   2.3840909e+02
   3.3239368e+02   2.3792235e+02
   2.4759615e+02   1.7194834e+02
   2.6123435e+02   1.6782684e+02
   2.7595417e+02   1.6766645e+02
   2.8927545e+02   1.7086129e+02
   2.7553340e+02   1.7539751e+02
   2.6120809e+02   1.7596147e+02
   3.4230811e+02   1.6898044e+02
   3.5546746e+02   1.6497976e+02
   3.7008518e+02   1.6435044e+02
   3.8346287e+02   1.6849964e+02
   3.7024761e+02   1.7279141e+02
   3.5614369e+02   1.7199307e+02
   2.6983501e+02   2.7196540e+02
   2.8621220e+02   2.6691140e+02
   3.0130136e+02   2.5826204e+02
   3.1744594e+02   2.6199468e+02
   3.3251731e+02   2.5859319e+02
   3.4693839e+02   2.6536659e+02
   3.6243010e+02   2.6832942e+02
   3.4812761e+02   2.7708969e+02
   3.3384375e+02   2.8539937e+02
   3.1788665e+02   2.8592621e+02
   3.0106667e+02   2.8584881e+02
   2.8537948e+02   2.7923303e+02
   2.8539244e+02   2.7330357e+02
   3.0116481e+02   2.6948291e+02
   3.1727373e+02   2.7086084e+02
   3.3255410e+02   2.6911988e+02
   3.4750391e+02   2.7109827e+02
   3.3240138e+02   2.7040331e+02
   3.1755788e+02   2.7247785e+02
   3.0142113e+02   2.7097985e+02
