   2.0405323e+02   1.8368864e+02
   2.0758326e+02   2.1066562e+02
   2.1353772e+02   2.3718139e+02
   2.2011230e+02   2.6344688e+02
   2.2905728e+02   2.8919865e+02
   2.4526438e+02   3.1068638e+02
   2.6674134e+02   3.2710736e+02
   2.9196128e+02   3.3723522e+02
   3.1867852e+02   3.4053858e+02
   3.4486092e+02   3.3709798e+02
   3.6708905e+02   3.2170791e+02
   3.8721748e+02   3.0408060e+02
   4.0501098e+02   2.8389686e+02
   4.1483915e+02   2.5922839e+02
   4.1957268e+02   2.3265200e+02
   4.2359273e+02   2.0598627e+02
   4.2691942e+02   1.7956801e+02
   2.2447287e+02   1.4578483e+02
   2.3761040e+02   1.3444352e+02
   2.5392003e+02   1.2923525e+02
   2.7087140e+02   1.3188200e+02
   2.8758634e+02   1.3572499e+02
   3.4147807e+02   1.3502581e+02
   3.5872652e+02   1.3040176e+02
   3.7599761e+02   1.2629661e+02
   3.9373798e+02   1.2736785e+02
   4.0694703e+02   1.3838116e+02
   3.1694930e+02   1.5705095e+02
   3.1696131e+02   1.7847263e+02
   3.1641369e+02   1.9995571e+02
   3.1610318e+02   2.2120267e+02
   2.9831609e+02   2.3856826e+02
   3.0725739e+02   2.3860606e+02
   3.1574046e+02   2.4132234e+02
   3.2389827e+02   2.3852039e+02
   3.3234607e+02   2.3786879e+02
   2.4668353e+02   1.6783347e+02
   2.6017540e+02   1.5851500e+02
   2.7655638e+02   1.6045896e+02
   2.8974504e+02   1.7020853e+02
   2.7514780e+02   1.7547944e+02
   2.5962879e+02   1.7568142e+02
   3.4182029e+02   1.6915162e+02
   3.5385629e+02   1.5742462e+02
   3.7055761e+02   1.5511689e+02
   3.8423858e+02   1.6438939e+02
   3.7180693e+02   1.7281557e+02
   3.5671508e+02   1.7238397e+02
   2.6577329e+02   2.7410052e+02
   2.8263979e+02   2.6468539e+02
   2.9856513e+02   2.5379339e+02
   3.1697051e+02   2.5518328e+02
   3.3419010e+02   2.5417839e+02
   3.4937608e+02   2.6327480e+02
   3.6426162e+02   2.7237251e+02
   3.4896823e+02   2.6956659e+02
   3.3371495e+02   2.7367485e+02
   3.1827743e+02   2.7548481e+02
   3.0066108e+02   2.7250560e+02
   2.8303487e+02   2.7109776e+02
   2.8571534e+02   2.6765999e+02
   3.0099713e+02   2.6111837e+02
   3.1744712e+02   2.6277271e+02
   3.3322771e+02   2.6129933e+02
   3.4836184e+02   2.6571534e+02
   3.3309712e+02   2.6180377e+02
   3.1745381e+02   2.6328454e+02
   3.0101820e+02   2.6180473e+02
