   1.7774429e+02   2.1447168e+02
   1.7816618e+02   2.4643846e+02
   1.8306767e+02   2.7823494e+02
   1.8885528e+02   3.0978353e+02
   2.0099763e+02   3.3912403e+02
   2.1949592e+02   3.6513203e+02
   2.4243440e+02   3.8775617e+02
   2.7035827e+02   4.0267177e+02
   3.0176428e+02   4.0765024e+02
   3.3336674e+02   4.0255693e+02
   3.6068503e+02   3.8650553e+02
   3.8384843e+02   3.6448647e+02
   4.0132153e+02   3.3753657e+02
   4.1298293e+02   3.0790759e+02
   4.1903794e+02   2.7631745e+02
   4.2332210e+02   2.4477744e+02
   4.2371271e+02   2.1281051e+02
   1.9260752e+02   1.9942100e+02
   2.0515056e+02   1.8353508e+02
   2.2280219e+02   1.7372852e+02
   2.4289001e+02   1.7273462e+02
   2.6279513e+02   1.7603220e+02
   3.3607909e+02   1.7120020e+02
   3.5297287e+02   1.6816976e+02
   3.6985149e+02   1.6766774e+02
   3.8611444e+02   1.7243580e+02
   3.9983166e+02   1.8222057e+02
   3.0261422e+02   2.1196510e+02
   3.0303554e+02   2.3143302e+02
   3.0338326e+02   2.5070189e+02
   3.0386779e+02   2.6979078e+02
   2.7073932e+02   2.9198351e+02
   2.8782161e+02   2.9162851e+02
   3.0470584e+02   2.9074211e+02
   3.2092336e+02   2.9032632e+02
   3.3696613e+02   2.9073945e+02
   2.2555264e+02   2.1444565e+02
   2.4115367e+02   2.0399839e+02
   2.5971559e+02   2.0663187e+02
   2.7158276e+02   2.2075983e+02
   2.5594507e+02   2.1953853e+02
   2.4021639e+02   2.1952624e+02
   3.3193433e+02   2.2035005e+02
   3.4470578e+02   2.0734296e+02
   3.6260991e+02   2.0362192e+02
   3.7714028e+02   2.1361551e+02
   3.6312741e+02   2.2000144e+02
   3.4747129e+02   2.1986278e+02
   2.5692186e+02   3.3130581e+02
   2.7164153e+02   3.1791353e+02
   2.8741112e+02   3.0587182e+02
   3.0614916e+02   3.0848230e+02
   3.2351231e+02   3.0692700e+02
   3.3806231e+02   3.1746898e+02
   3.5212833e+02   3.2833920e+02
   3.4078501e+02   3.4163863e+02
   3.2455710e+02   3.4815952e+02
   3.0712938e+02   3.4799650e+02
   2.8828808e+02   3.4797816e+02
   2.7005029e+02   3.4411832e+02
   2.6438098e+02   3.3007581e+02
   2.8492677e+02   3.2758249e+02
   3.0539768e+02   3.2760875e+02
   3.2564763e+02   3.2736311e+02
   3.4567070e+02   3.2834174e+02
   3.2548712e+02   3.2785166e+02
   3.0539636e+02   3.2810051e+02
   2.8483173e+02   3.2806659e+02
