   1.9875936e+02   2.0603101e+02
   2.0038514e+02   2.3742388e+02
   2.0363534e+02   2.6868275e+02
   2.0771448e+02   2.9976573e+02
   2.1670743e+02   3.2966128e+02
   2.3101155e+02   3.5771502e+02
   2.5246491e+02   3.8024247e+02
   2.7909359e+02   3.9673499e+02
   3.0934197e+02   4.0331707e+02
   3.3708172e+02   3.9916074e+02
   3.6064323e+02   3.8393024e+02
   3.7978942e+02   3.6314391e+02
   3.9289758e+02   3.3822081e+02
   4.0624947e+02   3.1330978e+02
   4.1517286e+02   2.8652651e+02
   4.2144468e+02   2.5917001e+02
   4.2719679e+02   2.3161378e+02
   2.3155726e+02   1.4049444e+02
   2.4230781e+02   1.3128993e+02
   2.5647893e+02   1.2801743e+02
   2.7112131e+02   1.2716240e+02
   2.8569911e+02   1.2697368e+02
   3.5545634e+02   1.3083155e+02
   3.7227969e+02   1.3112136e+02
   3.8873570e+02   1.3556062e+02
   4.0378504e+02   1.4331137e+02
   4.1448724e+02   1.5613962e+02
   3.1899243e+02   1.7733179e+02
   3.1873651e+02   1.9383839e+02
   3.1824741e+02   2.1014662e+02
   3.1663825e+02   2.2631177e+02
   2.9740493e+02   2.4606811e+02
   3.0714999e+02   2.4565137e+02
   3.1668708e+02   2.4644982e+02
   3.2604607e+02   2.4800579e+02
   3.3512165e+02   2.5068983e+02
   2.4839216e+02   1.7720304e+02
   2.6011080e+02   1.6421503e+02
   2.7776114e+02   1.6476949e+02
   2.8909880e+02   1.7796126e+02
   2.7556885e+02   1.8116370e+02
   2.6169489e+02   1.8103070e+02
   3.5170944e+02   1.8219614e+02
   3.6373084e+02   1.6940264e+02
   3.8160410e+02   1.7232170e+02
   3.9256517e+02   1.8650956e+02
   3.7859977e+02   1.8975416e+02
   3.6444835e+02   1.8834101e+02
   2.7538097e+02   2.9936706e+02
   2.8523669e+02   2.8422862e+02
   2.9747224e+02   2.7133506e+02
   3.1423527e+02   2.7360238e+02
   3.3235388e+02   2.7607219e+02
   3.4192216e+02   2.9231106e+02
   3.4671656e+02   3.1072221e+02
   3.3830307e+02   3.2454115e+02
   3.2659409e+02   3.3541991e+02
   3.1156292e+02   3.3958837e+02
   2.9424441e+02   3.3219041e+02
   2.8274641e+02   3.1703707e+02
   2.8137903e+02   3.0157053e+02
   2.9403565e+02   2.8369201e+02
   3.1548688e+02   2.8158740e+02
   3.3425811e+02   2.9102837e+02
   3.4217211e+02   3.1046727e+02
   3.2897750e+02   3.2249153e+02
   3.1159580e+02   3.2330255e+02
   2.9206630e+02   3.1864028e+02
