   1.8094097e+02   1.9385145e+02
   1.8299228e+02   2.2274240e+02
   1.8619132e+02   2.5101903e+02
   1.9079758e+02   2.7950980e+02
   1.9877657e+02   3.0705933e+02
   2.1699307e+02   3.2892731e+02
   2.4031308e+02   3.4554861e+02
   2.6656153e+02   3.5688817e+02
   2.9458624e+02   3.6188634e+02
   3.2440153e+02   3.6108025e+02
   3.5318734e+02   3.5404339e+02
   3.7919823e+02   3.3981996e+02
   3.9746981e+02   3.1676667e+02
   4.1044724e+02   2.9003938e+02
   4.1910158e+02   2.6151365e+02
   4.2765661e+02   2.3324204e+02
   4.3179419e+02   2.0393723e+02
   2.0449439e+02   1.3355150e+02
   2.1888885e+02   1.2267985e+02
   2.3638340e+02   1.1829830e+02
   2.5412116e+02   1.2083966e+02
   2.7075821e+02   1.2773714e+02
   3.4290782e+02   1.2945769e+02
   3.5963035e+02   1.2752356e+02
   3.7633503e+02   1.2679806e+02
   3.9208754e+02   1.3210780e+02
   4.0431465e+02   1.4320208e+02
   3.0378610e+02   1.7023003e+02
   3.0169777e+02   1.8563386e+02
   3.0074164e+02   2.0111713e+02
   2.9884487e+02   2.1637812e+02
   2.7834338e+02   2.4337742e+02
   2.8846233e+02   2.4543026e+02
   2.9856089e+02   2.4647491e+02
   3.0855018e+02   2.4700996e+02
   3.1838859e+02   2.4588012e+02
   2.2627673e+02   1.6993172e+02
   2.4082130e+02   1.6137736e+02
   2.5735284e+02   1.6401291e+02
   2.6871234e+02   1.7632108e+02
   2.5336010e+02   1.8189245e+02
   2.3714879e+02   1.8119484e+02
   3.3771176e+02   1.7866439e+02
   3.5162603e+02   1.6715742e+02
   3.6979404e+02   1.6722540e+02
   3.8282941e+02   1.7925955e+02
   3.6838460e+02   1.8778267e+02
   3.5177171e+02   1.8756566e+02
   2.6148615e+02   2.8734456e+02
   2.7077620e+02   2.7517942e+02
   2.8409746e+02   2.6813700e+02
   2.9781742e+02   2.7328496e+02
   3.1181028e+02   2.6965941e+02
   3.2329684e+02   2.7935267e+02
   3.3243997e+02   2.9147312e+02
   3.2244717e+02   2.9960728e+02
   3.1023535e+02   3.0406747e+02
   2.9749745e+02   3.0515977e+02
   2.8376710e+02   3.0283175e+02
   2.7105173e+02   2.9723264e+02
   2.7028378e+02   2.8702505e+02
   2.8385520e+02   2.8141264e+02
   2.9839282e+02   2.8163415e+02
   3.1137669e+02   2.8401269e+02
   3.2273454e+02   2.9029998e+02
   3.1012351e+02   2.9093350e+02
   2.9781288e+02   2.9268271e+02
   2.8386120e+02   2.9013633e+02
