   1.8135165e+02   1.9429884e+02
   1.8334608e+02   2.2276511e+02
   1.8646070e+02   2.5059766e+02
   1.9086079e+02   2.7871646e+02
   1.9838879e+02   3.0595304e+02
   2.1687490e+02   3.2716381e+02
   2.4042008e+02   3.4294145e+02
   2.6664876e+02   3.5355558e+02
   2.9430929e+02   3.5829701e+02
   3.2388133e+02   3.5821461e+02
   3.5252572e+02   3.5216179e+02
   3.7828298e+02   3.3813640e+02
   3.9713504e+02   3.1590823e+02
   4.0997398e+02   2.8951801e+02
   4.1855864e+02   2.6145296e+02
   4.2760942e+02   2.3368730e+02
   4.3175718e+02   2.0486670e+02
   2.0608353e+02   1.3904458e+02
   2.2089374e+02   1.3054079e+02
   2.3789625e+02   1.2765491e+02
   2.5505929e+02   1.2889032e+02
   2.7104983e+02   1.3504248e+02
   3.4138868e+02   1.3649852e+02
   3.5801909e+02   1.3470927e+02
   3.7462803e+02   1.3452021e+02
   3.9035278e+02   1.3939331e+02
   4.0374838e+02   1.4885436e+02
   3.0349219e+02   1.6897684e+02
   3.0189625e+02   1.8498053e+02
   3.0088331e+02   2.0106178e+02
   2.9893532e+02   2.1686843e+02
   2.7845873e+02   2.4345745e+02
   2.8854074e+02   2.4567000e+02
   2.9861608e+02   2.4676984e+02
   3.0789478e+02   2.4739661e+02
   3.1708668e+02   2.4619917e+02
   2.2699493e+02   1.7251504e+02
   2.4106588e+02   1.6368550e+02
   2.5746479e+02   1.6582011e+02
   2.6877209e+02   1.7774126e+02
   2.5398255e+02   1.8262728e+02
   2.3846497e+02   1.8202936e+02
   3.3760423e+02   1.8041510e+02
   3.5158770e+02   1.6890543e+02
   3.6974986e+02   1.6915540e+02
   3.8267755e+02   1.8137275e+02
   3.6799833e+02   1.8849657e+02
   3.5176084e+02   1.8818254e+02
   2.6111469e+02   2.8422639e+02
   2.7087085e+02   2.7297888e+02
   2.8445326e+02   2.6720023e+02
   2.9760709e+02   2.7281562e+02
   3.1156096e+02   2.6919648e+02
   3.2388781e+02   2.7734964e+02
   3.3345764e+02   2.8877001e+02
   3.2238784e+02   2.9524618e+02
   3.0972793e+02   2.9826974e+02
   2.9716207e+02   2.9830894e+02
   2.8418521e+02   2.9652031e+02
   2.7164039e+02   2.9226165e+02
   2.6926868e+02   2.8374500e+02
   2.8363009e+02   2.8119968e+02
   2.9793700e+02   2.8251014e+02
   3.1118198e+02   2.8363246e+02
   3.2400839e+02   2.8749929e+02
   3.1048024e+02   2.8473059e+02
   2.9776168e+02   2.8486856e+02
   2.8373843e+02   2.8352965e+02
