   1.7848033e+02   1.9433163e+02
   1.8103656e+02   2.2741303e+02
   1.8504586e+02   2.6013255e+02
   1.9185240e+02   2.9217001e+02
   2.0484858e+02   3.2254125e+02
   2.1929164e+02   3.5183989e+02
   2.3931451e+02   3.7831632e+02
   2.6511638e+02   3.9820741e+02
   2.9667140e+02   4.0624938e+02
   3.2825830e+02   3.9697949e+02
   3.5602842e+02   3.7927541e+02
   3.8004101e+02   3.5689762e+02
   3.9407349e+02   3.2691022e+02
   4.0506767e+02   2.9597177e+02
   4.1598597e+02   2.6500316e+02
   4.2310034e+02   2.3280806e+02
   4.2669154e+02   2.0031818e+02
   2.0087882e+02   1.3001913e+02
   2.1548272e+02   1.2126683e+02
   2.3234210e+02   1.1830750e+02
   2.4939582e+02   1.1866980e+02
   2.6558362e+02   1.2365253e+02
   3.4214603e+02   1.2551187e+02
   3.5842722e+02   1.2383114e+02
   3.7463561e+02   1.2307493e+02
   3.8981189e+02   1.2885611e+02
   4.0067788e+02   1.4072822e+02
   3.0119802e+02   1.7050916e+02
   2.9912796e+02   1.8587461e+02
   2.9821640e+02   2.0131896e+02
   2.9636390e+02   2.1654610e+02
   2.7609781e+02   2.4745614e+02
   2.8627865e+02   2.4760732e+02
   2.9631669e+02   2.4803701e+02
   3.0566215e+02   2.4791518e+02
   3.1479399e+02   2.4990450e+02
   2.2215544e+02   1.7146642e+02
   2.3678963e+02   1.6194441e+02
   2.5430908e+02   1.6401326e+02
   2.6616049e+02   1.7654992e+02
   2.5080369e+02   1.8218656e+02
   2.3456963e+02   1.8152215e+02
   3.3355368e+02   1.7714568e+02
   3.4802060e+02   1.6684811e+02
   3.6574534e+02   1.6671846e+02
   3.7801971e+02   1.7886253e+02
   3.6397974e+02   1.8826440e+02
   3.4728211e+02   1.8697601e+02
   2.5553322e+02   3.1042051e+02
   2.6141284e+02   2.9055710e+02
   2.7532644e+02   2.7563767e+02
   2.9518315e+02   2.7549364e+02
   3.1468650e+02   2.7735297e+02
   3.2790158e+02   2.9259879e+02
   3.3481301e+02   3.1150220e+02
   3.2690363e+02   3.3165614e+02
   3.1532874e+02   3.4946389e+02
   2.9569192e+02   3.5551916e+02
   2.7416307e+02   3.5014856e+02
   2.6079581e+02   3.3222827e+02
   2.5809387e+02   3.0885738e+02
   2.7277715e+02   2.8996705e+02
   2.9516803e+02   2.8283311e+02
   3.1866372e+02   2.9102685e+02
   3.3260992e+02   3.1127389e+02
   3.1824992e+02   3.3050230e+02
   2.9593747e+02   3.3621510e+02
   2.7281533e+02   3.2842052e+02
