   1.8098557e+02   1.9447562e+02
   1.8299803e+02   2.2287961e+02
   1.8612415e+02   2.5064084e+02
   1.9050084e+02   2.7871078e+02
   1.9793493e+02   3.0591186e+02
   2.1657787e+02   3.2694855e+02
   2.4027275e+02   3.4247299e+02
   2.6657475e+02   3.5285536e+02
   2.9419711e+02   3.5749755e+02
   3.2377061e+02   3.5761265e+02
   3.5257234e+02   3.5177022e+02
   3.7864602e+02   3.3828077e+02
   3.9743474e+02   3.1607033e+02
   4.1051234e+02   2.8979940e+02
   4.1893814e+02   2.6161653e+02
   4.2775306e+02   2.3383286e+02
   4.3191983e+02   2.0494781e+02
   2.0498188e+02   1.3613093e+02
   2.1949322e+02   1.2584143e+02
   2.3688294e+02   1.2181839e+02
   2.5448919e+02   1.2411185e+02
   2.7095451e+02   1.3092102e+02
   3.4215481e+02   1.3250265e+02
   3.5888449e+02   1.3058736e+02
   3.7559976e+02   1.3003116e+02
   3.9139517e+02   1.3515443e+02
   4.0412054e+02   1.4565291e+02
   3.0360643e+02   1.7026330e+02
   3.0168290e+02   1.8586584e+02
   3.0071180e+02   2.0154674e+02
   2.9880175e+02   2.1698843e+02
   2.7830805e+02   2.4353959e+02
   2.8840754e+02   2.4579762e+02
   2.9850329e+02   2.4690679e+02
   3.0831562e+02   2.4752287e+02
   3.1800958e+02   2.4610842e+02
   2.2655182e+02   1.7114045e+02
   2.4093038e+02   1.6257040e+02
   2.5733750e+02   1.6508158e+02
   2.6864571e+02   1.7723977e+02
   2.5347797e+02   1.8259127e+02
   2.3749213e+02   1.8193063e+02
   3.3772495e+02   1.7980669e+02
   3.5161315e+02   1.6819025e+02
   3.6981648e+02   1.6832600e+02
   3.8288664e+02   1.8040616e+02
   3.6833731e+02   1.8840971e+02
   3.5185011e+02   1.8825829e+02
   2.6165826e+02   2.8490786e+02
   2.7136273e+02   2.7368205e+02
   2.8470120e+02   2.6769638e+02
   2.9771997e+02   2.7341789e+02
   3.1125115e+02   2.6932065e+02
   3.2288129e+02   2.7804522e+02
   3.3236725e+02   2.8937524e+02
   3.2187929e+02   2.9597373e+02
   3.0949694e+02   2.9886302e+02
   2.9739841e+02   2.9922097e+02
   2.8455333e+02   2.9734201e+02
   2.7192048e+02   2.9320883e+02
   2.7076444e+02   2.8464756e+02
   2.8447124e+02   2.8112362e+02
   2.9826713e+02   2.8228755e+02
   3.1047349e+02   2.8374938e+02
   3.2212130e+02   2.8808175e+02
   3.0939482e+02   2.8607654e+02
   2.9779247e+02   2.8699989e+02
   2.8456898e+02   2.8530508e+02
