   1.9095614e+02   2.2265501e+02
   1.9753628e+02   2.5020206e+02
   2.0503622e+02   2.7730847e+02
   2.1562315e+02   3.0334714e+02
   2.3079382e+02   3.2712916e+02
   2.5053560e+02   3.4724376e+02
   2.7362139e+02   3.6320851e+02
   2.9839802e+02   3.7617863e+02
   3.2605701e+02   3.7867549e+02
   3.5328535e+02   3.7210489e+02
   3.7638648e+02   3.5669645e+02
   3.9776540e+02   3.3862868e+02
   4.1325794e+02   3.1539268e+02
   4.2663383e+02   2.9096384e+02
   4.3292493e+02   2.6377790e+02
   4.3446715e+02   2.3575186e+02
   4.3479670e+02   2.0785414e+02
   2.0569489e+02   1.8900410e+02
   2.2093403e+02   1.6899437e+02
   2.4539972e+02   1.6166984e+02
   2.7095449e+02   1.6143034e+02
   2.9547583e+02   1.6833656e+02
   3.1221820e+02   1.6614762e+02
   3.3678908e+02   1.5627940e+02
   3.6344901e+02   1.5425854e+02
   3.9003632e+02   1.5559221e+02
   4.1062303e+02   1.7081987e+02
   3.0348254e+02   1.8370427e+02
   3.0454885e+02   2.0348787e+02
   3.0556389e+02   2.2305064e+02
   3.0628424e+02   2.4247783e+02
   2.8166390e+02   2.5966946e+02
   2.9496849e+02   2.6591157e+02
   3.0948175e+02   2.6626633e+02
   3.2561954e+02   2.6173503e+02
   3.3839188e+02   2.5137241e+02
   2.3698140e+02   2.0125742e+02
   2.4912918e+02   1.9345477e+02
   2.6358279e+02   1.9291067e+02
   2.7665796e+02   1.9890950e+02
   2.6343885e+02   2.0137245e+02
   2.5013919e+02   2.0267241e+02
   3.3880952e+02   1.9316321e+02
   3.5118253e+02   1.8560525e+02
   3.6552511e+02   1.8412737e+02
   3.7899234e+02   1.8886758e+02
   3.6582537e+02   1.9211514e+02
   3.5230629e+02   1.9292526e+02
   2.7279814e+02   3.0514718e+02
   2.8428436e+02   2.9390732e+02
   2.9703624e+02   2.8445828e+02
   3.1239559e+02   2.8512359e+02
   3.2818077e+02   2.7940235e+02
   3.4465647e+02   2.8261546e+02
   3.5798574e+02   2.9259842e+02
   3.4538444e+02   3.0113038e+02
   3.3204920e+02   3.0830746e+02
   3.1759125e+02   3.1224383e+02
   3.0232746e+02   3.1195024e+02
   2.8754439e+02   3.0831698e+02
   2.7986600e+02   3.0232924e+02
   2.9664085e+02   2.9544878e+02
   3.1455539e+02   2.9568185e+02
   3.3211258e+02   2.9133946e+02
   3.5014415e+02   2.9313744e+02
   3.3221434e+02   2.9197239e+02
   3.1477093e+02   2.9594051e+02
   2.9670554e+02   2.9609121e+02
