   1.6255924e+02   2.4499220e+02
   1.6608049e+02   2.7187809e+02
   1.7227764e+02   2.9830022e+02
   1.8014715e+02   3.2420410e+02
   1.9187023e+02   3.4881120e+02
   2.0806912e+02   3.7025793e+02
   2.3034846e+02   3.8561075e+02
   2.5310765e+02   4.0023668e+02
   2.7931572e+02   4.0293472e+02
   3.0744492e+02   3.9709737e+02
   3.3132814e+02   3.8012299e+02
   3.5401676e+02   3.6188684e+02
   3.7121976e+02   3.3822262e+02
   3.8336138e+02   3.1172843e+02
   3.9110986e+02   2.8366895e+02
   4.0082428e+02   2.5588198e+02
   4.0575680e+02   2.2747137e+02
   1.8341324e+02   2.0839030e+02
   1.9695215e+02   1.9715861e+02
   2.1479852e+02   1.9569248e+02
   2.3258748e+02   1.9842414e+02
   2.4957706e+02   2.0374679e+02
   3.0681760e+02   2.0027143e+02
   3.2483347e+02   1.9503907e+02
   3.4335292e+02   1.9197448e+02
   3.6196148e+02   1.9191148e+02
   3.7661820e+02   2.0249526e+02
   2.8128255e+02   2.2786729e+02
   2.8142499e+02   2.4587123e+02
   2.8101447e+02   2.6384657e+02
   2.8099245e+02   2.8162510e+02
   2.4917298e+02   2.9816256e+02
   2.6457688e+02   3.0266949e+02
   2.8018702e+02   3.0481069e+02
   2.9407983e+02   3.0181599e+02
   3.0705046e+02   2.9658105e+02
   2.0376664e+02   2.2841455e+02
   2.1950433e+02   2.2018195e+02
   2.3725282e+02   2.2170758e+02
   2.4935024e+02   2.3412575e+02
   2.3331760e+02   2.3819420e+02
   2.1700066e+02   2.3759004e+02
   3.1391071e+02   2.3148873e+02
   3.2584657e+02   2.1955925e+02
   3.4267608e+02   2.1789261e+02
   3.5749442e+02   2.2595144e+02
   3.4500123e+02   2.3504410e+02
   3.2924059e+02   2.3524200e+02
   2.2604530e+02   3.2811709e+02
   2.4270584e+02   3.1965680e+02
   2.6123985e+02   3.1696860e+02
   2.7986748e+02   3.1802543e+02
   2.9698584e+02   3.1761519e+02
   3.1383322e+02   3.2014749e+02
   3.2875455e+02   3.2811270e+02
   3.1849868e+02   3.4615172e+02
   3.0001604e+02   3.5535273e+02
   2.7942524e+02   3.5841405e+02
   2.5812396e+02   3.5543443e+02
   2.3944732e+02   3.4469357e+02
   2.3162445e+02   3.2924041e+02
   2.5535562e+02   3.2477055e+02
   2.7920421e+02   3.2631460e+02
   3.0139721e+02   3.2475036e+02
   3.2279675e+02   3.2995276e+02
   3.0216767e+02   3.4211648e+02
   2.7845287e+02   3.4415054e+02
   2.5357114e+02   3.4082264e+02
