   1.6324327e+02   2.4545310e+02
   1.6668644e+02   2.7231853e+02
   1.7280185e+02   2.9872792e+02
   1.8066498e+02   3.2459023e+02
   1.9234362e+02   3.4919811e+02
   2.0846978e+02   3.7065932e+02
   2.3072073e+02   3.8600435e+02
   2.5335214e+02   4.0076786e+02
   2.7950751e+02   4.0344501e+02
   3.0763979e+02   3.9775117e+02
   3.3158458e+02   3.8088082e+02
   3.5429997e+02   3.6270745e+02
   3.7162201e+02   3.3915797e+02
   3.8387483e+02   3.1273784e+02
   3.9175543e+02   2.8474031e+02
   4.0158643e+02   2.5700371e+02
   4.0661814e+02   2.2863561e+02
   1.8401234e+02   2.0876319e+02
   1.9755022e+02   1.9740188e+02
   2.1547088e+02   1.9591607e+02
   2.3331881e+02   1.9875094e+02
   2.5038382e+02   2.0408226e+02
   3.0774327e+02   2.0082967e+02
   3.2575349e+02   1.9564224e+02
   3.4427890e+02   1.9265917e+02
   3.6286965e+02   1.9263777e+02
   3.7755357e+02   2.0318965e+02
   2.8216377e+02   2.2833753e+02
   2.8226664e+02   2.4636807e+02
   2.8182203e+02   2.6437679e+02
   2.8176584e+02   2.8217286e+02
   2.4973974e+02   2.9858626e+02
   2.6518301e+02   3.0305447e+02
   2.8079655e+02   3.0531209e+02
   2.9468808e+02   3.0234469e+02
   3.0767600e+02   2.9717044e+02
   2.0437242e+02   2.2850304e+02
   2.2012331e+02   2.2009246e+02
   2.3797934e+02   2.2177472e+02
   2.5001305e+02   2.3442721e+02
   2.3392250e+02   2.3850182e+02
   2.1755692e+02   2.3785176e+02
   3.1467628e+02   2.3203803e+02
   3.2655358e+02   2.1991634e+02
   3.4347160e+02   2.1823322e+02
   3.5829813e+02   2.2643889e+02
   3.4583241e+02   2.3563811e+02
   3.3003191e+02   2.3582885e+02
   2.2634726e+02   3.2826398e+02
   2.4316889e+02   3.1993036e+02
   2.6179225e+02   3.1733377e+02
   2.8048677e+02   3.1847999e+02
   2.9761894e+02   3.1816024e+02
   3.1447699e+02   3.2066017e+02
   3.2939100e+02   3.2865297e+02
   3.1903777e+02   3.4665659e+02
   3.0048800e+02   3.5577302e+02
   2.7985506e+02   3.5883900e+02
   2.5852735e+02   3.5570953e+02
   2.3986328e+02   3.4480844e+02
   2.3190213e+02   3.2942669e+02
   2.5579608e+02   3.2525160e+02
   2.7972258e+02   3.2686638e+02
   3.0199131e+02   3.2532892e+02
   3.2348512e+02   3.3048573e+02
   3.0271459e+02   3.4252023e+02
   2.7890581e+02   3.4453419e+02
   2.5391773e+02   3.4104109e+02
