   1.8313359e+02   2.4185776e+02
   1.8513776e+02   2.7068908e+02
   1.8840848e+02   2.9959720e+02
   1.9348798e+02   3.2768588e+02
   2.0812139e+02   3.5262798e+02
   2.2761514e+02   3.7393308e+02
   2.5155001e+02   3.8962243e+02
   2.7827860e+02   4.0039073e+02
   3.0669970e+02   4.0448963e+02
   3.3562323e+02   3.9962233e+02
   3.6314455e+02   3.9069657e+02
   3.8747519e+02   3.7507797e+02
   4.0723137e+02   3.5383902e+02
   4.1623913e+02   3.2634765e+02
   4.1981476e+02   2.9756715e+02
   4.2291823e+02   2.6851417e+02
   4.2288072e+02   2.3971455e+02
   2.0593086e+02   2.1205837e+02
   2.2210523e+02   2.0526747e+02
   2.3905290e+02   2.0144615e+02
   2.5649389e+02   2.0207632e+02
   2.7386816e+02   2.0321628e+02
   3.2466627e+02   2.0629038e+02
   3.4168148e+02   2.0263633e+02
   3.5882197e+02   2.0102754e+02
   3.7607132e+02   2.0073007e+02
   3.9240680e+02   2.0585584e+02
   3.0498225e+02   2.2698030e+02
   3.0541136e+02   2.4433872e+02
   3.0583535e+02   2.6153511e+02
   3.0541014e+02   2.7869905e+02
   2.8081689e+02   3.0179610e+02
   2.9322518e+02   3.0218007e+02
   3.0556055e+02   3.0092229e+02
   3.1651951e+02   3.0093223e+02
   3.2726153e+02   3.0137345e+02
   2.2980184e+02   2.3652037e+02
   2.4424253e+02   2.2910969e+02
   2.6028740e+02   2.2771722e+02
   2.7388438e+02   2.3579096e+02
   2.5921774e+02   2.3937746e+02
   2.4421262e+02   2.4011940e+02
   3.3204418e+02   2.3711082e+02
   3.4633351e+02   2.2804223e+02
   3.6311394e+02   2.2828387e+02
   3.7778247e+02   2.3653807e+02
   3.6275242e+02   2.4101083e+02
   3.4708936e+02   2.4099897e+02
   2.5432812e+02   3.5084670e+02
   2.6917399e+02   3.3793943e+02
   2.8600220e+02   3.2779415e+02
   3.0514190e+02   3.2662546e+02
   3.2510502e+02   3.2532741e+02
   3.4281175e+02   3.3567048e+02
   3.5809287e+02   3.4908916e+02
   3.4134732e+02   3.4301273e+02
   3.2358232e+02   3.4742217e+02
   3.0583388e+02   3.5101761e+02
   2.8811418e+02   3.4880070e+02
   2.7056878e+02   3.4493629e+02
   2.7819657e+02   3.3695568e+02
   2.9228352e+02   3.3396956e+02
   3.0641998e+02   3.3391872e+02
   3.1802706e+02   3.3281966e+02
   3.2949418e+02   3.3489310e+02
   3.1789463e+02   3.3361317e+02
   3.0641899e+02   3.3478895e+02
   2.9211164e+02   3.3485062e+02
