   1.7607616e+02   1.5376629e+02
   1.7993311e+02   1.8396432e+02
   1.8380600e+02   2.1397289e+02
   1.9027956e+02   2.4370638e+02
   2.0046968e+02   2.7191663e+02
   2.2067047e+02   2.9430293e+02
   2.4684061e+02   3.0923763e+02
   2.7458511e+02   3.2101444e+02
   3.0424422e+02   3.2595094e+02
   3.3374884e+02   3.2287752e+02
   3.6120243e+02   3.1196042e+02
   3.8558315e+02   2.9514566e+02
   4.0421314e+02   2.7265233e+02
   4.1384217e+02   2.4459225e+02
   4.1684498e+02   2.1532852e+02
   4.2026519e+02   1.8587986e+02
   4.2199185e+02   1.5652606e+02
   2.0419373e+02   1.2789796e+02
   2.1860973e+02   1.1641528e+02
   2.3589871e+02   1.1025543e+02
   2.5421688e+02   1.0768880e+02
   2.7155670e+02   1.0208873e+02
   3.2584628e+02   1.0209233e+02
   3.4414581e+02   1.0524471e+02
   3.6265288e+02   1.0833154e+02
   3.8003769e+02   1.1486504e+02
   3.9373516e+02   1.2682360e+02
   3.0377059e+02   1.3722161e+02
   3.0263572e+02   1.5466933e+02
   3.0302786e+02   1.7198346e+02
   3.0376606e+02   1.8932645e+02
   2.8118986e+02   2.0775817e+02
   2.9245336e+02   2.0774798e+02
   3.0355889e+02   2.0894356e+02
   3.1428717e+02   2.0859239e+02
   3.2478927e+02   2.0936928e+02
   2.2902231e+02   1.4689470e+02
   2.4486863e+02   1.4374627e+02
   2.6139797e+02   1.4248944e+02
   2.7694259e+02   1.4331433e+02
   2.6116376e+02   1.4735471e+02
   2.4504981e+02   1.4869859e+02
   3.3360688e+02   1.4438011e+02
   3.4681245e+02   1.4245301e+02
   3.6104457e+02   1.4485627e+02
   3.7473844e+02   1.4776558e+02
   3.6085289e+02   1.4885493e+02
   3.4708610e+02   1.4727440e+02
   2.5164787e+02   2.5284336e+02
   2.6729778e+02   2.4083602e+02
   2.8422615e+02   2.3103058e+02
   3.0342136e+02   2.3094305e+02
   3.2206066e+02   2.3270905e+02
   3.3834747e+02   2.4198787e+02
   3.5234572e+02   2.5434209e+02
   3.4267728e+02   2.7114044e+02
   3.2377559e+02   2.7685229e+02
   3.0414214e+02   2.7835608e+02
   2.8433227e+02   2.7561805e+02
   2.6679084e+02   2.6593535e+02
   2.6096015e+02   2.5224705e+02
   2.8151107e+02   2.4182014e+02
   3.0416141e+02   2.3971532e+02
   3.2669819e+02   2.4462503e+02
   3.4672247e+02   2.5613143e+02
   3.2550843e+02   2.6432110e+02
   3.0320993e+02   2.6352547e+02
   2.8112193e+02   2.6129013e+02
