   2.3126516e+02   1.8192997e+02
   2.3266246e+02   2.0947506e+02
   2.3610134e+02   2.3695091e+02
   2.3766012e+02   2.6433019e+02
   2.4643389e+02   2.9043402e+02
   2.6195064e+02   3.1322636e+02
   2.8253305e+02   3.3105061e+02
   3.0874042e+02   3.3946336e+02
   3.3597385e+02   3.4316471e+02
   3.6246806e+02   3.4334663e+02
   3.8769646e+02   3.3543485e+02
   4.0898810e+02   3.2006836e+02
   4.2395352e+02   2.9833746e+02
   4.3398213e+02   2.7377154e+02
   4.4210412e+02   2.4870161e+02
   4.5001156e+02   2.2327514e+02
   4.5446601e+02   1.9750242e+02
   2.5515295e+02   1.4970089e+02
   2.7002621e+02   1.4364024e+02
   2.8577334e+02   1.4173604e+02
   3.0105904e+02   1.4601424e+02
   3.1624463e+02   1.5082098e+02
   3.6969792e+02   1.5393883e+02
   3.8633390e+02   1.5106422e+02
   4.0296059e+02   1.4975487e+02
   4.1926177e+02   1.5332152e+02
   4.3449166e+02   1.6009312e+02
   3.4360995e+02   1.8040352e+02
   3.4296716e+02   1.9509130e+02
   3.4187482e+02   2.0983463e+02
   3.3939684e+02   2.2415597e+02
   3.1883830e+02   2.4207675e+02
   3.2893092e+02   2.4318639e+02
   3.3886951e+02   2.4429002e+02
   3.4913851e+02   2.4470028e+02
   3.5937131e+02   2.4494699e+02
   2.7180408e+02   1.7842065e+02
   2.8587490e+02   1.7254824e+02
   3.0102230e+02   1.7390081e+02
   3.1321908e+02   1.8275747e+02
   2.9875628e+02   1.8624467e+02
   2.8410317e+02   1.8591502e+02
   3.7314804e+02   1.8574695e+02
   3.8613853e+02   1.7803562e+02
   4.0101900e+02   1.7765834e+02
   4.1304723e+02   1.8619084e+02
   4.0054964e+02   1.9214158e+02
   3.8668020e+02   1.8979321e+02
   2.9618434e+02   2.8107965e+02
   3.0947180e+02   2.7661485e+02
   3.2299195e+02   2.7360058e+02
   3.3645238e+02   2.7626228e+02
   3.5083547e+02   2.7405878e+02
   3.6481160e+02   2.7872336e+02
   3.7889727e+02   2.8294426e+02
   3.6430377e+02   2.8481752e+02
   3.4999757e+02   2.8839518e+02
   3.3542853e+02   2.8848259e+02
   3.2203215e+02   2.8713031e+02
   3.0923856e+02   2.8344515e+02
   3.1369576e+02   2.7889761e+02
   3.2498916e+02   2.7699085e+02
   3.3604257e+02   2.7948054e+02
   3.4750378e+02   2.7795893e+02
   3.5882767e+02   2.7950047e+02
   3.4765385e+02   2.7836015e+02
   3.3654791e+02   2.7942059e+02
   3.2514180e+02   2.7744203e+02
