   2.3091304e+02   1.8206559e+02
   2.3236382e+02   2.0963508e+02
   2.3585805e+02   2.3713140e+02
   2.3747016e+02   2.6453461e+02
   2.4630193e+02   2.9064746e+02
   2.6187703e+02   3.1343283e+02
   2.8251337e+02   3.3123564e+02
   3.0876238e+02   3.3960707e+02
   3.3602955e+02   3.4326054e+02
   3.6255011e+02   3.4339251e+02
   3.8778831e+02   3.3542524e+02
   4.0907179e+02   3.2000338e+02
   4.2401079e+02   2.9822283e+02
   4.3400277e+02   2.7361383e+02
   4.4208530e+02   2.4850392e+02
   4.4995241e+02   2.2303752e+02
   4.5436247e+02   1.9723108e+02
   2.5300028e+02   1.4673391e+02
   2.6894448e+02   1.4113288e+02
   2.8555254e+02   1.3934449e+02
   3.0182102e+02   1.4354563e+02
   3.1771785e+02   1.4873498e+02
   3.7227790e+02   1.4950863e+02
   3.8881435e+02   1.4773485e+02
   4.0528428e+02   1.4683971e+02
   4.2140479e+02   1.4987288e+02
   4.3632169e+02   1.5676582e+02
   3.4314171e+02   1.7803252e+02
   3.4281705e+02   1.9353310e+02
   3.4176377e+02   2.0901775e+02
   3.3923076e+02   2.2412848e+02
   3.1778253e+02   2.4004722e+02
   3.2767746e+02   2.4228521e+02
   3.3763919e+02   2.4388429e+02
   3.4887417e+02   2.4410563e+02
   3.5992144e+02   2.4348299e+02
   2.7148511e+02   1.7847614e+02
   2.8556891e+02   1.7158826e+02
   3.0114719e+02   1.7283551e+02
   3.1294898e+02   1.8273886e+02
   2.9844783e+02   1.8583143e+02
   2.8381515e+02   1.8595413e+02
   3.7219715e+02   1.8473995e+02
   3.8554093e+02   1.7629676e+02
   4.0123214e+02   1.7597941e+02
   4.1288164e+02   1.8598675e+02
   4.0007267e+02   1.9209789e+02
   3.8603653e+02   1.8901499e+02
   2.9696141e+02   2.7994764e+02
   3.1024593e+02   2.7563562e+02
   3.2359956e+02   2.7156619e+02
   3.3674048e+02   2.7476032e+02
   3.4971401e+02   2.7199309e+02
   3.6225144e+02   2.7739335e+02
   3.7500058e+02   2.8177365e+02
   3.6143725e+02   2.8532211e+02
   3.4773073e+02   2.8876375e+02
   3.3389485e+02   2.8837865e+02
   3.2118868e+02   2.8713232e+02
   3.0878177e+02   2.8428373e+02
   3.1211194e+02   2.7821341e+02
   3.2411771e+02   2.7713661e+02
   3.3581581e+02   2.7975981e+02
   3.4747527e+02   2.7811832e+02
   3.5911324e+02   2.7913268e+02
   3.4764624e+02   2.7846477e+02
   3.3635420e+02   2.7963976e+02
   3.2426560e+02   2.7756692e+02
