   1.6031422e+02   2.0618330e+02
   1.6447454e+02   2.3955074e+02
   1.7116184e+02   2.7252988e+02
   1.8152596e+02   3.0435947e+02
   1.9480376e+02   3.3519526e+02
   2.0852033e+02   3.6532591e+02
   2.2828581e+02   3.9259804e+02
   2.5472093e+02   4.1284675e+02
   2.8664241e+02   4.2057445e+02
   3.1732166e+02   4.0782395e+02
   3.3956712e+02   3.8233760e+02
   3.5820730e+02   3.5407082e+02
   3.7178012e+02   3.2324981e+02
   3.8637489e+02   2.9256664e+02
   3.9361570e+02   2.5961752e+02
   3.9506051e+02   2.2597401e+02
   3.9070087e+02   1.9269884e+02
   1.8119064e+02   1.6408998e+02
   1.9431181e+02   1.4602491e+02
   2.1478564e+02   1.3667526e+02
   2.3723242e+02   1.3474147e+02
   2.5687543e+02   1.4472457e+02
   2.8538048e+02   1.4901308e+02
   3.0001209e+02   1.3309795e+02
   3.2113487e+02   1.2839910e+02
   3.4284869e+02   1.3005761e+02
   3.6011744e+02   1.4280259e+02
   2.7891712e+02   1.8466002e+02
   2.8017457e+02   2.0376569e+02
   2.8224508e+02   2.2289323e+02
   2.8341453e+02   2.4195128e+02
   2.5338260e+02   2.6887483e+02
   2.6969821e+02   2.7139140e+02
   2.8593763e+02   2.7031612e+02
   2.9966493e+02   2.6933866e+02
   3.1263076e+02   2.6552633e+02
   2.0511311e+02   2.0099261e+02
   2.1962919e+02   1.9804852e+02
   2.3461603e+02   1.9747672e+02
   2.4977409e+02   1.9860329e+02
   2.3502340e+02   2.0121655e+02
   2.2015133e+02   2.0175015e+02
   3.0929403e+02   1.9437406e+02
   3.2472554e+02   1.9169204e+02
   3.4020011e+02   1.9082465e+02
   3.5577867e+02   1.9302831e+02
   3.4068418e+02   1.9773859e+02
   3.2477883e+02   1.9722065e+02
   2.4143989e+02   3.2476755e+02
   2.4936659e+02   3.0513164e+02
   2.6765571e+02   2.9396338e+02
   2.8892367e+02   2.9243070e+02
   3.0810306e+02   2.9302561e+02
   3.2430205e+02   3.0312352e+02
   3.2719864e+02   3.2090287e+02
   3.2423452e+02   3.4817819e+02
   3.1148164e+02   3.7249007e+02
   2.8665718e+02   3.8199362e+02
   2.6003573e+02   3.7488486e+02
   2.4398713e+02   3.5233002e+02
   2.5247677e+02   3.3082487e+02
   2.6351364e+02   3.0899038e+02
   2.8964007e+02   3.0288897e+02
   3.1059370e+02   3.0816203e+02
   3.1889617e+02   3.2918020e+02
   3.1495499e+02   3.5019837e+02
   2.8672445e+02   3.6421070e+02
   2.5633564e+02   3.5265936e+02
