   2.0097601e+02   2.4169174e+02
   2.0418149e+02   2.6902534e+02
   2.0944932e+02   2.9585679e+02
   2.1641594e+02   3.2242683e+02
   2.2921956e+02   3.4652379e+02
   2.4664545e+02   3.6789650e+02
   2.6684058e+02   3.8646697e+02
   2.9101132e+02   3.9897498e+02
   3.1791906e+02   4.0228794e+02
   3.4301762e+02   3.9795786e+02
   3.6428389e+02   3.8378076e+02
   3.8048595e+02   3.6374868e+02
   3.9371795e+02   3.4188559e+02
   4.0268990e+02   3.1788458e+02
   4.0827819e+02   2.9282443e+02
   4.1357840e+02   2.6764981e+02
   4.1985287e+02   2.4285279e+02
   2.2035535e+02   2.2189953e+02
   2.3136117e+02   2.0852535e+02
   2.4873392e+02   2.0570434e+02
   2.6643025e+02   2.0746956e+02
   2.8415763e+02   2.0855839e+02
   3.4150010e+02   2.0168004e+02
   3.5812867e+02   1.9923848e+02
   3.7451402e+02   1.9605932e+02
   3.9111185e+02   1.9838793e+02
   4.0005778e+02   2.1095467e+02
   3.1526600e+02   2.3278707e+02
   3.1558808e+02   2.5056732e+02
   3.1610280e+02   2.6813099e+02
   3.1648191e+02   2.8568273e+02
   2.8981990e+02   3.0281159e+02
   3.0330622e+02   3.0309576e+02
   3.1647456e+02   3.0524947e+02
   3.2812613e+02   3.0276864e+02
   3.3943148e+02   2.9950803e+02
   2.4286949e+02   2.3967120e+02
   2.5666401e+02   2.3165691e+02
   2.7263492e+02   2.3261554e+02
   2.8416564e+02   2.4328789e+02
   2.6993898e+02   2.4535837e+02
   2.5558026e+02   2.4561245e+02
   3.4110067e+02   2.3963237e+02
   3.5242016e+02   2.2839087e+02
   3.6797882e+02   2.2479123e+02
   3.8140759e+02   2.3262721e+02
   3.6966725e+02   2.4057151e+02
   3.5540528e+02   2.4121124e+02
   2.8138564e+02   3.4160237e+02
   2.9163340e+02   3.3347920e+02
   3.0378067e+02   3.2893047e+02
   3.1631450e+02   3.3147547e+02
   3.2936893e+02   3.2802643e+02
   3.4234186e+02   3.3194204e+02
   3.5424122e+02   3.3850912e+02
   3.4253478e+02   3.4531998e+02
   3.3058281e+02   3.5134845e+02
   3.1748591e+02   3.5251841e+02
   3.0482934e+02   3.5203872e+02
   2.9325353e+02   3.4612097e+02
   2.8841590e+02   3.4087948e+02
   3.0281098e+02   3.3944042e+02
   3.1702099e+02   3.4058801e+02
   3.3113999e+02   3.3821595e+02
   3.4525904e+02   3.3830486e+02
   3.3095500e+02   3.3855084e+02
   3.1701765e+02   3.4105591e+02
   3.0262683e+02   3.3968843e+02
