   1.8280644e+02   2.2287844e+02
   1.8462093e+02   2.5410413e+02
   1.8809232e+02   2.8488590e+02
   1.9474742e+02   3.1527668e+02
   2.0771977e+02   3.4347686e+02
   2.2547921e+02   3.6909632e+02
   2.4458160e+02   3.9338340e+02
   2.7058050e+02   4.1012645e+02
   3.0082470e+02   4.1510443e+02
   3.3092693e+02   4.0876648e+02
   3.5566029e+02   3.9016334e+02
   3.7309085e+02   3.6466633e+02
   3.8750941e+02   3.3739938e+02
   3.9550310e+02   3.0725154e+02
   4.0139147e+02   2.7683882e+02
   4.0283413e+02   2.4609499e+02
   4.0124986e+02   2.1516351e+02
   2.0024298e+02   1.9450346e+02
   2.1294759e+02   1.8390409e+02
   2.2895603e+02   1.7970831e+02
   2.4554668e+02   1.8064541e+02
   2.6150951e+02   1.8508915e+02
   3.2364083e+02   1.8083745e+02
   3.3726564e+02   1.7579999e+02
   3.5168693e+02   1.7433253e+02
   3.6577294e+02   1.7766065e+02
   3.7851629e+02   1.8444108e+02
   2.9523996e+02   2.0176759e+02
   2.9687520e+02   2.2251538e+02
   2.9807109e+02   2.4320198e+02
   2.9882794e+02   2.6371716e+02
   2.7839141e+02   2.8717094e+02
   2.8786492e+02   2.8858931e+02
   2.9723951e+02   2.8911673e+02
   3.0717823e+02   2.8746300e+02
   3.1701707e+02   2.8526087e+02
   2.2543639e+02   2.1610843e+02
   2.3505973e+02   2.0765306e+02
   2.4778578e+02   2.0688927e+02
   2.5859506e+02   2.1371933e+02
   2.4846251e+02   2.2060253e+02
   2.3628483e+02   2.2149672e+02
   3.2651894e+02   2.0901557e+02
   3.3640085e+02   2.0014971e+02
   3.4958647e+02   2.0063798e+02
   3.6024231e+02   2.0852356e+02
   3.4935002e+02   2.1380373e+02
   3.3736129e+02   2.1404671e+02
   2.6008588e+02   3.2363498e+02
   2.7202925e+02   3.1729504e+02
   2.8404025e+02   3.1106062e+02
   2.9686768e+02   3.1298661e+02
   3.0996370e+02   3.1088682e+02
   3.2266117e+02   3.1492490e+02
   3.3474172e+02   3.2090900e+02
   3.2582530e+02   3.3228177e+02
   3.1275647e+02   3.3882461e+02
   2.9847496e+02   3.4080525e+02
   2.8351462e+02   3.3957937e+02
   2.6939254e+02   3.3482986e+02
   2.6677984e+02   3.2490224e+02
   2.8237859e+02   3.2466369e+02
   2.9775890e+02   3.2556473e+02
   3.1190194e+02   3.2326445e+02
   3.2599867e+02   3.2257381e+02
   3.1183470e+02   3.2383427e+02
   2.9791943e+02   3.2604385e+02
   2.8237186e+02   3.2507404e+02
