   1.9360994e+02   2.3987731e+02
   1.9196195e+02   2.7551231e+02
   1.9142480e+02   3.1084219e+02
   1.9413260e+02   3.4592950e+02
   2.0774205e+02   3.7834944e+02
   2.3090409e+02   4.0496348e+02
   2.5854349e+02   4.2700057e+02
   2.8782045e+02   4.4638497e+02
   3.2188795e+02   4.5258894e+02
   3.5846063e+02   4.4975634e+02
   3.9119282e+02   4.3210698e+02
   4.2001341e+02   4.0884331e+02
   4.4540295e+02   3.8202628e+02
   4.5766044e+02   3.4732380e+02
   4.6248969e+02   3.1046693e+02
   4.6354164e+02   2.7351325e+02
   4.6157067e+02   2.3671153e+02
   2.1447451e+02   1.8170343e+02
   2.3470845e+02   1.6893163e+02
   2.5880236e+02   1.6632443e+02
   2.8291622e+02   1.6588254e+02
   3.0701522e+02   1.6602520e+02
   3.4955895e+02   1.5410380e+02
   3.7836908e+02   1.5631835e+02
   4.0699886e+02   1.5671807e+02
   4.3394347e+02   1.6613111e+02
   4.5042684e+02   1.8887126e+02
   3.2584922e+02   2.0582295e+02
   3.2545711e+02   2.3254258e+02
   3.2524134e+02   2.5923326e+02
   3.2514809e+02   2.8584251e+02
   2.9305686e+02   3.0793877e+02
   3.0894113e+02   3.0786575e+02
   3.2468737e+02   3.0837173e+02
   3.4119588e+02   3.0939257e+02
   3.5733465e+02   3.1152354e+02
   2.3735040e+02   2.2294433e+02
   2.5501320e+02   2.1110775e+02
   2.7653087e+02   2.1215314e+02
   2.9537959e+02   2.2220776e+02
   2.7558962e+02   2.2393482e+02
   2.5605547e+02   2.2838799e+02
   3.6188489e+02   2.2283702e+02
   3.8086843e+02   2.1369449e+02
   4.0164378e+02   2.1139013e+02
   4.1966193e+02   2.2137118e+02
   4.0106757e+02   2.2740457e+02
   3.8147054e+02   2.2499092e+02
   2.6435737e+02   3.5865651e+02
   2.8146674e+02   3.4365671e+02
   3.0163752e+02   3.3344733e+02
   3.2358174e+02   3.3522141e+02
   3.4854122e+02   3.3344292e+02
   3.7073811e+02   3.4476407e+02
   3.8924126e+02   3.6182496e+02
   3.6826556e+02   3.7043701e+02
   3.4590785e+02   3.7397682e+02
   3.2358849e+02   3.7202226e+02
   3.0302585e+02   3.7303568e+02
   2.8333870e+02   3.6671602e+02
   2.7879785e+02   3.4956848e+02
   2.9323833e+02   3.4936120e+02
   3.2313403e+02   3.5131250e+02
   3.5749486e+02   3.4956220e+02
   3.7336806e+02   3.4968906e+02
   3.5703106e+02   3.4981593e+02
   3.2314352e+02   3.5225400e+02
   2.9301526e+02   3.4977576e+02
