   1.9404083e+02   2.3985897e+02
   1.9229866e+02   2.7546517e+02
   1.9175151e+02   3.1078449e+02
   1.9438859e+02   3.4585869e+02
   2.0788879e+02   3.7828758e+02
   2.3105502e+02   4.0486800e+02
   2.5861472e+02   4.2699013e+02
   2.8790145e+02   4.4636138e+02
   3.2196386e+02   4.5258436e+02
   3.5854364e+02   4.4979493e+02
   3.9125976e+02   4.3217639e+02
   4.2011275e+02   4.0902412e+02
   4.4550578e+02   3.8222423e+02
   4.5787070e+02   3.4756125e+02
   4.6271235e+02   3.1073171e+02
   4.6381576e+02   2.7378596e+02
   4.6189665e+02   2.3698886e+02
   2.1496240e+02   1.8150310e+02
   2.3533093e+02   1.6894164e+02
   2.5941026e+02   1.6636470e+02
   2.8351909e+02   1.6595999e+02
   3.0760224e+02   1.6632969e+02
   3.5011351e+02   1.5461759e+02
   3.7879974e+02   1.5662788e+02
   4.0732679e+02   1.5702077e+02
   4.3418824e+02   1.6625105e+02
   4.5082746e+02   1.8869800e+02
   3.2625918e+02   2.0588805e+02
   3.2581693e+02   2.3256290e+02
   3.2556515e+02   2.5918471e+02
   3.2538229e+02   2.8573178e+02
   2.9339146e+02   3.0804640e+02
   3.0926901e+02   3.0788494e+02
   3.2500420e+02   3.0834506e+02
   3.4149926e+02   3.0939071e+02
   3.5762203e+02   3.1157711e+02
   2.3768178e+02   2.2285374e+02
   2.5547769e+02   2.1111093e+02
   2.7704324e+02   2.1220735e+02
   2.9591652e+02   2.2236445e+02
   2.7605709e+02   2.2391381e+02
   2.5644894e+02   2.2830562e+02
   3.6226932e+02   2.2310861e+02
   3.8120900e+02   2.1386163e+02
   4.0200012e+02   2.1161283e+02
   4.1996687e+02   2.2170964e+02
   4.0138477e+02   2.2770612e+02
   3.8182849e+02   2.2524054e+02
   2.6464150e+02   3.5869369e+02
   2.8167020e+02   3.4362156e+02
   3.0184427e+02   3.3347276e+02
   3.2378181e+02   3.3536827e+02
   3.4867843e+02   3.3359578e+02
   3.7084014e+02   3.4487075e+02
   3.8924235e+02   3.6192124e+02
   3.6838694e+02   3.7069522e+02
   3.4610146e+02   3.7434328e+02
   3.2382130e+02   3.7255242e+02
   3.0319682e+02   3.7343056e+02
   2.8346612e+02   3.6710098e+02
   2.7910561e+02   3.4986938e+02
   2.9356973e+02   3.4966358e+02
   3.2342654e+02   3.5153336e+02
   3.5758733e+02   3.5004760e+02
   3.7341484e+02   3.5014581e+02
   3.5715470e+02   3.5024402e+02
   3.2344118e+02   3.5249939e+02
   2.9333022e+02   3.5007519e+02
