   1.9970988e+02   2.1242788e+02
   1.9901323e+02   2.4073058e+02
   2.0060822e+02   2.6913845e+02
   2.0568848e+02   2.9680716e+02
   2.1492520e+02   3.2339457e+02
   2.3178364e+02   3.4605169e+02
   2.5487519e+02   3.6202266e+02
   2.8207493e+02   3.7014704e+02
   3.1005002e+02   3.7092777e+02
   3.3889826e+02   3.7008303e+02
   3.6577198e+02   3.6092581e+02
   3.8887317e+02   3.4398308e+02
   4.0833070e+02   3.2337166e+02
   4.1751940e+02   2.9620689e+02
   4.2214943e+02   2.6809717e+02
   4.2415909e+02   2.3943757e+02
   4.2339508e+02   2.1089088e+02
   2.2045651e+02   1.8074273e+02
   2.3428203e+02   1.7047794e+02
   2.5148930e+02   1.6803657e+02
   2.6882702e+02   1.6670221e+02
   2.8586047e+02   1.6468247e+02
   3.2485305e+02   1.6552203e+02
   3.4202925e+02   1.6670759e+02
   3.5919100e+02   1.6705815e+02
   3.7641706e+02   1.6667467e+02
   3.9138533e+02   1.7417523e+02
   3.0673111e+02   1.9354426e+02
   3.0606506e+02   2.0833436e+02
   3.0572687e+02   2.2309755e+02
   3.0571863e+02   2.3774878e+02
   2.8580917e+02   2.5989131e+02
   2.9697392e+02   2.5989581e+02
   3.0795583e+02   2.5913543e+02
   3.1917040e+02   2.5925407e+02
   3.3029065e+02   2.5905878e+02
   2.4914134e+02   2.0109898e+02
   2.6154455e+02   1.9335473e+02
   2.7591662e+02   1.9314723e+02
   2.8545812e+02   2.0352158e+02
   2.7303679e+02   2.0479977e+02
   2.6072182e+02   2.0513128e+02
   3.3111679e+02   2.0129724e+02
   3.4094981e+02   1.9147310e+02
   3.5498465e+02   1.9047954e+02
   3.6642576e+02   1.9822250e+02
   3.5522218e+02   2.0273321e+02
   3.4314217e+02   2.0234972e+02
   2.6524010e+02   2.9939671e+02
   2.7904109e+02   2.9075116e+02
   2.9256192e+02   2.8190350e+02
   3.0804805e+02   2.8267176e+02
   3.2388670e+02   2.8118337e+02
   3.3843564e+02   2.8793982e+02
   3.5253546e+02   2.9575693e+02
   3.3905055e+02   3.0371146e+02
   3.2371663e+02   3.0717809e+02
   3.0819047e+02   3.0882962e+02
   2.9335495e+02   3.0761575e+02
   2.7886905e+02   3.0503636e+02
   2.7321329e+02   2.9767044e+02
   2.9036122e+02   2.9287292e+02
   3.0809099e+02   2.9244483e+02
   3.2689143e+02   2.9129618e+02
   3.4507106e+02   2.9469565e+02
   3.2645035e+02   2.9094155e+02
   3.0783034e+02   2.9235622e+02
   2.9022625e+02   2.9280549e+02
