   1.9942426e+02   2.1082883e+02
   1.9818986e+02   2.3963709e+02
   1.9905708e+02   2.6831126e+02
   2.0387078e+02   2.9649400e+02
   2.1577178e+02   3.2249240e+02
   2.3192950e+02   3.4605579e+02
   2.5508618e+02   3.6274037e+02
   2.8228124e+02   3.7160349e+02
   3.1075581e+02   3.7316248e+02
   3.3957436e+02   3.7134500e+02
   3.6638403e+02   3.6106877e+02
   3.9015580e+02   3.4483877e+02
   4.0895509e+02   3.2332891e+02
   4.1984673e+02   2.9677658e+02
   4.2454640e+02   2.6846672e+02
   4.2585954e+02   2.3962194e+02
   4.2370806e+02   2.1102923e+02
   2.2334853e+02   1.8095160e+02
   2.3527973e+02   1.6979809e+02
   2.5220452e+02   1.6775083e+02
   2.6889688e+02   1.6391595e+02
   2.8510960e+02   1.5865326e+02
   3.2346295e+02   1.6162014e+02
   3.4062239e+02   1.6394746e+02
   3.5778506e+02   1.6712280e+02
   3.7507306e+02   1.6751825e+02
   3.9028677e+02   1.7469480e+02
   3.0650726e+02   1.9140990e+02
   3.0629995e+02   2.0786820e+02
   3.0603798e+02   2.2416491e+02
   3.0594765e+02   2.4044118e+02
   2.8431308e+02   2.5654603e+02
   2.9600534e+02   2.5926054e+02
   3.0788254e+02   2.6028674e+02
   3.2110436e+02   2.5764845e+02
   3.3351564e+02   2.5362720e+02
   2.4848349e+02   2.0046578e+02
   2.6092377e+02   1.9295443e+02
   2.7523246e+02   1.9239831e+02
   2.8565419e+02   2.0162808e+02
   2.7309210e+02   2.0248220e+02
   2.6060120e+02   2.0283557e+02
   3.3161638e+02   1.9952577e+02
   3.4166400e+02   1.9171312e+02
   3.5460956e+02   1.9137055e+02
   3.6568561e+02   1.9755927e+02
   3.5458064e+02   2.0047459e+02
   3.4309871e+02   2.0041361e+02
   2.5944650e+02   2.9303435e+02
   2.7464648e+02   2.8376035e+02
   2.9100918e+02   2.7726003e+02
   3.0824934e+02   2.7810250e+02
   3.2656930e+02   2.7648684e+02
   3.4441829e+02   2.8026079e+02
   3.6028373e+02   2.8928694e+02
   3.4607294e+02   3.0290093e+02
   3.2861300e+02   3.1138501e+02
   3.0934253e+02   3.1319500e+02
   2.9095295e+02   3.1163807e+02
   2.7471133e+02   3.0311577e+02
   2.6858302e+02   2.9284408e+02
   2.8840532e+02   2.8860955e+02
   3.0835834e+02   2.9002923e+02
   3.3112708e+02   2.8709661e+02
   3.5351221e+02   2.9011193e+02
   3.3153880e+02   2.9552754e+02
   3.0835758e+02   2.9689572e+02
   2.8765933e+02   2.9695583e+02
