   2.0258992e+02   1.9976363e+02
   2.0210828e+02   2.2778932e+02
   2.0509802e+02   2.5563640e+02
   2.1045694e+02   2.8301892e+02
   2.1874339e+02   3.0975086e+02
   2.3408284e+02   3.3303120e+02
   2.5321153e+02   3.5359225e+02
   2.7430152e+02   3.7179486e+02
   3.0089649e+02   3.7803768e+02
   3.3076255e+02   3.7656815e+02
   3.5854589e+02   3.6468776e+02
   3.8367823e+02   3.4838830e+02
   4.0553373e+02   3.2792694e+02
   4.1768384e+02   3.0050865e+02
   4.2434212e+02   2.7109082e+02
   4.2878777e+02   2.4141427e+02
   4.3154505e+02   2.1162389e+02
   2.1983170e+02   1.6671482e+02
   2.3090183e+02   1.5936585e+02
   2.4418079e+02   1.5801729e+02
   2.5764264e+02   1.5938198e+02
   2.7014279e+02   1.6393064e+02
   3.2811789e+02   1.5794903e+02
   3.4508646e+02   1.5227418e+02
   3.6286277e+02   1.5186714e+02
   3.8014727e+02   1.5632097e+02
   3.9466090e+02   1.6606045e+02
   2.9943390e+02   1.8578352e+02
   2.9752737e+02   2.0391266e+02
   2.9563983e+02   2.2194599e+02
   2.9354521e+02   2.3977383e+02
   2.7446916e+02   2.5659793e+02
   2.8572211e+02   2.5836460e+02
   2.9700836e+02   2.5800175e+02
   3.0992002e+02   2.5890219e+02
   3.2276975e+02   2.5951609e+02
   2.3354616e+02   1.9681556e+02
   2.4532330e+02   1.8621279e+02
   2.6135883e+02   1.8782981e+02
   2.7372561e+02   1.9803363e+02
   2.6034669e+02   2.0291857e+02
   2.4618166e+02   2.0295969e+02
   3.3111024e+02   1.9531450e+02
   3.4402554e+02   1.8406546e+02
   3.6087563e+02   1.8136918e+02
   3.7579673e+02   1.8930508e+02
   3.6229284e+02   1.9681134e+02
   3.4667801e+02   1.9666119e+02
   2.5611167e+02   3.0343314e+02
   2.6684640e+02   2.9188764e+02
   2.8032485e+02   2.8378412e+02
   2.9572417e+02   2.8235504e+02
   3.1618095e+02   2.8455430e+02
   3.3498675e+02   2.9275030e+02
   3.5271656e+02   3.0271915e+02
   3.3720388e+02   3.2006232e+02
   3.1802894e+02   3.3296681e+02
   2.9559349e+02   3.3626997e+02
   2.7897215e+02   3.2996512e+02
   2.6518240e+02   3.1855559e+02
   2.6822935e+02   3.0453489e+02
   2.8221624e+02   3.0074696e+02
   2.9657121e+02   3.0042196e+02
   3.1164482e+02   3.0259012e+02
   3.2599432e+02   3.0688043e+02
   3.1093339e+02   3.1001303e+02
   2.9560140e+02   3.1005821e+02
   2.8184239e+02   3.0722912e+02
