   1.9968531e+02   2.0197843e+02
   2.0038535e+02   2.2985363e+02
   2.0296084e+02   2.5738661e+02
   2.0847631e+02   2.8451279e+02
   2.1730908e+02   3.1090919e+02
   2.3274409e+02   3.3376494e+02
   2.5193510e+02   3.5403782e+02
   2.7246733e+02   3.7246597e+02
   2.9876944e+02   3.7835836e+02
   3.2884130e+02   3.7710153e+02
   3.5695256e+02   3.6535437e+02
   3.8222052e+02   3.4895499e+02
   4.0437975e+02   3.2838525e+02
   4.1669734e+02   3.0077156e+02
   4.2331059e+02   2.7124490e+02
   4.2769286e+02   2.4127678e+02
   4.2911627e+02   2.1117300e+02
   2.1847907e+02   1.6729517e+02
   2.2952064e+02   1.6005076e+02
   2.4285740e+02   1.5932811e+02
   2.5626577e+02   1.6091813e+02
   2.6871666e+02   1.6551795e+02
   3.2505727e+02   1.5801532e+02
   3.4249272e+02   1.5260573e+02
   3.6047592e+02   1.5186669e+02
   3.7784243e+02   1.5707776e+02
   3.9331311e+02   1.6604171e+02
   2.9726288e+02   1.8589683e+02
   2.9524328e+02   2.0404756e+02
   2.9334452e+02   2.2213765e+02
   2.9118545e+02   2.3999095e+02
   2.7343847e+02   2.5701825e+02
   2.8366319e+02   2.5862973e+02
   2.9390803e+02   2.5816429e+02
   3.0785323e+02   2.5910687e+02
   3.2173928e+02   2.5974747e+02
   2.3105889e+02   1.9843004e+02
   2.4219800e+02   1.8746321e+02
   2.5806455e+02   1.8910903e+02
   2.7004044e+02   1.9958874e+02
   2.5698545e+02   2.0371068e+02
   2.4331156e+02   2.0403206e+02
   3.2748607e+02   1.9581403e+02
   3.4052860e+02   1.8473120e+02
   3.5724763e+02   1.8167798e+02
   3.7232394e+02   1.8914846e+02
   3.5894938e+02   1.9712746e+02
   3.4323252e+02   1.9679350e+02
   2.5488386e+02   3.0503106e+02
   2.6525771e+02   2.9296140e+02
   2.7864936e+02   2.8445207e+02
   2.9423075e+02   2.8331209e+02
   3.1456973e+02   2.8511723e+02
   3.3323859e+02   2.9337785e+02
   3.5114141e+02   3.0284190e+02
   3.3579894e+02   3.2002804e+02
   3.1671991e+02   3.3265018e+02
   2.9471273e+02   3.3741662e+02
   2.7746843e+02   3.3243947e+02
   2.6379829e+02   3.2053929e+02
   2.6566833e+02   3.0566794e+02
   2.8047316e+02   3.0135268e+02
   2.9567238e+02   3.0082302e+02
   3.1074789e+02   3.0293153e+02
   3.2511131e+02   3.0714164e+02
   3.1006532e+02   3.1029686e+02
   2.9474302e+02   3.1038473e+02
   2.8010985e+02   3.0814984e+02
