   2.0386617e+02   1.9753395e+02
   2.0173230e+02   2.2548802e+02
   2.0520274e+02   2.5325298e+02
   2.1024553e+02   2.8073540e+02
   2.1898375e+02   3.0720932e+02
   2.3304229e+02   3.3116741e+02
   2.5123722e+02   3.5260365e+02
   2.7161344e+02   3.7161778e+02
   2.9797205e+02   3.7841509e+02
   3.2820678e+02   3.7711102e+02
   3.5686624e+02   3.6753227e+02
   3.8117440e+02   3.4958448e+02
   4.0394136e+02   3.2962407e+02
   4.1607555e+02   3.0202819e+02
   4.2291387e+02   2.7275072e+02
   4.2759345e+02   2.4258975e+02
   4.3223253e+02   2.1294575e+02
   2.1888846e+02   1.6671462e+02
   2.3000045e+02   1.5920745e+02
   2.4321570e+02   1.5697058e+02
   2.5676448e+02   1.5801104e+02
   2.6934445e+02   1.6248162e+02
   3.2960489e+02   1.5861127e+02
   3.4592898e+02   1.5254045e+02
   3.6341832e+02   1.5258040e+02
   3.8061419e+02   1.5596151e+02
   3.9378875e+02   1.6676287e+02
   2.9968330e+02   1.8640013e+02
   2.9794855e+02   2.0451184e+02
   2.9609079e+02   2.2247662e+02
   2.9409963e+02   2.4028070e+02
   2.7443317e+02   2.5946834e+02
   2.8541149e+02   2.5877883e+02
   2.9626083e+02   2.5783088e+02
   3.0896255e+02   2.5826262e+02
   3.2149372e+02   2.5996607e+02
   2.3424069e+02   1.9539314e+02
   2.4690217e+02   1.8529717e+02
   2.6318424e+02   1.8686534e+02
   2.7611754e+02   1.9668571e+02
   2.6226810e+02   2.0264577e+02
   2.4741342e+02   2.0229654e+02
   3.3342464e+02   1.9539730e+02
   3.4616273e+02   1.8389748e+02
   3.6319628e+02   1.8168885e+02
   3.7790535e+02   1.9026596e+02
   3.6407199e+02   1.9714852e+02
   3.4863126e+02   1.9792332e+02
   2.5728655e+02   3.0607158e+02
   2.6804625e+02   2.9522352e+02
   2.8048949e+02   2.8662187e+02
   2.9497155e+02   2.8806607e+02
   3.1385471e+02   2.8800078e+02
   3.2986573e+02   2.9881457e+02
   3.4472576e+02   3.1113559e+02
   3.3106601e+02   3.2073192e+02
   3.1615216e+02   3.2796661e+02
   2.9995804e+02   3.3104949e+02
   2.8366553e+02   3.2669073e+02
   2.6985492e+02   3.1718035e+02
   2.7471066e+02   3.0525421e+02
   2.8447937e+02   3.0716259e+02
   2.9414763e+02   3.0938476e+02
   3.0855787e+02   3.1071301e+02
   3.2280613e+02   3.1162323e+02
   3.0831238e+02   3.1149950e+02
   2.9411154e+02   3.1041875e+02
   2.8447499e+02   3.0751787e+02
