   1.9838276e+02   2.0281091e+02
   1.9986728e+02   2.3057921e+02
   2.0179646e+02   2.5788762e+02
   2.0718592e+02   2.8486266e+02
   2.1622499e+02   3.1107846e+02
   2.3155085e+02   3.3372051e+02
   2.5062528e+02   3.5393024e+02
   2.7051762e+02   3.7275802e+02
   2.9652828e+02   3.7860243e+02
   3.2680612e+02   3.7782746e+02
   3.5532155e+02   3.6641962e+02
   3.8090821e+02   3.5020979e+02
   4.0353391e+02   3.2974186e+02
   4.1628294e+02   3.0206518e+02
   4.2315370e+02   2.7248620e+02
   4.2777880e+02   2.4229750e+02
   4.2830265e+02   2.1191551e+02
   2.1893052e+02   1.6681487e+02
   2.3002731e+02   1.5977058e+02
   2.4343490e+02   1.5974495e+02
   2.5678935e+02   1.6167396e+02
   2.6915860e+02   1.6644840e+02
   3.2413723e+02   1.5814242e+02
   3.4206069e+02   1.5314156e+02
   3.6024922e+02   1.5228304e+02
   3.7765200e+02   1.5835399e+02
   3.9390281e+02   1.6677810e+02
   2.9684433e+02   1.8580359e+02
   2.9453914e+02   2.0396666e+02
   2.9244732e+02   2.2210157e+02
   2.9004934e+02   2.3996892e+02
   2.7328821e+02   2.5695183e+02
   2.8261536e+02   2.5858806e+02
   2.9197498e+02   2.5815160e+02
   3.0682517e+02   2.5927811e+02
   3.2162334e+02   2.6005480e+02
   2.3018794e+02   1.9903328e+02
   2.4086930e+02   1.8784496e+02
   2.5657842e+02   1.8967791e+02
   2.6810633e+02   2.0053515e+02
   2.5528987e+02   2.0384054e+02
   2.4204636e+02   2.0427547e+02
   3.2568180e+02   1.9638428e+02
   3.3896006e+02   1.8557396e+02
   3.5560233e+02   1.8236560e+02
   3.7075240e+02   1.8957320e+02
   3.5740962e+02   1.9784809e+02
   3.4159138e+02   1.9717670e+02
   2.5404485e+02   3.0584395e+02
   2.6423062e+02   2.9339965e+02
   2.7766281e+02   2.8467599e+02
   2.9344494e+02   2.8388042e+02
   3.1371121e+02   2.8559643e+02
   3.3225078e+02   2.9404962e+02
   3.5028132e+02   3.0320848e+02
   3.3486597e+02   3.2028312e+02
   3.1563955e+02   3.3260030e+02
   2.9381211e+02   3.3842864e+02
   2.7605969e+02   3.3439085e+02
   2.6260145e+02   3.2187666e+02
   2.6355517e+02   3.0623237e+02
   2.7921288e+02   3.0147681e+02
   2.9526244e+02   3.0086191e+02
   3.1034363e+02   3.0308910e+02
   3.2469033e+02   3.0744917e+02
   3.0960395e+02   3.1054560e+02
   2.9425443e+02   3.1054156e+02
   2.7878556e+02   3.0868132e+02
