   1.9888851e+02   2.0232095e+02
   1.9994048e+02   2.3015889e+02
   2.0205694e+02   2.5759856e+02
   2.0741273e+02   2.8467760e+02
   2.1625122e+02   3.1103170e+02
   2.3157875e+02   3.3382867e+02
   2.5066226e+02   3.5413176e+02
   2.7080950e+02   3.7284296e+02
   2.9695337e+02   3.7879973e+02
   3.2714858e+02   3.7791022e+02
   3.5551582e+02   3.6639325e+02
   3.8104942e+02   3.5021834e+02
   4.0352789e+02   3.2976457e+02
   4.1618810e+02   3.0215236e+02
   4.2305042e+02   2.7260310e+02
   4.2767340e+02   2.4252764e+02
   4.2868800e+02   2.1226014e+02
   2.1881231e+02   1.6693710e+02
   2.2991603e+02   1.5984100e+02
   2.4330223e+02   1.5956123e+02
   2.5668126e+02   1.6139147e+02
   2.6907625e+02   1.6613610e+02
   3.2469687e+02   1.5836487e+02
   3.4243804e+02   1.5324579e+02
   3.6055042e+02   1.5250038e+02
   3.7792825e+02   1.5826416e+02
   3.9382122e+02   1.6697903e+02
   2.9707763e+02   1.8604013e+02
   2.9483163e+02   2.0420035e+02
   2.9275947e+02   2.2231888e+02
   2.9040155e+02   2.4018204e+02
   2.7312024e+02   2.5707568e+02
   2.8287125e+02   2.5879426e+02
   2.9265988e+02   2.5839518e+02
   3.0709841e+02   2.5950040e+02
   3.2148467e+02   2.6024274e+02
   2.3053707e+02   1.9874845e+02
   2.4145915e+02   1.8768765e+02
   2.5723857e+02   1.8949557e+02
   2.6892911e+02   2.0023696e+02
   2.5598951e+02   2.0385088e+02
   2.4255248e+02   2.0419032e+02
   3.2649243e+02   1.9644393e+02
   3.3971423e+02   1.8555566e+02
   3.5640899e+02   1.8246996e+02
   3.7150976e+02   1.8984658e+02
   3.5812189e+02   1.9795176e+02
   3.4233918e+02   1.9735695e+02
   2.5397759e+02   3.0552118e+02
   2.6430171e+02   2.9326771e+02
   2.7777823e+02   2.8470032e+02
   2.9349952e+02   2.8373841e+02
   3.1384026e+02   2.8562385e+02
   3.3248083e+02   2.9400315e+02
   3.5049000e+02   3.0332339e+02
   3.3499604e+02   3.2057551e+02
   3.1568634e+02   3.3309766e+02
   2.9360465e+02   3.3835895e+02
   2.7608894e+02   3.3377275e+02
   2.6256967e+02   3.2144324e+02
   2.6396594e+02   3.0611008e+02
   2.7934466e+02   3.0148441e+02
   2.9511361e+02   3.0090828e+02
   3.1020774e+02   3.0315704e+02
   3.2455769e+02   3.0757964e+02
   3.0945806e+02   3.1072136e+02
   2.9408732e+02   3.1072774e+02
   2.7891467e+02   3.0863920e+02
