   2.4414457e+02   2.5488522e+02
   2.4829510e+02   2.8295605e+02
   2.5207014e+02   3.1102570e+02
   2.5398943e+02   3.3945343e+02
   2.6501493e+02   3.6519086e+02
   2.8351844e+02   3.8660132e+02
   3.0625383e+02   4.0346273e+02
   3.3184277e+02   4.1551361e+02
   3.5926029e+02   4.2186928e+02
   3.8418411e+02   4.1597899e+02
   4.0732515e+02   4.0599648e+02
   4.2700236e+02   3.8987172e+02
   4.4511441e+02   3.7206452e+02
   4.5397553e+02   3.4836769e+02
   4.5794345e+02   3.2333854e+02
   4.6352619e+02   2.9850453e+02
   4.6798058e+02   2.7368220e+02
   2.7839808e+02   2.1673284e+02
   2.9461458e+02   2.1346163e+02
   3.1076899e+02   2.1073328e+02
   3.2720397e+02   2.1100568e+02
   3.4327076e+02   2.1365994e+02
   3.9265556e+02   2.1633271e+02
   4.0856750e+02   2.1435324e+02
   4.2449176e+02   2.1499347e+02
   4.4019839e+02   2.1849428e+02
   4.5509999e+02   2.2400407e+02
   3.6747112e+02   2.3631040e+02
   3.6804830e+02   2.5549521e+02
   3.6776146e+02   2.7467426e+02
   3.6712272e+02   2.9365375e+02
   3.4379304e+02   3.0786661e+02
   3.5478275e+02   3.1004466e+02
   3.6578167e+02   3.1097850e+02
   3.7628209e+02   3.0996678e+02
   3.8654613e+02   3.0791977e+02
   2.9585851e+02   2.4697243e+02
   3.0728312e+02   2.3540831e+02
   3.2321742e+02   2.3357834e+02
   3.3430231e+02   2.4460340e+02
   3.2127232e+02   2.4623863e+02
   3.0853670e+02   2.4921581e+02
   3.9271162e+02   2.4688929e+02
   4.0413028e+02   2.3409066e+02
   4.2141787e+02   2.3703229e+02
   4.3178251e+02   2.5106374e+02
   4.1867938e+02   2.5181048e+02
   4.0586827e+02   2.4822990e+02
   3.2125023e+02   3.3997753e+02
   3.3559870e+02   3.3586191e+02
   3.5010065e+02   3.3271521e+02
   3.6445872e+02   3.3551429e+02
   3.7731238e+02   3.3207170e+02
   3.9013872e+02   3.3574724e+02
   4.0051157e+02   3.4393690e+02
   3.8800548e+02   3.4860318e+02
   3.7544194e+02   3.5306113e+02
   3.6231763e+02   3.5453721e+02
   3.4825466e+02   3.5036338e+02
   3.3469009e+02   3.4511859e+02
   3.3933010e+02   3.4116066e+02
   3.5210424e+02   3.3924979e+02
   3.6485340e+02   3.4100208e+02
   3.7483071e+02   3.4056835e+02
   3.8468028e+02   3.4191483e+02
   3.7474800e+02   3.4103225e+02
   3.6485588e+02   3.4146513e+02
   3.5204480e+02   3.4011404e+02
