   2.4365286e+02   2.5432297e+02
   2.4782374e+02   2.8239114e+02
   2.5161912e+02   3.1045841e+02
   2.5355803e+02   3.3888039e+02
   2.6474194e+02   3.6482670e+02
   2.8330649e+02   3.8618025e+02
   3.0608448e+02   4.0298553e+02
   3.3170744e+02   4.1495565e+02
   3.5941953e+02   4.1846397e+02
   3.8411989e+02   4.1358660e+02
   4.0626012e+02   4.0174504e+02
   4.2753264e+02   3.8848243e+02
   4.4511931e+02   3.7054338e+02
   4.5368989e+02   3.4697844e+02
   4.5758436e+02   3.2217194e+02
   4.6312179e+02   2.9756223e+02
   4.6750519e+02   2.7295836e+02
   2.7861586e+02   2.1307186e+02
   2.9400026e+02   2.1034857e+02
   3.0925584e+02   2.0732372e+02
   3.2499969e+02   2.0779680e+02
   3.4043788e+02   2.0876994e+02
   3.9169744e+02   2.1164895e+02
   4.0799580e+02   2.1085866e+02
   4.2429398e+02   2.1085597e+02
   4.4027733e+02   2.1453790e+02
   4.5472033e+02   2.2177423e+02
   3.6696877e+02   2.3557088e+02
   3.6754333e+02   2.5317906e+02
   3.6738415e+02   2.7088341e+02
   3.6752919e+02   2.8832104e+02
   3.4440250e+02   3.0533879e+02
   3.5525630e+02   3.0741865e+02
   3.6620118e+02   3.0808891e+02
   3.7564999e+02   3.0634928e+02
   3.8506672e+02   3.0498247e+02
   2.9396833e+02   2.4302837e+02
   3.0630388e+02   2.3257042e+02
   3.2249836e+02   2.3173317e+02
   3.3400242e+02   2.4243757e+02
   3.2039342e+02   2.4468551e+02
   3.0686568e+02   2.4690580e+02
   3.9245169e+02   2.4409310e+02
   4.0564417e+02   2.3433229e+02
   4.2227803e+02   2.3620060e+02
   4.3371056e+02   2.4790726e+02
   4.1977311e+02   2.4848975e+02
   4.0622946e+02   2.4564654e+02
   3.2350519e+02   3.3909312e+02
   3.3647615e+02   3.3261295e+02
   3.5056754e+02   3.2951844e+02
   3.6471046e+02   3.3148375e+02
   3.7778367e+02   3.2920055e+02
   3.8987191e+02   3.3537018e+02
   4.0130407e+02   3.4259644e+02
   3.8984646e+02   3.5080522e+02
   3.7692482e+02   3.5637504e+02
   3.6313787e+02   3.5806891e+02
   3.4847154e+02   3.5423926e+02
   3.3451342e+02   3.4877312e+02
   3.3902583e+02   3.4079884e+02
   3.5183855e+02   3.4017592e+02
   3.6439290e+02   3.4151484e+02
   3.7472257e+02   3.4150567e+02
   3.8495210e+02   3.4249464e+02
   3.7464575e+02   3.4196726e+02
   3.6435650e+02   3.4239452e+02
   3.5169582e+02   3.4065826e+02
