   1.9843224e+02   2.0974162e+02
   2.0466637e+02   2.4080381e+02
   2.1034811e+02   2.7174359e+02
   2.1857281e+02   3.0227271e+02
   2.3186511e+02   3.3083582e+02
   2.4698938e+02   3.5865907e+02
   2.6949648e+02   3.8030324e+02
   2.9583618e+02   3.9783719e+02
   3.2642445e+02   3.9978687e+02
   3.5600803e+02   3.9322993e+02
   3.8056568e+02   3.7550516e+02
   3.9911122e+02   3.5138712e+02
   4.1216934e+02   3.2358184e+02
   4.2314670e+02   2.9539165e+02
   4.2781076e+02   2.6529755e+02
   4.3086099e+02   2.3493563e+02
   4.3230530e+02   2.0448824e+02
   2.2806559e+02   1.7715625e+02
   2.4246653e+02   1.6766002e+02
   2.6017585e+02   1.6622659e+02
   2.7769367e+02   1.6556825e+02
   2.9512708e+02   1.6801793e+02
   3.4762601e+02   1.6522238e+02
   3.6264490e+02   1.6343679e+02
   3.7765596e+02   1.6251309e+02
   3.9261779e+02   1.6433292e+02
   4.0731192e+02   1.6697349e+02
   3.2184718e+02   1.8974993e+02
   3.2362839e+02   2.0994635e+02
   3.2511623e+02   2.3001456e+02
   3.2740785e+02   2.5006550e+02
   3.0944014e+02   2.6986974e+02
   3.1935413e+02   2.6523520e+02
   3.3014753e+02   2.6526538e+02
   3.4088541e+02   2.6428295e+02
   3.4994183e+02   2.6982249e+02
   2.5275952e+02   2.0084058e+02
   2.6523436e+02   1.8973306e+02
   2.8225098e+02   1.9066529e+02
   2.9602704e+02   2.0034299e+02
   2.8171972e+02   2.0605105e+02
   2.6649024e+02   2.0697582e+02
   3.4947461e+02   2.0213088e+02
   3.6199993e+02   1.8968965e+02
   3.7955156e+02   1.8828120e+02
   3.9181703e+02   2.0026386e+02
   3.7832079e+02   2.0537001e+02
   3.6378697e+02   2.0432145e+02
   2.8449451e+02   3.0942408e+02
   2.9728316e+02   2.9908857e+02
   3.1244703e+02   2.9280741e+02
   3.2834241e+02   2.9514458e+02
   3.4306892e+02   2.9060823e+02
   3.5729305e+02   2.9685285e+02
   3.6646907e+02   3.0921980e+02
   3.5523957e+02   3.2307142e+02
   3.4333236e+02   3.3608185e+02
   3.2674831e+02   3.4088842e+02
   3.0952338e+02   3.3578281e+02
   2.9649551e+02   3.2304938e+02
   2.9968392e+02   3.1032918e+02
   3.1278566e+02   3.0192002e+02
   3.2807774e+02   3.0372388e+02
   3.4142096e+02   3.0123354e+02
   3.5242901e+02   3.0875670e+02
   3.4297928e+02   3.2115634e+02
   3.2763927e+02   3.2409717e+02
   3.1164683e+02   3.2084766e+02
