   1.9837144e+02   2.1000719e+02
   2.0443580e+02   2.3985735e+02
   2.0997464e+02   2.6985620e+02
   2.1743801e+02   2.9936768e+02
   2.3031619e+02   3.2720922e+02
   2.4746059e+02   3.5219805e+02
   2.7329205e+02   3.6804661e+02
   3.0016250e+02   3.8225236e+02
   3.2975974e+02   3.8624664e+02
   3.5822415e+02   3.8112767e+02
   3.8254088e+02   3.6613531e+02
   4.0074307e+02   3.4377817e+02
   4.1452542e+02   3.1824885e+02
   4.2418697e+02   2.9099279e+02
   4.2805956e+02   2.6249604e+02
   4.3095560e+02   2.3364524e+02
   4.3247179e+02   2.0494272e+02
   2.2882633e+02   1.7928252e+02
   2.4378769e+02   1.7022006e+02
   2.6065703e+02   1.6655817e+02
   2.7809611e+02   1.6573230e+02
   2.9513811e+02   1.6816290e+02
   3.4761569e+02   1.6516505e+02
   3.6276727e+02   1.6372444e+02
   3.7785272e+02   1.6280183e+02
   3.9249842e+02   1.6638181e+02
   4.0706454e+02   1.6991815e+02
   3.2178535e+02   1.8958292e+02
   3.2352031e+02   2.0977282e+02
   3.2500134e+02   2.2984113e+02
   3.2730969e+02   2.4988720e+02
   3.0948618e+02   2.6976079e+02
   3.1940127e+02   2.6508528e+02
   3.3021433e+02   2.6513603e+02
   3.4097588e+02   2.6418134e+02
   3.5001627e+02   2.6980040e+02
   2.5286753e+02   2.0076971e+02
   2.6638092e+02   1.9116953e+02
   2.8298642e+02   1.9068528e+02
   2.9621830e+02   2.0034029e+02
   2.8214641e+02   2.0683774e+02
   2.6685616e+02   2.0698859e+02
   3.4948985e+02   2.0231119e+02
   3.6168232e+02   1.9035310e+02
   3.7884971e+02   1.8935041e+02
   3.9179445e+02   2.0019837e+02
   3.7836715e+02   2.0537532e+02
   3.6383296e+02   2.0434559e+02
   2.8208916e+02   3.0691806e+02
   2.9702685e+02   2.9907453e+02
   3.1233336e+02   2.9276231e+02
   3.2835369e+02   2.9499991e+02
   3.4268246e+02   2.9040619e+02
   3.5692727e+02   2.9634624e+02
   3.7062019e+02   3.0359504e+02
   3.5803572e+02   3.1379173e+02
   3.4428905e+02   3.2202100e+02
   3.2879865e+02   3.2474415e+02
   3.1194576e+02   3.2220450e+02
   2.9607231e+02   3.1638587e+02
   2.9719009e+02   3.0682089e+02
   3.1290432e+02   3.0143670e+02
   3.2866949e+02   3.0565734e+02
   3.3999250e+02   3.0238827e+02
   3.5167678e+02   3.0282083e+02
   3.3981181e+02   3.0276171e+02
   3.2864377e+02   3.0653279e+02
   3.1262523e+02   3.0252768e+02
