   1.6501954e+02   2.0314043e+02
   1.6599129e+02   2.2786038e+02
   1.6897046e+02   2.5226041e+02
   1.7446311e+02   2.7625998e+02
   1.8489264e+02   2.9850861e+02
   2.0127074e+02   3.1682247e+02
   2.2218769e+02   3.2934838e+02
   2.4584479e+02   3.3646564e+02
   2.7014287e+02   3.3887831e+02
   2.9644894e+02   3.3418938e+02
   3.2093396e+02   3.2435066e+02
   3.4072826e+02   3.0712141e+02
   3.5431528e+02   2.8428812e+02
   3.6230974e+02   2.5898355e+02
   3.6444806e+02   2.3278775e+02
   3.6369469e+02   2.0610960e+02
   3.6215397e+02   1.7982255e+02
   1.8436600e+02   1.5826062e+02
   1.9640039e+02   1.5021710e+02
   2.1039606e+02   1.4675466e+02
   2.2479305e+02   1.4771447e+02
   2.3884581e+02   1.5110035e+02
   2.8124950e+02   1.4981958e+02
   2.9501288e+02   1.4429708e+02
   3.0919842e+02   1.4058036e+02
   3.2382088e+02   1.4073537e+02
   3.3735026e+02   1.4609726e+02
   2.6144892e+02   1.6674560e+02
   2.6308883e+02   1.8653781e+02
   2.6426212e+02   2.0653504e+02
   2.6553363e+02   2.2617531e+02
   2.4996557e+02   2.4175589e+02
   2.5803082e+02   2.4360725e+02
   2.6614870e+02   2.4416183e+02
   2.7604308e+02   2.4288767e+02
   2.8538400e+02   2.3972919e+02
   2.0348792e+02   1.7880999e+02
   2.1432847e+02   1.7277694e+02
   2.2675967e+02   1.7205989e+02
   2.3789445e+02   1.7718641e+02
   2.2642549e+02   1.8118814e+02
   2.1455321e+02   1.8276189e+02
   2.8399568e+02   1.7614386e+02
   2.9629904e+02   1.6939629e+02
   3.0994131e+02   1.6705705e+02
   3.2264957e+02   1.7218293e+02
   3.1040215e+02   1.7691385e+02
   2.9717935e+02   1.7714098e+02
   2.2556248e+02   2.6831163e+02
   2.3919098e+02   2.6386195e+02
   2.5313665e+02   2.6059697e+02
   2.6723920e+02   2.6082729e+02
   2.8114126e+02   2.5893775e+02
   2.9490019e+02   2.6010474e+02
   3.0819409e+02   2.6406449e+02
   2.9588948e+02   2.7222960e+02
   2.8208224e+02   2.7712077e+02
   2.6761085e+02   2.7949863e+02
   2.5277373e+02   2.7881795e+02
   2.3858904e+02   2.7512631e+02
   2.3596430e+02   2.7044407e+02
   2.4636612e+02   2.7028221e+02
   2.6684714e+02   2.7104768e+02
   2.8771600e+02   2.6815813e+02
   2.9795504e+02   2.6835470e+02
   2.8777611e+02   2.6855127e+02
   2.6720403e+02   2.7138473e+02
   2.4621497e+02   2.7060593e+02
