   1.6489403e+02   2.0332494e+02
   1.6613541e+02   2.2808436e+02
   1.6921115e+02   2.5251276e+02
   1.7479088e+02   2.7653963e+02
   1.8534121e+02   2.9878210e+02
   2.0189724e+02   3.1699859e+02
   2.2299518e+02   3.2942945e+02
   2.4672878e+02   3.3643682e+02
   2.7111698e+02   3.3816900e+02
   2.9732371e+02   3.3359180e+02
   3.2160509e+02   3.2348943e+02
   3.4140615e+02   3.0639526e+02
   3.5479974e+02   2.8362653e+02
   3.6231259e+02   2.5825798e+02
   3.6433642e+02   2.3214601e+02
   3.6367689e+02   2.0558312e+02
   3.6203453e+02   1.7939715e+02
   1.8395959e+02   1.5934814e+02
   1.9571022e+02   1.5076599e+02
   2.0983380e+02   1.4710660e+02
   2.2437552e+02   1.4783307e+02
   2.3853473e+02   1.5137214e+02
   2.8083134e+02   1.5019644e+02
   2.9448476e+02   1.4429873e+02
   3.0870828e+02   1.4051474e+02
   3.2340113e+02   1.4071670e+02
   3.3694432e+02   1.4618578e+02
   2.6131959e+02   1.6670231e+02
   2.6303489e+02   1.8647701e+02
   2.6428815e+02   2.0646743e+02
   2.6563775e+02   2.2609467e+02
   2.5008625e+02   2.4170907e+02
   2.5817163e+02   2.4356237e+02
   2.6630526e+02   2.4410047e+02
   2.7622201e+02   2.4276473e+02
   2.8557045e+02   2.3953786e+02
   2.0340707e+02   1.7919872e+02
   2.1427080e+02   1.7305830e+02
   2.2675831e+02   1.7240868e+02
   2.3799596e+02   1.7754192e+02
   2.2651865e+02   1.8141895e+02
   2.1461532e+02   1.8282350e+02
   2.8398905e+02   1.7621692e+02
   2.9615871e+02   1.6921599e+02
   3.0977533e+02   1.6682948e+02
   3.2233120e+02   1.7221561e+02
   3.1011093e+02   1.7665139e+02
   2.9702603e+02   1.7693913e+02
   2.2640638e+02   2.6877395e+02
   2.3974896e+02   2.6393264e+02
   2.5336481e+02   2.6014021e+02
   2.6731247e+02   2.6023574e+02
   2.8107663e+02   2.5870086e+02
   2.9464430e+02   2.6018071e+02
   3.0758831e+02   2.6450977e+02
   2.9534292e+02   2.7236668e+02
   2.8203346e+02   2.7779805e+02
   2.6789764e+02   2.8039440e+02
   2.5320663e+02   2.7963057e+02
   2.3917693e+02   2.7579770e+02
   2.3667605e+02   2.7045997e+02
   2.4694572e+02   2.7029751e+02
   2.6713095e+02   2.7094293e+02
   2.8751013e+02   2.6803741e+02
   2.9754922e+02   2.6823679e+02
   2.8758977e+02   2.6843617e+02
   2.6750878e+02   2.7127873e+02
   2.4680246e+02   2.7062242e+02
