   1.7280692e+02   2.0117732e+02
   1.7666298e+02   2.3038414e+02
   1.8185913e+02   2.5952629e+02
   1.8731808e+02   2.8839733e+02
   1.9861900e+02   3.1543171e+02
   2.1654573e+02   3.3861602e+02
   2.3614030e+02   3.6051847e+02
   2.6200901e+02   3.7430406e+02
   2.9076609e+02   3.7789727e+02
   3.1693107e+02   3.7189188e+02
   3.4048740e+02   3.5906610e+02
   3.5791092e+02   3.3895082e+02
   3.7009720e+02   3.1508506e+02
   3.7949819e+02   2.9003979e+02
   3.8575879e+02   2.6402329e+02
   3.9072440e+02   2.3753844e+02
   3.9199290e+02   2.1104034e+02
   1.9253761e+02   1.7243844e+02
   2.0614223e+02   1.6081469e+02
   2.2320682e+02   1.5609015e+02
   2.4089646e+02   1.5880273e+02
   2.5687782e+02   1.6643262e+02
   3.0920792e+02   1.6728989e+02
   3.2461849e+02   1.6064476e+02
   3.4129925e+02   1.5864867e+02
   3.5769450e+02   1.6132890e+02
   3.7097463e+02   1.7114961e+02
   2.8089849e+02   1.9302632e+02
   2.7962836e+02   2.1354831e+02
   2.7825523e+02   2.3380623e+02
   2.7618089e+02   2.5393517e+02
   2.5376735e+02   2.5913676e+02
   2.6431332e+02   2.6508600e+02
   2.7575212e+02   2.6851897e+02
   2.8892462e+02   2.6516871e+02
   3.0105919e+02   2.5908211e+02
   2.1484246e+02   1.9216920e+02
   2.2811592e+02   1.8282518e+02
   2.4422176e+02   1.8498858e+02
   2.5559135e+02   1.9645809e+02
   2.4164975e+02   1.9858361e+02
   2.2759408e+02   1.9778025e+02
   3.1006613e+02   1.9731534e+02
   3.2270291e+02   1.8417791e+02
   3.4112146e+02   1.8278465e+02
   3.5338856e+02   1.9559911e+02
   3.3956313e+02   2.0096122e+02
   3.2464628e+02   2.0064121e+02
   2.3943971e+02   2.9904262e+02
   2.5023013e+02   2.8960682e+02
   2.6399892e+02   2.8563293e+02
   2.7810243e+02   2.8688469e+02
   2.9277819e+02   2.8607775e+02
   3.0692863e+02   2.9035772e+02
   3.1968489e+02   2.9770088e+02
   3.0912496e+02   3.0910015e+02
   2.9549129e+02   3.1652232e+02
   2.8024568e+02   3.1784498e+02
   2.6473182e+02   3.1698001e+02
   2.5129393e+02   3.0906484e+02
   2.5650319e+02   2.9661720e+02
   2.6787318e+02   2.9599196e+02
   2.7918393e+02   2.9725759e+02
   2.9121021e+02   2.9596751e+02
   3.0312678e+02   2.9769712e+02
   2.9075867e+02   3.0048598e+02
   2.7811342e+02   3.0124258e+02
   2.6668821e+02   3.0132757e+02
