   1.7747266e+02   2.0579224e+02
   1.7764969e+02   2.3864120e+02
   1.8060785e+02   2.7129478e+02
   1.8560901e+02   3.0355582e+02
   1.9574124e+02   3.3473274e+02
   2.1353149e+02   3.6226903e+02
   2.3719996e+02   3.8457244e+02
   2.6558260e+02   4.0072392e+02
   2.9765163e+02   4.0422418e+02
   3.2748627e+02   3.9723322e+02
   3.5139722e+02   3.7788692e+02
   3.7118008e+02   3.5415181e+02
   3.8811216e+02   3.2817466e+02
   3.9422638e+02   2.9798027e+02
   3.9728157e+02   2.6702382e+02
   3.9841719e+02   2.3618738e+02
   3.9913790e+02   2.0544846e+02
   1.9117285e+02   1.8409000e+02
   2.0967573e+02   1.7655599e+02
   2.2970495e+02   1.8045182e+02
   2.4831398e+02   1.8891906e+02
   2.6583907e+02   1.9906476e+02
   2.9626720e+02   1.9613900e+02
   3.1549661e+02   1.8811083e+02
   3.3505029e+02   1.8110074e+02
   3.5549899e+02   1.7965163e+02
   3.7416818e+02   1.8790214e+02
   2.8068329e+02   1.9949508e+02
   2.7986464e+02   2.2440659e+02
   2.7894690e+02   2.4953685e+02
   2.7773084e+02   2.7419112e+02
   2.5708707e+02   2.8753465e+02
   2.6759253e+02   2.9081654e+02
   2.7851965e+02   2.9172717e+02
   2.9313412e+02   2.8979960e+02
   3.0722209e+02   2.8629340e+02
   2.0756979e+02   2.0776921e+02
   2.2335608e+02   2.0183068e+02
   2.4015563e+02   2.0076716e+02
   2.5457465e+02   2.0867641e+02
   2.3880230e+02   2.1015043e+02
   2.2296650e+02   2.1088733e+02
   3.0991463e+02   2.0830964e+02
   3.2539594e+02   2.0052981e+02
   3.4271157e+02   2.0132901e+02
   3.5901595e+02   2.0729732e+02
   3.4285916e+02   2.1046451e+02
   3.2627040e+02   2.0926337e+02
   2.4436773e+02   3.2337979e+02
   2.5372737e+02   3.1277439e+02
   2.6733560e+02   3.0861412e+02
   2.8129551e+02   3.1095537e+02
   2.9705291e+02   3.0812317e+02
   3.1238150e+02   3.1232444e+02
   3.2630055e+02   3.2028703e+02
   3.1245766e+02   3.2639332e+02
   2.9841245e+02   3.3160865e+02
   2.8380235e+02   3.3424554e+02
   2.7002943e+02   3.3342519e+02
   2.5682088e+02   3.2917509e+02
   2.5379467e+02   3.2100235e+02
   2.6322162e+02   3.2084322e+02
   2.8201792e+02   3.2295641e+02
   3.0407639e+02   3.1935255e+02
   3.1518847e+02   3.1949440e+02
   3.0401051e+02   3.1963626e+02
   2.8201073e+02   3.2311782e+02
   2.6300426e+02   3.2116149e+02
