   1.1771094e+02   2.1095514e+02
   1.1485052e+02   2.4818601e+02
   1.1886877e+02   2.8518794e+02
   1.2428144e+02   3.2209748e+02
   1.2905193e+02   3.5891811e+02
   1.4512850e+02   3.9244162e+02
   1.7295305e+02   4.1671244e+02
   2.0738074e+02   4.3118705e+02
   2.4409875e+02   4.3418150e+02
   2.8135097e+02   4.2840741e+02
   3.1637429e+02   4.1456600e+02
   3.4632714e+02   3.9171836e+02
   3.6428689e+02   3.5894449e+02
   3.6907094e+02   3.2184485e+02
   3.7190194e+02   2.8400083e+02
   3.7330391e+02   2.4627144e+02
   3.7047581e+02   2.0902880e+02
   1.4142865e+02   1.9503402e+02
   1.6161154e+02   1.8569954e+02
   1.8396036e+02   1.8334655e+02
   2.0635416e+02   1.8268278e+02
   2.2792111e+02   1.8813685e+02
   2.6648412e+02   1.8346453e+02
   2.8754966e+02   1.8306085e+02
   3.0852327e+02   1.8271331e+02
   3.2926928e+02   1.8554896e+02
   3.4792031e+02   1.9468703e+02
   2.4740397e+02   2.0971112e+02
   2.4678714e+02   2.3036863e+02
   2.4657155e+02   2.5116828e+02
   2.4647952e+02   2.7161713e+02
   2.1505084e+02   3.0059850e+02
   2.2915967e+02   3.0212923e+02
   2.4310326e+02   3.0231539e+02
   2.5518160e+02   3.0216723e+02
   2.6712546e+02   3.0122673e+02
   1.6546903e+02   2.1888387e+02
   1.8428303e+02   2.0698201e+02
   2.0662931e+02   2.0871452e+02
   2.2111410e+02   2.2511787e+02
   2.0222689e+02   2.2488372e+02
   1.8330804e+02   2.2444457e+02
   2.7483969e+02   2.2514960e+02
   2.8833648e+02   2.0776519e+02
   3.1038412e+02   2.0466742e+02
   3.2787757e+02   2.1751540e+02
   3.1157356e+02   2.2551878e+02
   2.9307094e+02   2.2489446e+02
   1.8578442e+02   3.4568233e+02
   1.9767768e+02   3.2645451e+02
   2.1993153e+02   3.2018388e+02
   2.4298861e+02   3.2234460e+02
   2.6622224e+02   3.2259020e+02
   2.8885320e+02   3.2755208e+02
   3.0669531e+02   3.4167938e+02
   2.9225050e+02   3.6158070e+02
   2.6874859e+02   3.7061245e+02
   2.4383775e+02   3.7253691e+02
   2.2000166e+02   3.7126783e+02
   1.9721174e+02   3.6512715e+02
   1.9982168e+02   3.4601032e+02
   2.1385895e+02   3.3425299e+02
   2.4374559e+02   3.3543820e+02
   2.7548449e+02   3.3724480e+02
   2.9108990e+02   3.4673753e+02
   2.7690519e+02   3.5623026e+02
   2.4367097e+02   3.5818097e+02
   2.1313509e+02   3.5776765e+02
