   1.1618868e+02   2.1262105e+02
   1.1326457e+02   2.4999500e+02
   1.1743384e+02   2.8712840e+02
   1.2291154e+02   3.2417503e+02
   1.2760167e+02   3.6116445e+02
   1.4372141e+02   3.9484863e+02
   1.7168442e+02   4.1918857e+02
   2.0629532e+02   4.3363168e+02
   2.4317536e+02   4.3644399e+02
   2.8061620e+02   4.3073086e+02
   3.1588501e+02   4.1699429e+02
   3.4598557e+02   3.9405244e+02
   3.6394977e+02   3.6108589e+02
   3.6865580e+02   3.2381112e+02
   3.7135111e+02   2.8575961e+02
   3.7261090e+02   2.4783880e+02
   3.6978729e+02   2.1042658e+02
   1.3976779e+02   1.9658995e+02
   1.6001619e+02   1.8714975e+02
   1.8251200e+02   1.8485162e+02
   2.0503161e+02   1.8405091e+02
   2.2676002e+02   1.8940304e+02
   2.6527757e+02   1.8444312e+02
   2.8649647e+02   1.8432114e+02
   3.0757111e+02   1.8402973e+02
   3.2843570e+02   1.8677969e+02
   3.4721093e+02   1.9587060e+02
   2.4617393e+02   2.1123392e+02
   2.4560227e+02   2.3194428e+02
   2.4543674e+02   2.5280140e+02
   2.4539121e+02   2.7329940e+02
   2.1358111e+02   3.0256731e+02
   2.2779152e+02   3.0409143e+02
   2.4182854e+02   3.0425719e+02
   2.5401145e+02   3.0411851e+02
   2.6606506e+02   3.0319686e+02
   1.6388035e+02   2.2028173e+02
   1.8283332e+02   2.0831374e+02
   2.0534426e+02   2.1008882e+02
   2.1987403e+02   2.2665349e+02
   2.0086492e+02   2.2640035e+02
   1.8181747e+02   2.2594470e+02
   2.7377582e+02   2.2662862e+02
   2.8727630e+02   2.0903962e+02
   3.0948211e+02   2.0582556e+02
   3.2713214e+02   2.1871481e+02
   3.1078586e+02   2.2695389e+02
   2.9214203e+02   2.2633746e+02
   1.8366998e+02   3.4760190e+02
   1.9571783e+02   3.2802356e+02
   2.1842379e+02   3.2185390e+02
   2.4187551e+02   3.2408340e+02
   2.6552849e+02   3.2437540e+02
   2.8865066e+02   3.2913170e+02
   3.0695249e+02   3.4333684e+02
   2.9241938e+02   3.6398461e+02
   2.6832858e+02   3.7318201e+02
   2.4280873e+02   3.7506117e+02
   2.1842632e+02   3.7386190e+02
   1.9508155e+02   3.6768467e+02
   1.9796965e+02   3.4834701e+02
   2.1226932e+02   3.3596229e+02
   2.4270399e+02   3.3727388e+02
   2.7505539e+02   3.3917311e+02
   2.9100394e+02   3.4911032e+02
   2.7663818e+02   3.5904753e+02
   2.4267293e+02   3.6101475e+02
   2.1150980e+02   3.6073174e+02
