   1.1833163e+02   2.0999942e+02
   1.1549521e+02   2.4719298e+02
   1.1959282e+02   2.8411738e+02
   1.2505093e+02   3.2097900e+02
   1.2989196e+02   3.5773735e+02
   1.4612885e+02   3.9112895e+02
   1.7395829e+02   4.1534382e+02
   2.0831272e+02   4.2984630e+02
   2.4496539e+02   4.3294655e+02
   2.8208810e+02   4.2700904e+02
   3.1683541e+02   4.1285146e+02
   3.4665618e+02   3.8995319e+02
   3.6459236e+02   3.5726812e+02
   3.6939640e+02   3.2023865e+02
   3.7221500e+02   2.8249952e+02
   3.7360585e+02   2.4486507e+02
   3.7076323e+02   2.0770695e+02
   1.4193165e+02   1.9404806e+02
   1.6201325e+02   1.8449992e+02
   1.8436731e+02   1.8207691e+02
   2.0677899e+02   1.8141139e+02
   2.2838008e+02   1.8680667e+02
   2.6680580e+02   1.8203507e+02
   2.8789315e+02   1.8175913e+02
   3.0886443e+02   1.8131478e+02
   3.2960159e+02   1.8416807e+02
   3.4817745e+02   1.9341034e+02
   2.4775951e+02   2.0856417e+02
   2.4719149e+02   2.2918485e+02
   2.4702470e+02   2.4994875e+02
   2.4698105e+02   2.7035770e+02
   2.1572284e+02   2.9909188e+02
   2.2982494e+02   3.0067089e+02
   2.4377810e+02   3.0083401e+02
   2.5584384e+02   3.0063820e+02
   2.6776961e+02   2.9961604e+02
   1.6595199e+02   2.1779733e+02
   1.8478594e+02   2.0603379e+02
   2.0705443e+02   2.0770856e+02
   2.2160663e+02   2.2395294e+02
   2.0271876e+02   2.2370455e+02
   1.8380211e+02   2.2332328e+02
   2.7522452e+02   2.2388295e+02
   2.8873143e+02   2.0667069e+02
   3.1065898e+02   2.0356280e+02
   3.2808248e+02   2.1628641e+02
   3.1182142e+02   2.2421068e+02
   2.9338983e+02   2.2359299e+02
   1.8699348e+02   3.4434215e+02
   1.9836627e+02   3.2492493e+02
   2.2058786e+02   3.1863100e+02
   2.4362518e+02   3.2082032e+02
   2.6671939e+02   3.2088112e+02
   2.8919069e+02   3.2589333e+02
   3.0669861e+02   3.4014499e+02
   2.9269711e+02   3.6043966e+02
   2.6942634e+02   3.6989385e+02
   2.4454486e+02   3.7193556e+02
   2.2077217e+02   3.7054657e+02
   1.9821350e+02   3.6395838e+02
   2.0086080e+02   3.4479459e+02
   2.1472812e+02   3.3274639e+02
   2.4438365e+02   3.3376241e+02
   2.7584729e+02   3.3553540e+02
   2.9127295e+02   3.4543090e+02
   2.7728837e+02   3.5532640e+02
   2.4436427e+02   3.5759055e+02
   2.1412397e+02   3.5684280e+02
