   1.2852915e+02   2.1111710e+02
   1.2564386e+02   2.4781798e+02
   1.2942388e+02   2.8446341e+02
   1.3367855e+02   3.2063403e+02
   1.3968381e+02   3.5699585e+02
   1.5749765e+02   3.8882667e+02
   1.8496060e+02   4.1285841e+02
   2.1934111e+02   4.2539883e+02
   2.5555650e+02   4.2895709e+02
   2.9181231e+02   4.2222634e+02
   3.2494695e+02   4.0760840e+02
   3.5332950e+02   3.8466084e+02
   3.7157513e+02   3.5302697e+02
   3.7762758e+02   3.1712908e+02
   3.8255874e+02   2.8069637e+02
   3.8536469e+02   2.4447330e+02
   3.8244955e+02   2.0811628e+02
   1.4935833e+02   1.9475611e+02
   1.6632070e+02   1.7908329e+02
   1.8859370e+02   1.7280452e+02
   2.1130450e+02   1.7694701e+02
   2.3245442e+02   1.8659425e+02
   2.8437713e+02   1.8615046e+02
   3.0472487e+02   1.7654480e+02
   3.2645959e+02   1.7147458e+02
   3.4781753e+02   1.7698808e+02
   3.6311890e+02   1.9290658e+02
   2.5911372e+02   2.0926224e+02
   2.5852047e+02   2.3012300e+02
   2.5798701e+02   2.5089713e+02
   2.5803298e+02   2.7140951e+02
   2.3187614e+02   2.9605731e+02
   2.4398454e+02   2.9884594e+02
   2.5637248e+02   2.9900782e+02
   2.6722206e+02   2.9809938e+02
   2.7779378e+02   2.9601083e+02
   1.7581460e+02   2.1826267e+02
   1.9368241e+02   2.0453361e+02
   2.1648095e+02   2.0762841e+02
   2.3150963e+02   2.2442135e+02
   2.1250170e+02   2.2391334e+02
   1.9383220e+02   2.2337651e+02
   2.8684770e+02   2.2260042e+02
   3.0117539e+02   2.0605816e+02
   3.2294875e+02   2.0313799e+02
   3.3978378e+02   2.1633662e+02
   3.2339765e+02   2.2415344e+02
   3.0500535e+02   2.2378560e+02
   2.0923950e+02   3.4464736e+02
   2.2245415e+02   3.3137327e+02
   2.3814546e+02   3.2176800e+02
   2.5577181e+02   3.2494475e+02
   2.7298468e+02   3.2297903e+02
   2.8812270e+02   3.3191904e+02
   3.0154962e+02   3.4330046e+02
   2.8646131e+02   3.4915129e+02
   2.7069622e+02   3.5274805e+02
   2.5472049e+02   3.5481936e+02
   2.3898516e+02   3.5397428e+02
   2.2360704e+02   3.5062058e+02
   2.2045676e+02   3.3643032e+02
   2.3167401e+02   3.3602033e+02
   2.5554901e+02   3.3533268e+02
   2.7918762e+02   3.3635431e+02
   2.9036862e+02   3.3667697e+02
   2.7897368e+02   3.3699964e+02
   2.5559949e+02   3.3589741e+02
   2.3153474e+02   3.3684030e+02
