   1.1807559e+02   2.1032315e+02
   1.1523219e+02   2.4754031e+02
   1.1922785e+02   2.8453051e+02
   1.2465049e+02   3.2142998e+02
   1.2941564e+02   3.5823237e+02
   1.4544694e+02   3.9176343e+02
   1.7325668e+02   4.1602460e+02
   2.0766272e+02   4.3052350e+02
   2.4436638e+02   4.3352075e+02
   2.8161229e+02   4.2776080e+02
   3.1664747e+02   4.1394046e+02
   3.4660696e+02   3.9111067e+02
   3.6455575e+02   3.5834038e+02
   3.6932273e+02   3.2124548e+02
   3.7213685e+02   2.8340520e+02
   3.7353394e+02   2.4567670e+02
   3.7070001e+02   2.0844296e+02
   1.4186976e+02   1.9442677e+02
   1.6209924e+02   1.8522853e+02
   1.8442168e+02   1.8293034e+02
   2.0678577e+02   1.8220992e+02
   2.2832806e+02   1.8761687e+02
   2.6670086e+02   1.8292948e+02
   2.8774769e+02   1.8260372e+02
   3.0869095e+02   1.8232627e+02
   3.2940754e+02   1.8512797e+02
   3.4809891e+02   1.9415225e+02
   2.4772495e+02   2.0910511e+02
   2.4709942e+02   2.2975322e+02
   2.4687965e+02   2.5054606e+02
   2.4677687e+02   2.7098856e+02
   2.1532067e+02   3.0002027e+02
   2.2944376e+02   3.0152415e+02
   2.4339397e+02   3.0171358e+02
   2.5547429e+02   3.0157814e+02
   2.6742188e+02   3.0065854e+02
   1.6586585e+02   2.1831291e+02
   1.8466510e+02   2.0643283e+02
   2.0698356e+02   2.0813785e+02
   2.2144773e+02   2.2452029e+02
   2.0258433e+02   2.2429936e+02
   1.8368431e+02   2.2386259e+02
   2.7512620e+02   2.2458970e+02
   2.8860368e+02   2.0720676e+02
   3.1063939e+02   2.0412248e+02
   3.2812564e+02   2.1696655e+02
   3.1182831e+02   2.2494414e+02
   2.9334147e+02   2.2431786e+02
   1.8601501e+02   3.4504350e+02
   1.9791160e+02   3.2580090e+02
   2.2019181e+02   3.1956334e+02
   2.4326791e+02   3.2168825e+02
   2.6653772e+02   3.2197519e+02
   2.8921904e+02   3.2689934e+02
   3.0708941e+02   3.4103850e+02
   2.9262776e+02   3.6099274e+02
   2.6908390e+02   3.7004100e+02
   2.4413577e+02   3.7196368e+02
   2.2026037e+02   3.7069398e+02
   1.9742440e+02   3.6456865e+02
   2.0006766e+02   3.4541498e+02
   2.1412030e+02   3.3361844e+02
   2.4403063e+02   3.3482286e+02
   2.7581969e+02   3.3662261e+02
   2.9145455e+02   3.4613967e+02
   2.7724016e+02   3.5565673e+02
   2.4394563e+02   3.5762616e+02
   2.1338568e+02   3.5721152e+02
