   1.1511577e+02   2.1248545e+02
   1.1223193e+02   2.4987018e+02
   1.1645522e+02   2.8700427e+02
   1.2199641e+02   3.2405516e+02
   1.2669982e+02   3.6104841e+02
   1.4282142e+02   3.9474658e+02
   1.7081914e+02   4.1905587e+02
   2.0545261e+02   4.3347967e+02
   2.4234578e+02   4.3621909e+02
   2.7980245e+02   4.3049116e+02
   3.1510402e+02   4.1675314e+02
   3.4520880e+02   3.9378077e+02
   3.6312387e+02   3.6076786e+02
   3.6775645e+02   3.2346539e+02
   3.7036206e+02   2.8538143e+02
   3.7154347e+02   2.4742998e+02
   3.6867859e+02   2.1000388e+02
   1.3870896e+02   1.9643238e+02
   1.5900030e+02   1.8707578e+02
   1.8149706e+02   1.8482214e+02
   2.0401076e+02   1.8390754e+02
   2.2575456e+02   1.8915971e+02
   2.6404081e+02   1.8407137e+02
   2.8527378e+02   1.8408646e+02
   3.0633583e+02   1.8385472e+02
   3.2719542e+02   1.8652851e+02
   3.4604123e+02   1.9547609e+02
   2.4507215e+02   2.1095198e+02
   2.4452604e+02   2.3165791e+02
   2.4439194e+02   2.5251401e+02
   2.4436980e+02   2.7300916e+02
   2.1248511e+02   3.0240745e+02
   2.2673211e+02   3.0389093e+02
   2.4079564e+02   3.0403982e+02
   2.5300204e+02   3.0390185e+02
   2.6508122e+02   3.0298994e+02
   1.6280856e+02   2.2008541e+02
   1.8176483e+02   2.0811677e+02
   2.0427841e+02   2.0984840e+02
   2.1881397e+02   2.2640315e+02
   1.9980445e+02   2.2617651e+02
   1.8074977e+02   2.2574133e+02
   2.7268848e+02   2.2634440e+02
   2.8614940e+02   2.0870857e+02
   3.0836526e+02   2.0545814e+02
   3.2604985e+02   2.1832507e+02
   3.0971551e+02   2.2660505e+02
   2.9106203e+02   2.2600728e+02
   1.8245809e+02   3.4739336e+02
   1.9449378e+02   3.2769544e+02
   2.1732462e+02   3.2156295e+02
   2.4088786e+02   3.2375088e+02
   2.6466720e+02   3.2406238e+02
   2.8795111e+02   3.2870756e+02
   3.0638466e+02   3.4292929e+02
   2.9186384e+02   3.6384862e+02
   2.6761367e+02   3.7315047e+02
   2.4191531e+02   3.7504816e+02
   2.1736666e+02   3.7388288e+02
   1.9385150e+02   3.6771043e+02
   1.9681863e+02   3.4826640e+02
   2.1117916e+02   3.3567124e+02
   2.4175282e+02   3.3699358e+02
   2.7428368e+02   3.3887440e+02
   2.9033417e+02   3.4896750e+02
   2.7592723e+02   3.5906061e+02
   2.4174903e+02   3.6110281e+02
   2.1043203e+02   3.6086157e+02
