   1.2608699e+02   2.0628818e+02
   1.2350835e+02   2.4345923e+02
   1.2732608e+02   2.8006119e+02
   1.3279894e+02   3.1689659e+02
   1.3866354e+02   3.5325589e+02
   1.5644094e+02   3.8563606e+02
   1.8421535e+02   4.0989264e+02
   2.1771902e+02   4.2574840e+02
   2.5393181e+02   4.3143107e+02
   2.8989503e+02   4.2359813e+02
   3.2166322e+02   4.0541443e+02
   3.5048131e+02   3.8206697e+02
   3.6899557e+02   3.5047262e+02
   3.7487389e+02   3.1397964e+02
   3.7869130e+02   2.7728262e+02
   3.8112563e+02   2.4047461e+02
   3.7831081e+02   2.0392137e+02
   1.5044278e+02   1.9039317e+02
   1.7001189e+02   1.7953846e+02
   1.9226774e+02   1.7637961e+02
   2.1481297e+02   1.7643124e+02
   2.3645527e+02   1.8197540e+02
   2.7432320e+02   1.7789713e+02
   2.9542253e+02   1.7784322e+02
   3.1639597e+02   1.7648370e+02
   3.3693927e+02   1.8015905e+02
   3.5471898e+02   1.9082537e+02
   2.5528169e+02   2.0480999e+02
   2.5474455e+02   2.2539927e+02
   2.5460993e+02   2.4613486e+02
   2.5459698e+02   2.6650943e+02
   2.2587870e+02   2.9188783e+02
   2.3985329e+02   2.9409169e+02
   2.5387445e+02   2.9426451e+02
   2.6563156e+02   2.9365701e+02
   2.7716910e+02   2.9181184e+02
   1.7428775e+02   2.1511645e+02
   1.9323745e+02   2.0503593e+02
   2.1438552e+02   2.0601132e+02
   2.2966480e+02   2.2025808e+02
   2.1090987e+02   2.1984253e+02
   1.9217847e+02   2.1999801e+02
   2.8278518e+02   2.2003560e+02
   2.9692073e+02   2.0533934e+02
   3.1741011e+02   2.0292099e+02
   3.3365749e+02   2.1466593e+02
   3.1748947e+02   2.2045305e+02
   3.0004731e+02   2.1966973e+02
   2.0497374e+02   3.4020727e+02
   2.1052914e+02   3.2017323e+02
   2.3075688e+02   3.1317070e+02
   2.5218628e+02   3.1542038e+02
   2.7234448e+02   3.1362812e+02
   2.9126008e+02   3.2056942e+02
   3.0321370e+02   3.3639206e+02
   2.9369398e+02   3.5737753e+02
   2.7518409e+02   3.7052943e+02
   2.5306074e+02   3.7390595e+02
   2.3210154e+02   3.7059051e+02
   2.1423124e+02   3.5909808e+02
   2.1613539e+02   3.4005000e+02
   2.2729704e+02   3.2792013e+02
   2.5248620e+02   3.2680903e+02
   2.7880976e+02   3.2802691e+02
   2.9101173e+02   3.4010517e+02
   2.7944429e+02   3.5218343e+02
   2.5258522e+02   3.5751162e+02
   2.2789530e+02   3.5217986e+02
