   1.8260543e+02   2.2330679e+02
   1.8361136e+02   2.5313924e+02
   1.8654156e+02   2.8284205e+02
   1.9111398e+02   3.1214835e+02
   1.9822707e+02   3.4111599e+02
   2.1021327e+02   3.6824139e+02
   2.3025832e+02   3.9008885e+02
   2.5724488e+02   4.0295830e+02
   2.8613560e+02   4.0878623e+02
   3.1673484e+02   4.0740055e+02
   3.4522821e+02   3.9664466e+02
   3.6940827e+02   3.7826619e+02
   3.8603859e+02   3.5230938e+02
   3.9798936e+02   3.2430227e+02
   4.0490250e+02   2.9467093e+02
   4.1029013e+02   2.6438811e+02
   4.1263224e+02   2.3414298e+02
   1.9482395e+02   2.0499785e+02
   2.0674913e+02   1.8655845e+02
   2.2799347e+02   1.8112922e+02
   2.4872008e+02   1.8909834e+02
   2.6867373e+02   1.9928307e+02
   3.1346502e+02   2.0246151e+02
   3.3434816e+02   1.9586117e+02
   3.5520189e+02   1.9062717e+02
   3.7620975e+02   1.9492444e+02
   3.8975564e+02   2.1113909e+02
   2.9087696e+02   2.2088645e+02
   2.8939246e+02   2.4109150e+02
   2.8694636e+02   2.6123223e+02
   2.8494105e+02   2.8117979e+02
   2.6126500e+02   2.9546798e+02
   2.7307635e+02   2.9907153e+02
   2.8533919e+02   3.0019509e+02
   2.9819478e+02   3.0010563e+02
   3.1081241e+02   2.9796748e+02
   2.1745789e+02   2.1956697e+02
   2.3326096e+02   2.1006166e+02
   2.5136342e+02   2.1367591e+02
   2.6368974e+02   2.2733342e+02
   2.4770307e+02   2.2716775e+02
   2.3179595e+02   2.2615071e+02
   3.1979216e+02   2.3051473e+02
   3.3325539e+02   2.1923480e+02
   3.5075954e+02   2.1772063e+02
   3.6417875e+02   2.2828231e+02
   3.5036412e+02   2.3470997e+02
   3.3497666e+02   2.3302388e+02
   2.4593948e+02   3.3361461e+02
   2.5945498e+02   3.2633377e+02
   2.7365085e+02   3.2077025e+02
   2.8693090e+02   3.2653481e+02
   3.0066244e+02   3.2134996e+02
   3.1413574e+02   3.2853551e+02
   3.2778440e+02   3.3588571e+02
   3.1555819e+02   3.4406319e+02
   3.0147975e+02   3.4823098e+02
   2.8689839e+02   3.4899556e+02
   2.7251144e+02   3.4656612e+02
   2.5957312e+02   3.3907454e+02
   2.6253860e+02   3.3285869e+02
   2.7504796e+02   3.3241455e+02
   2.8650332e+02   3.3657444e+02
   2.9983347e+02   3.3359530e+02
   3.1354724e+02   3.3425399e+02
   2.9970460e+02   3.3471726e+02
   2.8653737e+02   3.3774220e+02
   2.7497321e+02   3.3339200e+02
