   1.9934909e+02   2.0820518e+02
   1.9841672e+02   2.3762517e+02
   1.9792557e+02   2.6725915e+02
   2.0294130e+02   2.9624978e+02
   2.1193760e+02   3.2416484e+02
   2.3004749e+02   3.4687136e+02
   2.5443178e+02   3.6345751e+02
   2.8227260e+02   3.7268093e+02
   3.1139942e+02   3.7370929e+02
   3.4017543e+02   3.7031681e+02
   3.6713247e+02   3.5966678e+02
   3.9049465e+02   3.4226396e+02
   4.0902715e+02   3.2013797e+02
   4.1788507e+02   2.9284217e+02
   4.2059327e+02   2.6386215e+02
   4.1959092e+02   2.3489687e+02
   4.1895237e+02   2.0600584e+02
   2.1599062e+02   1.8423417e+02
   2.2882249e+02   1.7316561e+02
   2.4612044e+02   1.7186249e+02
   2.6357597e+02   1.7081368e+02
   2.8090437e+02   1.7221978e+02
   3.2482102e+02   1.7092452e+02
   3.4189112e+02   1.6797522e+02
   3.5911180e+02   1.6694213e+02
   3.7619791e+02   1.6888327e+02
   3.9055825e+02   1.7770382e+02
   3.0451960e+02   1.9488500e+02
   3.0443731e+02   2.1022246e+02
   3.0364139e+02   2.2535468e+02
   3.0249166e+02   2.4041110e+02
   2.7943549e+02   2.5830816e+02
   2.9103358e+02   2.6181595e+02
   3.0306775e+02   2.6228422e+02
   3.1601471e+02   2.6112480e+02
   3.2805212e+02   2.5629820e+02
   2.4412000e+02   2.0235175e+02
   2.5647013e+02   1.9653793e+02
   2.7013887e+02   1.9670756e+02
   2.8208668e+02   2.0301009e+02
   2.6930459e+02   2.0302470e+02
   2.5670136e+02   2.0332767e+02
   3.2804143e+02   2.0068275e+02
   3.3810588e+02   1.9364918e+02
   3.5043088e+02   1.9323424e+02
   3.6132998e+02   1.9868210e+02
   3.5032337e+02   2.0062068e+02
   3.3913617e+02   2.0067061e+02
   2.5408582e+02   2.8190754e+02
   2.7080378e+02   2.8229270e+02
   2.8733923e+02   2.7902779e+02
   3.0382964e+02   2.8037231e+02
   3.2296803e+02   2.7766283e+02
   3.4219734e+02   2.7951001e+02
   3.6126415e+02   2.7766520e+02
   3.4444735e+02   2.9120586e+02
   3.2513339e+02   3.0087947e+02
   3.0404271e+02   3.0293106e+02
   2.8555924e+02   3.0209144e+02
   2.6916752e+02   2.9299369e+02
   2.6653077e+02   2.8630570e+02
   2.8530593e+02   2.8837152e+02
   3.0382635e+02   2.8901472e+02
   3.2615687e+02   2.8609512e+02
   3.4830142e+02   2.8376791e+02
   3.2603133e+02   2.8687651e+02
   3.0382786e+02   2.8964499e+02
   2.8511480e+02   2.8860235e+02
