   1.9934745e+02   2.0861691e+02
   1.9843484e+02   2.3808432e+02
   1.9803112e+02   2.6759102e+02
   2.0309848e+02   2.9644639e+02
   2.1216080e+02   3.2432492e+02
   2.3033376e+02   3.4697100e+02
   2.5464893e+02   3.6343465e+02
   2.8249389e+02   3.7261222e+02
   3.1161155e+02   3.7359468e+02
   3.4037377e+02   3.7015644e+02
   3.6705557e+02   3.5961046e+02
   3.9020554e+02   3.4241316e+02
   4.0799464e+02   3.2001214e+02
   4.1721608e+02   2.9260872e+02
   4.1997695e+02   2.6398509e+02
   4.1965451e+02   2.3530088e+02
   4.1957863e+02   2.0648256e+02
   2.1581535e+02   1.8322959e+02
   2.2926545e+02   1.7311731e+02
   2.4648955e+02   1.7191248e+02
   2.6370449e+02   1.7083862e+02
   2.8081282e+02   1.7222732e+02
   3.2314271e+02   1.7103911e+02
   3.4056693e+02   1.6803505e+02
   3.5814920e+02   1.6626893e+02
   3.7554123e+02   1.6859505e+02
   3.9043475e+02   1.7753792e+02
   3.0468874e+02   1.9350080e+02
   3.0442752e+02   2.0919225e+02
   3.0365095e+02   2.2489069e+02
   3.0249873e+02   2.4035968e+02
   2.8210158e+02   2.6167829e+02
   2.9286773e+02   2.6295065e+02
   3.0357973e+02   2.6299543e+02
   3.1591543e+02   2.6125824e+02
   3.2808423e+02   2.5913008e+02
   2.4572063e+02   2.0469029e+02
   2.5720420e+02   1.9649839e+02
   2.7135082e+02   1.9607784e+02
   2.8243929e+02   2.0447595e+02
   2.7008557e+02   2.0622612e+02
   2.5771599e+02   2.0727879e+02
   3.2790137e+02   2.0238522e+02
   3.3754006e+02   1.9432844e+02
   3.4983808e+02   1.9250349e+02
   3.6016591e+02   1.9907224e+02
   3.5033371e+02   2.0391243e+02
   3.3909101e+02   2.0249546e+02
   2.6288363e+02   2.9754573e+02
   2.7728584e+02   2.9130512e+02
   2.9083215e+02   2.8320407e+02
   3.0584870e+02   2.8517720e+02
   3.2161977e+02   2.8184279e+02
   3.3695946e+02   2.8789128e+02
   3.5202086e+02   2.9387465e+02
   3.3873064e+02   3.0354039e+02
   3.2297511e+02   3.0781261e+02
   3.0662298e+02   3.0917541e+02
   2.9103025e+02   3.0871059e+02
   2.7595578e+02   3.0542535e+02
   2.7087676e+02   2.9756503e+02
   2.8821337e+02   2.9354655e+02
   3.0601327e+02   2.9339966e+02
   3.2603132e+02   2.9140051e+02
   3.4578890e+02   2.9349100e+02
   3.2582564e+02   2.9189529e+02
   3.0606621e+02   2.9393394e+02
   2.8810263e+02   2.9402730e+02
