   3.1734245e+02   1.9712975e+02
   3.1925165e+02   2.2425694e+02
   3.2400100e+02   2.5062327e+02
   3.3096348e+02   2.7663688e+02
   3.3968398e+02   3.0202094e+02
   3.5044961e+02   3.2688862e+02
   3.6512124e+02   3.4933770e+02
   3.8521163e+02   3.6735653e+02
   4.1053997e+02   3.7450996e+02
   4.3639438e+02   3.6716657e+02
   4.5614420e+02   3.4885256e+02
   4.7156265e+02   3.2653868e+02
   4.8544219e+02   3.0355382e+02
   4.9555236e+02   2.7839763e+02
   5.0393444e+02   2.5265026e+02
   5.0901517e+02   2.2607278e+02
   5.1106037e+02   1.9907535e+02
   3.3571085e+02   1.4928453e+02
   3.4330347e+02   1.4041353e+02
   3.5430697e+02   1.3648821e+02
   3.6611231e+02   1.3601393e+02
   3.7780378e+02   1.3563985e+02
   4.3091912e+02   1.3625368e+02
   4.4587368e+02   1.3458012e+02
   4.6097294e+02   1.3493769e+02
   4.7500483e+02   1.3969767e+02
   4.8168942e+02   1.5247733e+02
   4.0926682e+02   1.7816424e+02
   4.1044600e+02   1.8641126e+02
   4.1010587e+02   1.9474798e+02
   4.1016017e+02   2.0301332e+02
   3.8998995e+02   2.3989047e+02
   3.9878790e+02   2.3690279e+02
   4.0792716e+02   2.3576818e+02
   4.1575173e+02   2.3717210e+02
   4.2330498e+02   2.3950885e+02
   3.5440809e+02   1.8437138e+02
   3.6127380e+02   1.7443710e+02
   3.7380506e+02   1.7475451e+02
   3.8334882e+02   1.8259069e+02
   3.7416533e+02   1.8859534e+02
   3.6334256e+02   1.9007130e+02
   4.3578205e+02   1.8162039e+02
   4.4573137e+02   1.7321363e+02
   4.5881005e+02   1.7382760e+02
   4.6681544e+02   1.8385151e+02
   4.5670807e+02   1.8943960e+02
   4.4518917e+02   1.8826902e+02
   3.7688897e+02   2.9793786e+02
   3.8130329e+02   2.7866649e+02
   3.8952724e+02   2.6101940e+02
   4.0692937e+02   2.5736893e+02
   4.2410417e+02   2.6101386e+02
   4.3180388e+02   2.7766811e+02
   4.3493038e+02   2.9580615e+02
   4.3101660e+02   3.1198844e+02
   4.2319367e+02   3.2661804e+02
   4.0803910e+02   3.3230907e+02
   3.9194798e+02   3.2822391e+02
   3.8253475e+02   3.1392733e+02
   3.8287641e+02   2.9781923e+02
   3.9021327e+02   2.7810750e+02
   4.0811856e+02   2.6768395e+02
   4.2483122e+02   2.7615624e+02
   4.3008944e+02   2.9397163e+02
   4.2289794e+02   3.0973150e+02
   4.0686338e+02   3.1604120e+02
   3.9131759e+02   3.1144204e+02
