   3.1655425e+02   2.0033460e+02
   3.1854101e+02   2.2732116e+02
   3.2320512e+02   2.5361573e+02
   3.3014267e+02   2.7949128e+02
   3.3870847e+02   3.0481899e+02
   3.4974441e+02   3.2937539e+02
   3.6485508e+02   3.5132292e+02
   3.8532377e+02   3.6856148e+02
   4.1068632e+02   3.7520276e+02
   4.3649226e+02   3.6820084e+02
   4.5647458e+02   3.5049471e+02
   4.7222114e+02   3.2869400e+02
   4.8586536e+02   3.0570238e+02
   4.9555118e+02   2.8054937e+02
   5.0342168e+02   2.5480474e+02
   5.0837457e+02   2.2833537e+02
   5.1045673e+02   2.0146608e+02
   3.3439166e+02   1.5386565e+02
   3.4195030e+02   1.4468534e+02
   3.5302191e+02   1.4042209e+02
   3.6498535e+02   1.4008097e+02
   3.7686349e+02   1.3974435e+02
   4.2989014e+02   1.4032284e+02
   4.4485035e+02   1.3838296e+02
   4.5996045e+02   1.3850003e+02
   4.7397485e+02   1.4341856e+02
   4.8082888e+02   1.5620259e+02
   4.0853222e+02   1.8233492e+02
   4.0967151e+02   1.9077741e+02
   4.0934731e+02   1.9932394e+02
   4.0939590e+02   2.0778201e+02
   3.8982656e+02   2.4411102e+02
   3.9848327e+02   2.4128786e+02
   4.0745139e+02   2.4022175e+02
   4.1524267e+02   2.4148383e+02
   4.2279513e+02   2.4361722e+02
   3.5346742e+02   1.8826989e+02
   3.6048566e+02   1.7841492e+02
   3.7303660e+02   1.7877003e+02
   3.8260917e+02   1.8661043e+02
   3.7333736e+02   1.9256739e+02
   3.6246759e+02   1.9397821e+02
   4.3503431e+02   1.8547654e+02
   4.4494447e+02   1.7702907e+02
   4.5801169e+02   1.7754528e+02
   4.6618739e+02   1.8741206e+02
   4.5608168e+02   1.9301930e+02
   4.4453171e+02   1.9198632e+02
   3.7639488e+02   3.0044778e+02
   3.8114619e+02   2.8197127e+02
   3.8959700e+02   2.6526976e+02
   4.0660067e+02   2.6194717e+02
   4.2348188e+02   2.6507710e+02
   4.3160772e+02   2.8090176e+02
   4.3535577e+02   2.9838910e+02
   4.3070131e+02   3.1317032e+02
   4.2263784e+02   3.2704126e+02
   4.0777470e+02   3.3231730e+02
   3.9212197e+02   3.2860845e+02
   3.8260058e+02   3.1516596e+02
   3.8266990e+02   2.9996975e+02
   3.9035845e+02   2.8170306e+02
   4.0771523e+02   2.7207445e+02
   4.2407864e+02   2.7971438e+02
   4.2997577e+02   2.9636614e+02
   4.2242018e+02   3.1045657e+02
   4.0678849e+02   3.1622318e+02
   3.9151673e+02   3.1216858e+02
