   3.1424585e+02   2.0648202e+02
   3.1518805e+02   2.3188131e+02
   3.1894914e+02   2.5707515e+02
   3.2405858e+02   2.8196937e+02
   3.3111182e+02   3.0635998e+02
   3.4412819e+02   3.2802319e+02
   3.6284143e+02   3.4499723e+02
   3.8631493e+02   3.5462860e+02
   4.1149997e+02   3.5670616e+02
   4.3711767e+02   3.5390962e+02
   4.6035606e+02   3.4271097e+02
   4.8025002e+02   3.2617453e+02
   4.9330865e+02   3.0396341e+02
   4.9908422e+02   2.7882972e+02
   5.0238354e+02   2.5327970e+02
   5.0660445e+02   2.2774641e+02
   5.0861067e+02   2.0215977e+02
   3.2814437e+02   1.8575014e+02
   3.3854937e+02   1.7713665e+02
   3.5156292e+02   1.7368078e+02
   3.6512822e+02   1.7565902e+02
   3.7845506e+02   1.7842733e+02
   4.2755987e+02   1.7451386e+02
   4.4149738e+02   1.7226796e+02
   4.5536704e+02   1.6935388e+02
   4.6895662e+02   1.7238861e+02
   4.7931431e+02   1.8165716e+02
   4.0679625e+02   2.0425288e+02
   4.0734030e+02   2.1476874e+02
   4.0730383e+02   2.2522229e+02
   4.0764095e+02   2.3563760e+02
   3.9319509e+02   2.6279174e+02
   4.0011358e+02   2.6124495e+02
   4.0708819e+02   2.6144806e+02
   4.1363535e+02   2.6127296e+02
   4.2004837e+02   2.6216919e+02
   3.5039168e+02   2.0759184e+02
   3.5893909e+02   1.9887104e+02
   3.7127853e+02   1.9894644e+02
   3.8028116e+02   2.0708783e+02
   3.7063011e+02   2.1214162e+02
   3.5983851e+02   2.1257988e+02
   4.3395574e+02   2.0434386e+02
   4.4288696e+02   1.9700471e+02
   4.5445769e+02   1.9806609e+02
   4.6364370e+02   2.0525545e+02
   4.5380120e+02   2.0998238e+02
   4.4297033e+02   2.1006608e+02
   3.7544763e+02   2.9559566e+02
   3.8517424e+02   2.8819153e+02
   3.9543884e+02   2.8178531e+02
   4.0675795e+02   2.8399923e+02
   4.1862590e+02   2.8096771e+02
   4.2966950e+02   2.8724364e+02
   4.3967250e+02   2.9514920e+02
   4.2862607e+02   2.9890857e+02
   4.1769482e+02   3.0269588e+02
   4.0631700e+02   3.0326846e+02
   3.9572242e+02   3.0248185e+02
   3.8570024e+02   2.9883108e+02
   3.8282945e+02   2.9409564e+02
   3.9480245e+02   2.9078435e+02
   4.0691797e+02   2.9128855e+02
   4.1877109e+02   2.9017057e+02
   4.3056974e+02   2.9274410e+02
   4.1863038e+02   2.9135801e+02
   4.0723138e+02   2.9214775e+02
   3.9506888e+02   2.9204116e+02
