   1.6913346e+02   2.1549784e+02
   1.7278187e+02   2.4678889e+02
   1.7938479e+02   2.7776251e+02
   1.8518760e+02   3.0870485e+02
   1.9658932e+02   3.3803201e+02
   2.1336668e+02   3.6465528e+02
   2.3457563e+02   3.8793438e+02
   2.6057935e+02   4.0555755e+02
   2.9088332e+02   4.1155649e+02
   3.2284636e+02   4.0360079e+02
   3.5126346e+02   3.8713733e+02
   3.7403097e+02   3.6388078e+02
   3.8911511e+02   3.3476350e+02
   3.9928287e+02   3.0345316e+02
   4.0560701e+02   2.7112698e+02
   4.0786610e+02   2.3825645e+02
   4.0848811e+02   2.0560778e+02
   1.8010445e+02   2.0271553e+02
   1.9287200e+02   1.8741724e+02
   2.1341426e+02   1.8535113e+02
   2.3393130e+02   1.8794745e+02
   2.5365064e+02   1.9362894e+02
   3.0800820e+02   1.9092440e+02
   3.2847138e+02   1.8200394e+02
   3.4999695e+02   1.7645523e+02
   3.7162998e+02   1.8022250e+02
   3.8444401e+02   1.9733710e+02
   2.8286306e+02   2.2516554e+02
   2.8241104e+02   2.4731224e+02
   2.8238116e+02   2.6945250e+02
   2.8281909e+02   2.9139733e+02
   2.4967863e+02   3.0556517e+02
   2.6686437e+02   3.0877916e+02
   2.8367772e+02   3.1244455e+02
   3.0153531e+02   3.0739801e+02
   3.1935318e+02   3.0284086e+02
   2.0521108e+02   2.2648430e+02
   2.2120056e+02   2.1660841e+02
   2.4004570e+02   2.1933956e+02
   2.5194400e+02   2.3357907e+02
   2.3552601e+02   2.3561005e+02
   2.1908681e+02   2.3475703e+02
   3.1598338e+02   2.3001166e+02
   3.2759238e+02   2.1496634e+02
   3.4645434e+02   2.1165469e+02
   3.6417253e+02   2.1882473e+02
   3.5110088e+02   2.3013810e+02
   3.3358696e+02   2.3115318e+02
   2.3766879e+02   3.3641815e+02
   2.5417570e+02   3.3432738e+02
   2.7028680e+02   3.3033222e+02
   2.8640285e+02   3.3283932e+02
   3.0304077e+02   3.2845559e+02
   3.2017995e+02   3.3179931e+02
   3.3740398e+02   3.3205571e+02
   3.2282920e+02   3.4583281e+02
   3.0707567e+02   3.5797115e+02
   2.8782082e+02   3.6098867e+02
   2.6882191e+02   3.5848039e+02
   2.5247386e+02   3.4862623e+02
   2.5299467e+02   3.4074865e+02
   2.6998133e+02   3.4280025e+02
   2.8693384e+02   3.4415963e+02
   3.0429412e+02   3.4163528e+02
   3.2146077e+02   3.3860882e+02
   3.0436294e+02   3.4271984e+02
   2.8693409e+02   3.4465151e+02
   2.6977953e+02   3.4334532e+02
