   1.6904631e+02   2.1524984e+02
   1.7267189e+02   2.4635211e+02
   1.7928430e+02   2.7729850e+02
   1.8504940e+02   3.0808142e+02
   1.9632246e+02   3.3727629e+02
   2.1301316e+02   3.6389045e+02
   2.3406085e+02   3.8713407e+02
   2.6034124e+02   4.0416400e+02
   2.9050095e+02   4.1066345e+02
   3.2251808e+02   4.0277907e+02
   3.5105967e+02   3.8660830e+02
   3.7382735e+02   3.6348065e+02
   3.8889422e+02   3.3438877e+02
   3.9905611e+02   3.0307355e+02
   4.0538473e+02   2.7061982e+02
   4.0761357e+02   2.3789692e+02
   4.0822215e+02   2.0527186e+02
   1.8000421e+02   2.0247251e+02
   1.9275157e+02   1.8718032e+02
   2.1333082e+02   1.8558496e+02
   2.3386663e+02   1.8770822e+02
   2.5349305e+02   1.9336332e+02
   3.0780982e+02   1.9063915e+02
   3.2825451e+02   1.8171707e+02
   3.4976214e+02   1.7616386e+02
   3.7123867e+02   1.7993142e+02
   3.8419233e+02   1.9701678e+02
   2.8269666e+02   2.2486527e+02
   2.8225377e+02   2.4699597e+02
   2.8223272e+02   2.6912005e+02
   2.8267905e+02   2.9104868e+02
   2.4851393e+02   3.0524257e+02
   2.6605854e+02   3.0839574e+02
   2.8323124e+02   3.1195695e+02
   3.0139711e+02   3.0761140e+02
   3.1919100e+02   3.0246933e+02
   2.0510195e+02   2.2621393e+02
   2.2107581e+02   2.1633890e+02
   2.3990827e+02   2.1906056e+02
   2.5139845e+02   2.3350309e+02
   2.3509313e+02   2.3534343e+02
   2.1882602e+02   2.3444021e+02
   3.1559167e+02   2.2983244e+02
   3.2723815e+02   2.1473837e+02
   3.4623611e+02   2.1133901e+02
   3.6394421e+02   2.1849676e+02
   3.5081427e+02   2.2982861e+02
   3.3321861e+02   2.3081567e+02
   2.3732426e+02   3.3334963e+02
   2.5373289e+02   3.3228025e+02
   2.6995024e+02   3.2963141e+02
   2.8585696e+02   3.3220217e+02
   3.0223921e+02   3.2818562e+02
   3.1910661e+02   3.3053991e+02
   3.3589693e+02   3.2974602e+02
   3.2242434e+02   3.4434991e+02
   3.0681038e+02   3.5633680e+02
   2.8784714e+02   3.5994829e+02
   2.6837634e+02   3.5700248e+02
   2.5163508e+02   3.4694725e+02
   2.5082943e+02   3.3858698e+02
   2.6868455e+02   3.4148220e+02
   2.8663516e+02   3.4281442e+02
   3.0386618e+02   3.4086641e+02
   3.2080449e+02   3.3718622e+02
   3.0398203e+02   3.4191293e+02
   2.8663534e+02   3.4350625e+02
   2.6851262e+02   3.4202851e+02
