   1.6911445e+02   2.1525453e+02
   1.7275223e+02   2.4635736e+02
   1.7937136e+02   2.7728514e+02
   1.8514616e+02   3.0805370e+02
   1.9643009e+02   3.3723164e+02
   2.1313366e+02   3.6383483e+02
   2.3418670e+02   3.8705632e+02
   2.6046522e+02   4.0408495e+02
   2.9062680e+02   4.1055586e+02
   3.2261362e+02   4.0264830e+02
   3.5111250e+02   3.8644538e+02
   3.7385385e+02   3.6331333e+02
   3.8889688e+02   3.3422818e+02
   3.9903553e+02   3.0293936e+02
   4.0534733e+02   2.7050495e+02
   4.0756257e+02   2.3780858e+02
   4.0815976e+02   2.0520066e+02
   1.8006219e+02   2.0248027e+02
   1.9279773e+02   1.8719189e+02
   2.1336397e+02   1.8557545e+02
   2.3388844e+02   1.8770508e+02
   2.5350887e+02   1.9335097e+02
   3.0779584e+02   1.9060981e+02
   3.2822663e+02   1.8168554e+02
   3.4972094e+02   1.7612798e+02
   3.7119178e+02   1.7988592e+02
   3.8413991e+02   1.9695813e+02
   2.8270765e+02   2.2482626e+02
   2.8227251e+02   2.4694535e+02
   2.8225897e+02   2.6905768e+02
   2.8271251e+02   2.9097450e+02
   2.4860334e+02   3.0517199e+02
   2.6612811e+02   3.0831904e+02
   2.8328130e+02   3.1187539e+02
   3.0142611e+02   3.0750389e+02
   3.1920893e+02   3.0237668e+02
   2.0515464e+02   2.2620055e+02
   2.2111666e+02   2.1632535e+02
   2.3994003e+02   2.1903917e+02
   2.5144172e+02   2.3346340e+02
   2.3514253e+02   2.3531439e+02
   2.1887873e+02   2.3441893e+02
   3.1559323e+02   2.2977538e+02
   3.2722676e+02   2.1468708e+02
   3.4620873e+02   2.1128562e+02
   3.6390984e+02   2.1843356e+02
   3.5079300e+02   2.2976319e+02
   3.3320998e+02   2.3075679e+02
   2.3750135e+02   3.3354357e+02
   2.5387184e+02   3.3231830e+02
   2.7004283e+02   3.2953378e+02
   2.8592916e+02   3.3213905e+02
   3.0227617e+02   3.2810127e+02
   3.1911328e+02   3.3049701e+02
   3.3586343e+02   3.2983685e+02
   3.2239593e+02   3.4432303e+02
   3.0682217e+02   3.5623960e+02
   2.8793181e+02   3.5984662e+02
   2.6853185e+02   3.5696382e+02
   2.5183212e+02   3.4697120e+02
   2.5098928e+02   3.3864800e+02
   2.6879979e+02   3.4141676e+02
   2.8670258e+02   3.4274107e+02
   3.0391568e+02   3.4079084e+02
   3.2084156e+02   3.3716955e+02
   3.0402156e+02   3.4181882e+02
   2.8670293e+02   3.4344852e+02
   2.6863401e+02   3.4196391e+02
