   1.6380887e+02   2.3241579e+02
   1.6728539e+02   2.6652265e+02
   1.7325666e+02   2.9974703e+02
   1.8234682e+02   3.3244986e+02
   1.9759422e+02   3.6269437e+02
   2.1972233e+02   3.8845700e+02
   2.4144617e+02   4.1479164e+02
   2.6936028e+02   4.3353204e+02
   3.0229306e+02   4.4020279e+02
   3.3234228e+02   4.3505916e+02
   3.5622492e+02   4.1540258e+02
   3.7705323e+02   3.9249708e+02
   3.9579588e+02   3.6778577e+02
   4.1083484e+02   3.4073434e+02
   4.1755315e+02   3.1049227e+02
   4.2281818e+02   2.7987286e+02
   4.2675954e+02   2.4930052e+02
   1.9273123e+02   2.0386489e+02
   2.0935257e+02   1.9282016e+02
   2.2896121e+02   1.8859303e+02
   2.4883595e+02   1.8788732e+02
   2.6823443e+02   1.9221448e+02
   3.3585044e+02   1.9821983e+02
   3.5572211e+02   1.9529217e+02
   3.7581840e+02   1.9481582e+02
   3.9556368e+02   1.9736374e+02
   4.0572096e+02   2.1324042e+02
   3.0245645e+02   2.2625119e+02
   3.0284205e+02   2.4745093e+02
   3.0323276e+02   2.6855372e+02
   3.0422792e+02   2.8966608e+02
   2.7387681e+02   2.9852078e+02
   2.8852121e+02   3.0450422e+02
   3.0395342e+02   3.0741031e+02
   3.1848997e+02   3.0540753e+02
   3.3179704e+02   2.9969853e+02
   2.2165736e+02   2.2715259e+02
   2.3752686e+02   2.1844291e+02
   2.5561554e+02   2.1827579e+02
   2.6863756e+02   2.3003311e+02
   2.5270525e+02   2.3161960e+02
   2.3687995e+02   2.3119958e+02
   3.3059397e+02   2.3277928e+02
   3.4564091e+02   2.2286240e+02
   3.6366381e+02   2.2290914e+02
   3.7754931e+02   2.3390278e+02
   3.6189317e+02   2.3680099e+02
   3.4587221e+02   2.3657637e+02
   2.3313604e+02   3.2560136e+02
   2.5499494e+02   3.2446493e+02
   2.7675380e+02   3.2460863e+02
   2.9798626e+02   3.2855620e+02
   3.1981294e+02   3.2545262e+02
   3.4187530e+02   3.2689457e+02
   3.6372742e+02   3.2856824e+02
   3.4721277e+02   3.5394858e+02
   3.2629734e+02   3.7534564e+02
   2.9742076e+02   3.8091772e+02
   2.6923077e+02   3.7258975e+02
   2.4956064e+02   3.5034348e+02
   2.4274406e+02   3.3044932e+02
   2.7095226e+02   3.3208131e+02
   2.9832651e+02   3.3706617e+02
   3.2636470e+02   3.3296674e+02
   3.5433318e+02   3.3327654e+02
   3.3005879e+02   3.5608090e+02
   2.9858866e+02   3.6525753e+02
   2.6724755e+02   3.5310013e+02
