   1.6430673e+02   2.3361888e+02
   1.6781494e+02   2.6770975e+02
   1.7381802e+02   3.0092469e+02
   1.8295476e+02   3.3361300e+02
   1.9820943e+02   3.6383943e+02
   2.2025885e+02   3.8964896e+02
   2.4208661e+02   4.1586601e+02
   2.7002502e+02   4.3456884e+02
   3.0295665e+02   4.4117546e+02
   3.3297929e+02   4.3593541e+02
   3.5686792e+02   4.1632293e+02
   3.7765586e+02   3.9340604e+02
   3.9632050e+02   3.6867035e+02
   4.1133597e+02   3.4162748e+02
   4.1801887e+02   3.1139601e+02
   4.2327355e+02   2.8080033e+02
   4.2718231e+02   2.5024330e+02
   1.9319140e+02   2.0504992e+02
   2.0977942e+02   1.9395264e+02
   2.2937777e+02   1.8969140e+02
   2.4926001e+02   1.8899139e+02
   2.6865708e+02   1.9333050e+02
   3.3625539e+02   1.9926833e+02
   3.5610849e+02   1.9625011e+02
   3.7619648e+02   1.9574069e+02
   3.9592758e+02   1.9834636e+02
   4.0611615e+02   2.1421609e+02
   3.0290262e+02   2.2730731e+02
   3.0330604e+02   2.4850077e+02
   3.0371674e+02   2.6959692e+02
   3.0472829e+02   2.9070198e+02
   2.7440036e+02   2.9959437e+02
   2.8904918e+02   3.0553148e+02
   3.0447627e+02   3.0839616e+02
   3.1897264e+02   3.0638401e+02
   3.3224950e+02   3.0071018e+02
   2.2213001e+02   2.2830153e+02
   2.3798647e+02   2.1957098e+02
   2.5607527e+02   2.1941502e+02
   2.6909579e+02   2.3117593e+02
   2.5316207e+02   2.3283690e+02
   2.3732268e+02   2.3244288e+02
   3.3103419e+02   2.3382086e+02
   3.4607126e+02   2.2388236e+02
   3.6409711e+02   2.2389702e+02
   3.7797429e+02   2.3489854e+02
   3.6233069e+02   2.3788650e+02
   3.4630652e+02   2.3766685e+02
   2.3387055e+02   3.2694168e+02
   2.5567007e+02   3.2573029e+02
   2.7736792e+02   3.2578976e+02
   2.9855582e+02   3.2969057e+02
   3.2033161e+02   3.2657437e+02
   3.4233846e+02   3.2802902e+02
   3.6413480e+02   3.2974331e+02
   3.4763012e+02   3.5501052e+02
   3.2678918e+02   3.7634301e+02
   2.9803082e+02   3.8199689e+02
   2.6992854e+02   3.7370100e+02
   2.5027026e+02   3.5158131e+02
   2.4342450e+02   3.3169842e+02
   2.7155916e+02   3.3328118e+02
   2.9887729e+02   3.3816015e+02
   3.2684178e+02   3.3409845e+02
   3.5473215e+02   3.3440540e+02
   3.3052990e+02   3.5713747e+02
   2.9915339e+02   3.6631655e+02
   2.6792034e+02   3.5417789e+02
