   1.6390195e+02   2.3283115e+02
   1.6739446e+02   2.6698987e+02
   1.7344726e+02   3.0052487e+02
   1.8313525e+02   3.3347253e+02
   1.9793441e+02   3.6399323e+02
   2.1724504e+02   3.9213228e+02
   2.4150060e+02   4.1602303e+02
   2.6988485e+02   4.3475766e+02
   3.0303027e+02   4.4039487e+02
   3.3274172e+02   4.3292992e+02
   3.5763522e+02   4.1495568e+02
   3.7814484e+02   3.9204514e+02
   3.9545988e+02   3.6685487e+02
   4.1107329e+02   3.4032228e+02
   4.1755415e+02   3.1019753e+02
   4.2324352e+02   2.8003959e+02
   4.2713690e+02   2.4965811e+02
   1.9284682e+02   2.0424158e+02
   2.0928727e+02   1.9229892e+02
   2.2874100e+02   1.8726916e+02
   2.4900429e+02   1.8739873e+02
   2.6842690e+02   1.9255705e+02
   3.3611649e+02   1.9854931e+02
   3.5585416e+02   1.9368603e+02
   3.7589984e+02   1.9252466e+02
   3.9536099e+02   1.9745571e+02
   4.0606557e+02   2.1356575e+02
   3.0264438e+02   2.2694720e+02
   3.0309184e+02   2.4813690e+02
   3.0349533e+02   2.6923842e+02
   3.0457807e+02   2.9035005e+02
   2.7410588e+02   2.9897468e+02
   2.8900183e+02   3.0421228e+02
   3.0454991e+02   3.0640876e+02
   3.1830043e+02   3.0430133e+02
   3.3116997e+02   2.9975537e+02
   2.2181040e+02   2.2754570e+02
   2.3778553e+02   2.1872918e+02
   2.5605455e+02   2.1937575e+02
   2.6881688e+02   2.3169453e+02
   2.5262451e+02   2.3507798e+02
   2.3620304e+02   2.3497860e+02
   3.3086438e+02   2.3314700e+02
   3.4616584e+02   2.2307448e+02
   3.6443496e+02   2.2256168e+02
   3.7786994e+02   2.3425818e+02
   3.6228797e+02   2.3939621e+02
   3.4600823e+02   2.3894491e+02
   2.3758262e+02   3.3154095e+02
   2.5828624e+02   3.2943743e+02
   2.7870702e+02   3.2822857e+02
   2.9901799e+02   3.3103183e+02
   3.2027802e+02   3.2858050e+02
   3.4147163e+02   3.3044097e+02
   3.6241597e+02   3.3357734e+02
   3.4493867e+02   3.5627132e+02
   3.2514276e+02   3.7633648e+02
   2.9866714e+02   3.8438199e+02
   2.7216498e+02   3.7543807e+02
   2.5280751e+02   3.5523335e+02
   2.4452154e+02   3.3436348e+02
   2.7190438e+02   3.3558765e+02
   2.9888137e+02   3.3821140e+02
   3.2629203e+02   3.3582181e+02
   3.5335628e+02   3.3693192e+02
   3.2954669e+02   3.5961119e+02
   2.9871860e+02   3.6910830e+02
   2.6931399e+02   3.5505200e+02
