   2.0493147e+02   2.4745701e+02
   2.0801591e+02   2.7737816e+02
   2.1603298e+02   3.0617587e+02
   2.2566723e+02   3.3458249e+02
   2.3810877e+02   3.6173797e+02
   2.5195740e+02   3.8835913e+02
   2.7081992e+02   4.1109119e+02
   2.9541478e+02   4.2779518e+02
   3.2444349e+02   4.3304755e+02
   3.5316545e+02   4.2592199e+02
   3.7610457e+02   4.0726474e+02
   3.9280038e+02   3.8267736e+02
   4.0531527e+02   3.5566719e+02
   4.1420476e+02   3.2712150e+02
   4.2143384e+02   2.9814407e+02
   4.2333239e+02   2.6828905e+02
   4.2513997e+02   2.3865029e+02
   2.2028021e+02   2.0636452e+02
   2.2899420e+02   1.9332820e+02
   2.4246397e+02   1.8457875e+02
   2.5741379e+02   1.7859970e+02
   2.7342776e+02   1.7697380e+02
   3.3747959e+02   1.7512839e+02
   3.5306292e+02   1.7371239e+02
   3.6854554e+02   1.7448753e+02
   3.8297595e+02   1.8008881e+02
   3.9575457e+02   1.8832233e+02
   3.0738277e+02   2.2213202e+02
   3.0712970e+02   2.4005468e+02
   3.0707046e+02   2.5781268e+02
   3.0757593e+02   2.7550027e+02
   2.9046801e+02   2.9141246e+02
   2.9983095e+02   2.9148529e+02
   3.0902042e+02   2.9113765e+02
   3.1929001e+02   2.9069904e+02
   3.2946291e+02   2.9096355e+02
   2.4399218e+02   2.2485143e+02
   2.5560111e+02   2.1233893e+02
   2.7315420e+02   2.1321515e+02
   2.8625370e+02   2.2476543e+02
   2.7208505e+02   2.2804391e+02
   2.5759848e+02   2.2939379e+02
   3.3711159e+02   2.2098008e+02
   3.5008737e+02   2.0823682e+02
   3.6839984e+02   2.0662888e+02
   3.8140784e+02   2.1831787e+02
   3.6721774e+02   2.2300849e+02
   3.5207448e+02   2.2202096e+02
   2.8182539e+02   3.4518785e+02
   2.8579668e+02   3.3045508e+02
   2.9555460e+02   3.1857563e+02
   3.1053130e+02   3.1576228e+02
   3.2751245e+02   3.1717551e+02
   3.4105263e+02   3.2745213e+02
   3.5112236e+02   3.4021796e+02
   3.4347041e+02   3.5459069e+02
   3.3226176e+02   3.6670164e+02
   3.1683681e+02   3.7268834e+02
   3.0151402e+02   3.6870682e+02
   2.9036655e+02   3.5795757e+02
   2.8873069e+02   3.4367133e+02
   2.9681394e+02   3.3147357e+02
   3.1162431e+02   3.2613119e+02
   3.2971601e+02   3.2885226e+02
   3.4263090e+02   3.3986000e+02
   3.3174679e+02   3.5164765e+02
   3.1566403e+02   3.5819788e+02
   3.0004257e+02   3.5343706e+02
