   2.0504227e+02   2.4810862e+02
   2.0793421e+02   2.7714430e+02
   2.1573702e+02   3.0517917e+02
   2.2386815e+02   3.3297252e+02
   2.3658380e+02   3.5912860e+02
   2.5124396e+02   3.8426319e+02
   2.7189903e+02   4.0442386e+02
   2.9689987e+02   4.1888462e+02
   3.2522529e+02   4.2315253e+02
   3.5311601e+02   4.1616073e+02
   3.7699446e+02   4.0039541e+02
   3.9461290e+02   3.7767020e+02
   4.0786151e+02   3.5219828e+02
   4.1656004e+02   3.2475021e+02
   4.2233567e+02   2.9645739e+02
   4.2408170e+02   2.6770155e+02
   4.2582928e+02   2.3908814e+02
   2.2047710e+02   2.0862924e+02
   2.3128946e+02   1.9785296e+02
   2.4490983e+02   1.9061210e+02
   2.5983366e+02   1.8627860e+02
   2.7530224e+02   1.8565693e+02
   3.3717525e+02   1.8412044e+02
   3.5269615e+02   1.8284194e+02
   3.6808282e+02   1.8355958e+02
   3.8286199e+02   1.8805703e+02
   3.9668990e+02   1.9439544e+02
   3.0763536e+02   2.2661298e+02
   3.0724969e+02   2.4445403e+02
   3.0689788e+02   2.6212371e+02
   3.0777564e+02   2.7967342e+02
   2.9144157e+02   2.9489618e+02
   3.0093218e+02   2.9503490e+02
   3.1024955e+02   2.9478155e+02
   3.2010479e+02   2.9438418e+02
   3.2989577e+02   2.9419357e+02
   2.4421473e+02   2.2826502e+02
   2.5678574e+02   2.1752160e+02
   2.7370479e+02   2.1863607e+02
   2.8615782e+02   2.2981396e+02
   2.7192608e+02   2.3192719e+02
   2.5759786e+02   2.3289251e+02
   3.3729418e+02   2.2589176e+02
   3.5038208e+02   2.1433741e+02
   3.6783112e+02   2.1231195e+02
   3.8211554e+02   2.2141048e+02
   3.6800682e+02   2.2709556e+02
   3.5255304e+02   2.2643057e+02
   2.7960117e+02   3.4219052e+02
   2.8654142e+02   3.3007758e+02
   2.9738626e+02   3.2121054e+02
   3.1135644e+02   3.2085731e+02
   3.2694715e+02   3.2045289e+02
   3.4061666e+02   3.2780534e+02
   3.5274639e+02   3.3633963e+02
   3.4298819e+02   3.4741937e+02
   3.3080532e+02   3.5633583e+02
   3.1623747e+02   3.6061293e+02
   3.0197240e+02   3.5876377e+02
   2.9000167e+02   3.5159900e+02
   2.9035909e+02   3.3985125e+02
   2.9976683e+02   3.3356761e+02
   3.1207288e+02   3.3119478e+02
   3.2719649e+02   3.3134484e+02
   3.4023971e+02   3.3614876e+02
   3.2815615e+02   3.4189636e+02
   3.1397952e+02   3.4586120e+02
   3.0127658e+02   3.4366408e+02
