   2.2391065e+02   2.1295899e+02
   2.2547432e+02   2.4242894e+02
   2.3056082e+02   2.7138215e+02
   2.3515078e+02   3.0029276e+02
   2.4781450e+02   3.2678369e+02
   2.6785870e+02   3.4812569e+02
   2.9095797e+02   3.6661024e+02
   3.1461643e+02   3.8374828e+02
   3.4301947e+02   3.8689423e+02
   3.7050993e+02   3.7874115e+02
   3.9278069e+02   3.6036236e+02
   4.1219407e+02   3.3880677e+02
   4.2932970e+02   3.1563145e+02
   4.3974483e+02   2.8872400e+02
   4.4354581e+02   2.6018479e+02
   4.4612011e+02   2.3145604e+02
   4.4683674e+02   2.0258521e+02
   2.4718429e+02   2.0213623e+02
   2.6086345e+02   1.9873796e+02
   2.7481546e+02   1.9676453e+02
   2.8890353e+02   1.9651720e+02
   3.0248448e+02   1.9969104e+02
   3.6361307e+02   1.9105660e+02
   3.7710570e+02   1.8744443e+02
   3.9119613e+02   1.8808794e+02
   4.0535588e+02   1.8807723e+02
   4.1901029e+02   1.9101908e+02
   3.3427624e+02   2.2038400e+02
   3.3552564e+02   2.3899319e+02
   3.3623439e+02   2.5731069e+02
   3.3763304e+02   2.7571629e+02
   3.1649600e+02   2.8775904e+02
   3.2753800e+02   2.8907080e+02
   3.3861892e+02   2.8968821e+02
   3.5009927e+02   2.8838161e+02
   3.6077678e+02   2.8441120e+02
   2.7078625e+02   2.2045490e+02
   2.8245028e+02   2.1165738e+02
   2.9708639e+02   2.1190523e+02
   3.0783927e+02   2.2136577e+02
   2.9523934e+02   2.2702553e+02
   2.8165544e+02   2.2779387e+02
   3.6029820e+02   2.1846524e+02
   3.6990580e+02   2.0657534e+02
   3.8539408e+02   2.0474192e+02
   3.9835293e+02   2.1267877e+02
   3.8686271e+02   2.1951134e+02
   3.7360369e+02   2.2028700e+02
   2.9675671e+02   3.2719852e+02
   3.1038742e+02   3.1815484e+02
   3.2468579e+02   3.1042326e+02
   3.4055869e+02   3.1134989e+02
   3.5527592e+02   3.0710866e+02
   3.6943168e+02   3.1425684e+02
   3.8289721e+02   3.2243961e+02
   3.6897379e+02   3.2357605e+02
   3.5616979e+02   3.2931838e+02
   3.4249463e+02   3.3157351e+02
   3.2692461e+02   3.3116853e+02
   3.1200230e+02   3.2538646e+02
   3.1939827e+02   3.1762103e+02
   3.3003197e+02   3.1711208e+02
   3.4056600e+02   3.1857129e+02
   3.5064397e+02   3.1717868e+02
   3.6076260e+02   3.1714763e+02
   3.5066750e+02   3.1810047e+02
   3.4056938e+02   3.1905086e+02
   3.2997767e+02   3.1802808e+02
