   2.2405958e+02   2.1410654e+02
   2.2742448e+02   2.4290008e+02
   2.3253792e+02   2.7129509e+02
   2.3626375e+02   2.9984781e+02
   2.5009914e+02   3.2493545e+02
   2.6945823e+02   3.4651678e+02
   2.9139837e+02   3.6509023e+02
   3.1720675e+02   3.7783675e+02
   3.4555380e+02   3.7934382e+02
   3.7230608e+02   3.7219920e+02
   3.9359759e+02   3.5386249e+02
   4.1333967e+02   3.3408484e+02
   4.3190368e+02   3.1293575e+02
   4.4234732e+02   2.8706290e+02
   4.4380638e+02   2.5894408e+02
   4.4634311e+02   2.3101871e+02
   4.4688566e+02   2.0319672e+02
   2.4956462e+02   1.8832218e+02
   2.6226382e+02   1.8061278e+02
   2.7732443e+02   1.7923257e+02
   2.9235565e+02   1.7965456e+02
   3.0702706e+02   1.8237375e+02
   3.6612890e+02   1.8085908e+02
   3.8094569e+02   1.7493437e+02
   3.9691704e+02   1.7557400e+02
   4.1281842e+02   1.7809284e+02
   4.2725296e+02   1.8491813e+02
   3.3845042e+02   2.0811609e+02
   3.3830503e+02   2.2541633e+02
   3.3870869e+02   2.4279898e+02
   3.3928519e+02   2.5990676e+02
   3.1959556e+02   2.7522450e+02
   3.2998504e+02   2.7650028e+02
   3.4036786e+02   2.7694441e+02
   3.5049309e+02   2.7644877e+02
   3.6043220e+02   2.7478682e+02
   2.7330073e+02   2.0945620e+02
   2.8543527e+02   2.0049954e+02
   3.0147707e+02   2.0131157e+02
   3.1282068e+02   2.1082654e+02
   2.9922056e+02   2.1421543e+02
   2.8548130e+02   2.1518752e+02
   3.6522735e+02   2.1107262e+02
   3.7735810e+02   2.0119127e+02
   3.9365413e+02   1.9867966e+02
   4.0524120e+02   2.0824852e+02
   3.9239612e+02   2.1259231e+02
   3.7873975e+02   2.1254435e+02
   3.0261194e+02   3.0855632e+02
   3.1495638e+02   3.0371935e+02
   3.2690419e+02   2.9794532e+02
   3.3948074e+02   3.0006694e+02
   3.5199369e+02   2.9674830e+02
   3.6377606e+02   3.0345451e+02
   3.7542422e+02   3.1005169e+02
   3.6454398e+02   3.1511316e+02
   3.5389825e+02   3.2071639e+02
   3.4227884e+02   3.2322550e+02
   3.2781712e+02   3.2244774e+02
   3.1457914e+02   3.1664463e+02
   3.1795246e+02   3.0822702e+02
   3.2915089e+02   3.0609331e+02
   3.4016025e+02   3.0828685e+02
   3.4753100e+02   3.0786294e+02
   3.5488422e+02   3.0770301e+02
   3.4755426e+02   3.0864246e+02
   3.4023613e+02   3.0911569e+02
   3.2912805e+02   3.0698809e+02
