   1.8543643e+02   2.1970001e+02
   1.8560511e+02   2.5103753e+02
   1.9006039e+02   2.8209626e+02
   1.9482610e+02   3.1294625e+02
   2.0241848e+02   3.4322605e+02
   2.1760596e+02   3.7062135e+02
   2.3795786e+02   3.9395314e+02
   2.6545215e+02   4.0904475e+02
   2.9572520e+02   4.1514386e+02
   3.2476416e+02   4.0949060e+02
   3.5070052e+02   3.9570600e+02
   3.7158852e+02   3.7498556e+02
   3.8449252e+02   3.4842653e+02
   3.9465638e+02   3.2068686e+02
   4.0128236e+02   2.9175624e+02
   4.0540568e+02   2.6247669e+02
   4.0910669e+02   2.3337529e+02
   1.9999479e+02   2.0514154e+02
   2.1119781e+02   1.9250542e+02
   2.2668383e+02   1.8664780e+02
   2.4325091e+02   1.8940423e+02
   2.5955191e+02   1.9367106e+02
   3.2263838e+02   1.9455316e+02
   3.3820567e+02   1.8932833e+02
   3.5429721e+02   1.8828171e+02
   3.6985234e+02   1.9297679e+02
   3.8219557e+02   2.0337623e+02
   2.9175699e+02   2.2190545e+02
   2.9235607e+02   2.4278789e+02
   2.9258896e+02   2.6371569e+02
   2.9263955e+02   2.8455075e+02
   2.6925789e+02   2.9646227e+02
   2.8130569e+02   2.9971864e+02
   2.9352194e+02   3.0131498e+02
   3.0474435e+02   2.9993173e+02
   3.1558013e+02   2.9734443e+02
   2.2337658e+02   2.2984665e+02
   2.3659989e+02   2.2126517e+02
   2.5234282e+02   2.2363334e+02
   2.6352253e+02   2.3469931e+02
   2.4970465e+02   2.3693785e+02
   2.3580753e+02   2.3590759e+02
   3.2175620e+02   2.3381677e+02
   3.3369217e+02   2.2316009e+02
   3.4957414e+02   2.2202092e+02
   3.6234329e+02   2.3116964e+02
   3.4973584e+02   2.3730280e+02
   3.3564414e+02   2.3642672e+02
   2.5305003e+02   3.3468747e+02
   2.6625111e+02   3.3079701e+02
   2.7854575e+02   3.2455317e+02
   2.9182400e+02   3.2586303e+02
   3.0507523e+02   3.2392175e+02
   3.1733318e+02   3.3080560e+02
   3.3027387e+02   3.3500784e+02
   3.1742265e+02   3.4185685e+02
   3.0617410e+02   3.5152529e+02
   2.9227963e+02   3.5429740e+02
   2.7784576e+02   3.5117364e+02
   2.6582558e+02   3.4222651e+02
   2.6504810e+02   3.3802495e+02
   2.7862475e+02   3.3583745e+02
   2.9213224e+02   3.3756445e+02
   3.0520407e+02   3.3583045e+02
   3.1813683e+02   3.3739351e+02
   3.0501261e+02   3.3637380e+02
   2.9197062e+02   3.3812657e+02
   2.7843929e+02   3.3656508e+02
