   2.2776825e+02   2.4132364e+02
   2.2968455e+02   2.6628814e+02
   2.3172204e+02   2.9137340e+02
   2.3683286e+02   3.1571272e+02
   2.5002358e+02   3.3694029e+02
   2.6848872e+02   3.5369279e+02
   2.8892208e+02   3.6806179e+02
   3.1260045e+02   3.7538593e+02
   3.3744645e+02   3.7807942e+02
   3.6365874e+02   3.7644626e+02
   3.8921674e+02   3.6987237e+02
   4.1268792e+02   3.5869313e+02
   4.3003706e+02   3.3900711e+02
   4.4187589e+02   3.1559909e+02
   4.4649843e+02   2.8981284e+02
   4.4705626e+02   2.6375062e+02
   4.4683627e+02   2.3749412e+02
   2.4283449e+02   1.7956388e+02
   2.5525083e+02   1.6796212e+02
   2.7281855e+02   1.6638218e+02
   2.9047160e+02   1.6708894e+02
   3.0782712e+02   1.6916597e+02
   3.6900154e+02   1.7047312e+02
   3.8470442e+02   1.6954615e+02
   4.0050073e+02   1.6934708e+02
   4.1595187e+02   1.7175550e+02
   4.2804031e+02   1.8102181e+02
   3.3628544e+02   1.9741536e+02
   3.3548342e+02   2.1579109e+02
   3.3472453e+02   2.3406205e+02
   3.3307780e+02   2.5226059e+02
   3.0347447e+02   2.6725327e+02
   3.1855280e+02   2.6839659e+02
   3.3307356e+02   2.7209869e+02
   3.4763171e+02   2.6963252e+02
   3.6216367e+02   2.6862228e+02
   2.6619130e+02   2.0582658e+02
   2.8015486e+02   1.9742869e+02
   2.9622996e+02   1.9745004e+02
   3.0900375e+02   2.0706247e+02
   2.9494917e+02   2.1169141e+02
   2.8014929e+02   2.1086639e+02
   3.6216435e+02   2.0864989e+02
   3.7641009e+02   2.0105658e+02
   3.9233421e+02   2.0043564e+02
   4.0544235e+02   2.0897264e+02
   3.9160052e+02   2.1503315e+02
   3.7647156e+02   2.1354334e+02
   2.8804131e+02   2.9924136e+02
   3.0212638e+02   2.9006522e+02
   3.1755323e+02   2.8397237e+02
   3.3380505e+02   2.8545685e+02
   3.5153508e+02   2.8531439e+02
   3.6801490e+02   2.9143358e+02
   3.8053886e+02   3.0344010e+02
   3.6769267e+02   3.1350916e+02
   3.5279714e+02   3.1998232e+02
   3.3667968e+02   3.2072740e+02
   3.1807945e+02   3.1874891e+02
   3.0084336e+02   3.1233420e+02
   2.9909479e+02   2.9856938e+02
   3.1725769e+02   2.9872707e+02
   3.3502985e+02   3.0163364e+02
   3.5208220e+02   2.9941841e+02
   3.6893105e+02   3.0120220e+02
   3.5188739e+02   2.9996258e+02
   3.3502637e+02   3.0223495e+02
   3.1710037e+02   2.9930099e+02
