   2.2765043e+02   2.4107032e+02
   2.2956499e+02   2.6603499e+02
   2.3162040e+02   2.9111701e+02
   2.3675069e+02   3.1545143e+02
   2.4995499e+02   3.3666988e+02
   2.6841336e+02   3.5343096e+02
   2.8885368e+02   3.6778834e+02
   3.1252626e+02   3.7513278e+02
   3.3736937e+02   3.7782222e+02
   3.6357590e+02   3.7618069e+02
   3.8911706e+02   3.6957775e+02
   4.1274391e+02   3.5823125e+02
   4.2991131e+02   3.3868790e+02
   4.4233442e+02   3.1559425e+02
   4.4636971e+02   2.8974306e+02
   4.4693021e+02   2.6345027e+02
   4.4669656e+02   2.3720007e+02
   2.4255879e+02   1.8015616e+02
   2.5512328e+02   1.6939098e+02
   2.7193178e+02   1.6783826e+02
   2.8901041e+02   1.6819534e+02
   3.0589464e+02   1.6960017e+02
   3.7030173e+02   1.7171414e+02
   3.8719333e+02   1.6994693e+02
   4.0390807e+02   1.7070488e+02
   4.2038264e+02   1.7398515e+02
   4.3153982e+02   1.8579941e+02
   3.3581051e+02   1.9810412e+02
   3.3511017e+02   2.1622307e+02
   3.3371128e+02   2.3416783e+02
   3.3296694e+02   2.5200726e+02
   3.0336873e+02   2.6695414e+02
   3.1832803e+02   2.6839044e+02
   3.3299748e+02   2.7129722e+02
   3.4752808e+02   2.6934005e+02
   3.6185214e+02   2.6707223e+02
   2.6754447e+02   2.0584726e+02
   2.8035988e+02   1.9771139e+02
   2.9554798e+02   1.9794646e+02
   3.0694863e+02   2.0760650e+02
   2.9373134e+02   2.1053903e+02
   2.8025096e+02   2.1024281e+02
   3.6184943e+02   2.0936551e+02
   3.7557051e+02   2.0122252e+02
   3.9139596e+02   2.0096964e+02
   4.0478455e+02   2.0901310e+02
   3.9093083e+02   2.1387722e+02
   3.7613305e+02   2.1285344e+02
   2.8760793e+02   2.9557549e+02
   3.0251304e+02   2.8879342e+02
   3.1784815e+02   2.8356625e+02
   3.3370063e+02   2.8502695e+02
   3.5081054e+02   2.8419591e+02
   3.6720399e+02   2.8883818e+02
   3.8226529e+02   2.9661504e+02
   3.7046786e+02   3.1091779e+02
   3.5434306e+02   3.1968569e+02
   3.3602064e+02   3.2081299e+02
   3.1701111e+02   3.1886356e+02
   3.0034696e+02   3.0965120e+02
   2.9757053e+02   2.9727093e+02
   3.1599471e+02   2.9830622e+02
   3.3405029e+02   3.0086370e+02
   3.5356432e+02   2.9825574e+02
   3.7303560e+02   2.9773858e+02
   3.5342082e+02   2.9900274e+02
   3.3405367e+02   3.0155257e+02
   3.1582301e+02   2.9900018e+02
