   1.6093999e+02   2.0762945e+02
   1.6314370e+02   2.4056781e+02
   1.6560207e+02   2.7332604e+02
   1.7227032e+02   3.0556208e+02
   1.8454747e+02   3.3591388e+02
   1.9993229e+02   3.6489858e+02
   2.2174752e+02   3.8948858e+02
   2.5080939e+02   4.0400377e+02
   2.8309903e+02   4.0920614e+02
   3.1260381e+02   4.0422306e+02
   3.3845786e+02   3.9001284e+02
   3.5688133e+02   3.6646207e+02
   3.7278114e+02   3.4112681e+02
   3.8473509e+02   3.1376263e+02
   3.9157567e+02   2.8467241e+02
   3.9556411e+02   2.5500180e+02
   3.9884897e+02   2.2537105e+02
   1.8732913e+02   1.7597986e+02
   1.9995274e+02   1.6435774e+02
   2.1685191e+02   1.6098473e+02
   2.3367948e+02   1.6443604e+02
   2.5044858e+02   1.6878745e+02
   3.1389253e+02   1.7642031e+02
   3.3042769e+02   1.7365151e+02
   3.4717881e+02   1.7440708e+02
   3.6366463e+02   1.7706512e+02
   3.7525135e+02   1.8829971e+02
   2.8379540e+02   1.9737185e+02
   2.8326979e+02   2.2321233e+02
   2.8337536e+02   2.4869483e+02
   2.8334013e+02   2.7418888e+02
   2.5201492e+02   2.8633827e+02
   2.6708687e+02   2.9298110e+02
   2.8284960e+02   2.9693099e+02
   2.9740497e+02   2.9383033e+02
   3.1059953e+02   2.8715703e+02
   2.0710660e+02   2.0286584e+02
   2.2203779e+02   1.9437145e+02
   2.3897055e+02   1.9757934e+02
   2.5235375e+02   2.0848752e+02
   2.3666020e+02   2.0963519e+02
   2.2096364e+02   2.0941322e+02
   3.0791663e+02   2.1315057e+02
   3.2188976e+02   2.0256969e+02
   3.3934060e+02   2.0099953e+02
   3.5354544e+02   2.1046606e+02
   3.3911444e+02   2.1635403e+02
   3.2346201e+02   2.1456357e+02
   2.3413547e+02   3.3397074e+02
   2.4809055e+02   3.2352644e+02
   2.6445740e+02   3.1734676e+02
   2.8139160e+02   3.2029152e+02
   2.9726593e+02   3.1723631e+02
   3.1245942e+02   3.2293932e+02
   3.2391092e+02   3.3436951e+02
   3.1201843e+02   3.4570096e+02
   2.9764352e+02   3.5364394e+02
   2.8150154e+02   3.5505016e+02
   2.6347645e+02   3.5381437e+02
   2.4725972e+02   3.4611115e+02
   2.4293869e+02   3.3448640e+02
   2.6167589e+02   3.2678475e+02
   2.8156191e+02   3.2952403e+02
   3.0053006e+02   3.2691677e+02
   3.1791367e+02   3.3422200e+02
   2.9968621e+02   3.3786858e+02
   2.8152485e+02   3.4137941e+02
   2.6210977e+02   3.3826203e+02
