   1.6047185e+02   2.0782873e+02
   1.6270419e+02   2.4048170e+02
   1.6509564e+02   2.7305701e+02
   1.7163160e+02   3.0504141e+02
   1.8314794e+02   3.3538229e+02
   1.9877728e+02   3.6395954e+02
   2.2067739e+02   3.8814515e+02
   2.4960023e+02   4.0241223e+02
   2.8165068e+02   4.0721298e+02
   3.1103500e+02   4.0275986e+02
   3.3669178e+02   3.8830193e+02
   3.5600540e+02   3.6570913e+02
   3.7241522e+02   3.4087334e+02
   3.8420511e+02   3.1371580e+02
   3.9092219e+02   2.8469482e+02
   3.9510118e+02   2.5520554e+02
   3.9842615e+02   2.2577109e+02
   1.8606926e+02   1.7669263e+02
   1.9845845e+02   1.6456556e+02
   2.1553419e+02   1.6094768e+02
   2.3264949e+02   1.6423899e+02
   2.4967437e+02   1.6836414e+02
   3.1335198e+02   1.7610481e+02
   3.3021722e+02   1.7380172e+02
   3.4718723e+02   1.7447420e+02
   3.6384269e+02   1.7745592e+02
   3.7512739e+02   1.8930105e+02
   2.8338650e+02   1.9748743e+02
   2.8283572e+02   2.2332436e+02
   2.8291638e+02   2.4880398e+02
   2.8285625e+02   2.7429501e+02
   2.5152283e+02   2.8641238e+02
   2.6658653e+02   2.9306915e+02
   2.8234355e+02   2.9703398e+02
   2.9682521e+02   2.9397288e+02
   3.0984081e+02   2.8709300e+02
   2.0668370e+02   2.0292217e+02
   2.2167767e+02   1.9435838e+02
   2.3871806e+02   1.9753119e+02
   2.5209731e+02   2.0857434e+02
   2.3625009e+02   2.0969295e+02
   2.2041183e+02   2.0991419e+02
   3.0743870e+02   2.1319813e+02
   3.2147133e+02   2.0272188e+02
   3.3892165e+02   2.0116894e+02
   3.5311559e+02   2.1064824e+02
   3.3860898e+02   2.1634290e+02
   3.2297615e+02   2.1470821e+02
   2.3260242e+02   3.3307464e+02
   2.4742400e+02   3.2356369e+02
   2.6396831e+02   3.1736698e+02
   2.8100005e+02   3.2030280e+02
   2.9662464e+02   3.1724185e+02
   3.1166012e+02   3.2273527e+02
   3.2350907e+02   3.3340455e+02
   3.1098739e+02   3.4359030e+02
   2.9675034e+02   3.5113809e+02
   2.8091555e+02   3.5256805e+02
   2.6291335e+02   3.5130894e+02
   2.4639409e+02   3.4434848e+02
   2.4237190e+02   3.3341672e+02
   2.6139117e+02   3.2687632e+02
   2.8113149e+02   3.2958209e+02
   2.9979166e+02   3.2700194e+02
   3.1721857e+02   3.3317238e+02
   2.9901318e+02   3.3546980e+02
   2.8097903e+02   3.3870757e+02
   2.6157710e+02   3.3607259e+02
