   1.6033391e+02   2.0889568e+02
   1.6294857e+02   2.4094534e+02
   1.6534907e+02   2.7306148e+02
   1.7221170e+02   3.0414747e+02
   1.8260702e+02   3.3458276e+02
   1.9890162e+02   3.6207570e+02
   2.2203012e+02   3.8415210e+02
   2.5026241e+02   3.9906045e+02
   2.8160780e+02   4.0216469e+02
   3.1033604e+02   3.9831161e+02
   3.3538879e+02   3.8334026e+02
   3.5626199e+02   3.6285198e+02
   3.7349050e+02   3.3944714e+02
   3.8467091e+02   3.1261505e+02
   3.9069294e+02   2.8383455e+02
   3.9557487e+02   2.5511927e+02
   3.9893031e+02   2.2621836e+02
   1.8558764e+02   1.7719901e+02
   1.9779307e+02   1.6443215e+02
   2.1507841e+02   1.6067727e+02
   2.3261708e+02   1.6432660e+02
   2.5006486e+02   1.6770911e+02
   3.1457406e+02   1.7484182e+02
   3.3161290e+02   1.7346782e+02
   3.4872699e+02   1.7361135e+02
   3.6535759e+02   1.7680567e+02
   3.7560405e+02   1.8949307e+02
   2.8361557e+02   1.9734589e+02
   2.8311833e+02   2.2320442e+02
   2.8325228e+02   2.4870403e+02
   2.8324536e+02   2.7421536e+02
   2.5191247e+02   2.8640777e+02
   2.6700199e+02   2.9303835e+02
   2.8277977e+02   2.9697339e+02
   2.9721633e+02   2.9389634e+02
   3.1010476e+02   2.8683664e+02
   2.0678246e+02   2.0302039e+02
   2.2202859e+02   1.9402704e+02
   2.3960763e+02   1.9693013e+02
   2.5305944e+02   2.0852087e+02
   2.3682509e+02   2.0960458e+02
   2.2077930e+02   2.1024925e+02
   3.0748528e+02   2.1260616e+02
   3.2174146e+02   2.0250492e+02
   3.3920235e+02   2.0091430e+02
   3.5342732e+02   2.1037144e+02
   3.3859067e+02   2.1527982e+02
   3.2301695e+02   2.1446262e+02
   2.3277904e+02   3.3067723e+02
   2.4852239e+02   3.2269663e+02
   2.6514350e+02   3.1699190e+02
   2.8211439e+02   3.1985960e+02
   2.9708442e+02   3.1671377e+02
   3.1181536e+02   3.2170075e+02
   3.2463084e+02   3.3020239e+02
   3.1157200e+02   3.3870174e+02
   2.9754912e+02   3.4491701e+02
   2.8225585e+02   3.4580663e+02
   2.6455474e+02   3.4561303e+02
   2.4792177e+02   3.3957178e+02
   2.4391478e+02   3.3040264e+02
   2.6279286e+02   3.2686377e+02
   2.8178423e+02   3.2901267e+02
   2.9958149e+02   3.2681964e+02
   3.1695548e+02   3.3020203e+02
   2.9931896e+02   3.2954194e+02
   2.8178505e+02   3.3129317e+02
   2.6277240e+02   3.2976889e+02
