   1.7213153e+02   1.8885412e+02
   1.7465740e+02   2.2289284e+02
   1.8100669e+02   2.5598184e+02
   1.8716226e+02   2.8942525e+02
   1.9874757e+02   3.2134980e+02
   2.1826199e+02   3.4866601e+02
   2.4342355e+02   3.7129349e+02
   2.7296412e+02   3.8814195e+02
   3.0567681e+02   3.9526093e+02
   3.3757370e+02   3.8768253e+02
   3.6478118e+02   3.6929487e+02
   3.8720034e+02   3.4512849e+02
   4.0595428e+02   3.1813120e+02
   4.1599734e+02   2.8689250e+02
   4.2152912e+02   2.5421687e+02
   4.2508682e+02   2.2145724e+02
   4.2749948e+02   1.8878915e+02
   2.0258101e+02   1.6562075e+02
   2.2046833e+02   1.6042694e+02
   2.3849181e+02   1.5657174e+02
   2.5693322e+02   1.5539651e+02
   2.7521606e+02   1.5480960e+02
   3.2454546e+02   1.5478537e+02
   3.4333266e+02   1.5557386e+02
   3.6209083e+02   1.5692284e+02
   3.8067931e+02   1.5820580e+02
   3.9896606e+02   1.6157116e+02
   2.9608490e+02   1.7857058e+02
   2.9514967e+02   2.0022312e+02
   2.9436046e+02   2.2193046e+02
   2.9377138e+02   2.4334516e+02
   2.7015989e+02   2.5423434e+02
   2.8225639e+02   2.6023363e+02
   2.9539744e+02   2.6330109e+02
   3.1011751e+02   2.6028590e+02
   3.2465235e+02   2.5648442e+02
   2.2525481e+02   1.8604460e+02
   2.4011183e+02   1.7738876e+02
   2.5710682e+02   1.7641337e+02
   2.7092280e+02   1.8603299e+02
   2.5570053e+02   1.8984250e+02
   2.4006988e+02   1.9074812e+02
   3.2684255e+02   1.8508676e+02
   3.4152943e+02   1.7508758e+02
   3.5933790e+02   1.7536799e+02
   3.7385940e+02   1.8526448e+02
   3.5841283e+02   1.8883893e+02
   3.4262808e+02   1.8707325e+02
   2.5492225e+02   3.0499137e+02
   2.6582733e+02   2.9080400e+02
   2.8246293e+02   2.8410957e+02
   2.9986247e+02   2.8697771e+02
   3.1787762e+02   2.8423751e+02
   3.3537587e+02   2.8935628e+02
   3.4798952e+02   3.0222806e+02
   3.3568625e+02   3.1837412e+02
   3.2088791e+02   3.3190555e+02
   3.0179759e+02   3.3740335e+02
   2.8245542e+02   3.3268524e+02
   2.6631872e+02   3.2118524e+02
   2.6623885e+02   3.0645356e+02
   2.7755546e+02   2.9834765e+02
   3.0079325e+02   2.9774495e+02
   3.2472105e+02   2.9705687e+02
   3.3635529e+02   3.0603337e+02
   3.2563157e+02   3.1500986e+02
   3.0078245e+02   3.1822493e+02
   2.7694374e+02   3.1455948e+02
