   2.4247044e+02   2.5295387e+02
   2.4463973e+02   2.8074972e+02
   2.4928241e+02   3.0820076e+02
   2.5193981e+02   3.3601527e+02
   2.6280965e+02   3.6154135e+02
   2.8079766e+02   3.8275887e+02
   3.0362637e+02   3.9846238e+02
   3.2889975e+02   4.1013633e+02
   3.5621209e+02   4.1348191e+02
   3.8178174e+02   4.1032801e+02
   4.0498805e+02   3.9897727e+02
   4.2564911e+02   3.8351145e+02
   4.4214318e+02   3.6373242e+02
   4.5098076e+02   3.3960526e+02
   4.5520494e+02   3.1413012e+02
   4.6143862e+02   2.8892823e+02
   4.6837668e+02   2.6412960e+02
   2.6949361e+02   2.0633114e+02
   2.8490043e+02   1.9827271e+02
   3.0184110e+02   1.9477759e+02
   3.1897281e+02   1.9719280e+02
   3.3582329e+02   2.0099423e+02
   3.8370886e+02   2.0839612e+02
   4.0134582e+02   2.0459403e+02
   4.1940785e+02   2.0387275e+02
   4.3699505e+02   2.0758226e+02
   4.5367314e+02   2.1423527e+02
   3.6282626e+02   2.3815564e+02
   3.6270381e+02   2.5560868e+02
   3.6238452e+02   2.7304866e+02
   3.6278459e+02   2.9042711e+02
   3.4006132e+02   3.0232051e+02
   3.5030120e+02   3.0362484e+02
   3.6041317e+02   3.0473549e+02
   3.7101487e+02   3.0401451e+02
   3.8148744e+02   3.0214941e+02
   2.9142310e+02   2.3917003e+02
   3.0268755e+02   2.2629397e+02
   3.2022946e+02   2.2658514e+02
   3.3230406e+02   2.3866437e+02
   3.1852609e+02   2.4194595e+02
   3.0455973e+02   2.4332967e+02
   3.9240591e+02   2.4285741e+02
   4.0450440e+02   2.3111182e+02
   4.2181449e+02   2.3393252e+02
   4.3166796e+02   2.4785015e+02
   4.1833857e+02   2.4735548e+02
   4.0550165e+02   2.4390189e+02
   3.1397892e+02   3.3423743e+02
   3.2932028e+02   3.3158024e+02
   3.4438107e+02   3.2786504e+02
   3.5954871e+02   3.2961901e+02
   3.7313273e+02   3.2756152e+02
   3.8579944e+02   3.3343222e+02
   3.9840369e+02   3.3922756e+02
   3.8615742e+02   3.5022155e+02
   3.7195106e+02   3.5819662e+02
   3.5597495e+02   3.5891921e+02
   3.3939337e+02   3.5666702e+02
   3.2608863e+02   3.4617460e+02
   3.3036906e+02   3.3933272e+02
   3.4448880e+02   3.3760682e+02
   3.5851109e+02   3.3785118e+02
   3.7113362e+02   3.3806460e+02
   3.8337617e+02   3.4019052e+02
   3.7057937e+02   3.3989479e+02
   3.5846484e+02   3.3943547e+02
   3.4470461e+02   3.3881793e+02
