   2.4264784e+02   2.5533954e+02
   2.4497484e+02   2.8298437e+02
   2.4976086e+02   3.1027109e+02
   2.5206840e+02   3.3798272e+02
   2.6341394e+02   3.6307077e+02
   2.8145483e+02   3.8416496e+02
   3.0438229e+02   3.9975559e+02
   3.2960105e+02   4.1121845e+02
   3.5679865e+02   4.1480176e+02
   3.8245951e+02   4.1229618e+02
   4.0548963e+02   4.0065976e+02
   4.2602774e+02   3.8481720e+02
   4.4194811e+02   3.6441283e+02
   4.5200511e+02   3.4067656e+02
   4.5934713e+02   3.1595296e+02
   4.6286689e+02   2.9040291e+02
   4.6750118e+02   2.6509068e+02
   2.6925439e+02   2.0878432e+02
   2.8478776e+02   2.0057675e+02
   3.0196678e+02   1.9707671e+02
   3.1929467e+02   1.9959617e+02
   3.3627128e+02   2.0386015e+02
   3.8407373e+02   2.1079980e+02
   4.0141970e+02   2.0610549e+02
   4.1931427e+02   2.0549370e+02
   4.3672586e+02   2.0926998e+02
   4.5343110e+02   2.1552855e+02
   3.6279206e+02   2.3950009e+02
   3.6288690e+02   2.5712304e+02
   3.6245128e+02   2.7471825e+02
   3.6306288e+02   2.9230751e+02
   3.3887426e+02   3.0068639e+02
   3.4919062e+02   3.0465108e+02
   3.6031934e+02   3.0614947e+02
   3.7286819e+02   3.0549792e+02
   3.8451796e+02   3.0143705e+02
   2.9197627e+02   2.3773333e+02
   3.0372030e+02   2.2556576e+02
   3.2097963e+02   2.2699563e+02
   3.3255308e+02   2.3944978e+02
   3.1885188e+02   2.4045653e+02
   3.0515401e+02   2.4131629e+02
   3.9222142e+02   2.4166470e+02
   4.0443342e+02   2.3085346e+02
   4.2082536e+02   2.3278495e+02
   4.3144712e+02   2.4502782e+02
   4.1834437e+02   2.4377019e+02
   4.0523802e+02   2.4297568e+02
   3.0344357e+02   3.2691429e+02
   3.2170049e+02   3.2178625e+02
   3.4069885e+02   3.2074032e+02
   3.5961048e+02   3.2173361e+02
   3.7664236e+02   3.2194178e+02
   3.9326984e+02   3.2556610e+02
   4.0884221e+02   3.3213367e+02
   3.9596068e+02   3.4825491e+02
   3.7842627e+02   3.5921196e+02
   3.5818312e+02   3.6171677e+02
   3.3539558e+02   3.5898289e+02
   3.1658461e+02   3.4573836e+02
   3.1104355e+02   3.2988038e+02
   3.3486530e+02   3.2722870e+02
   3.5835342e+02   3.2917527e+02
   3.7941824e+02   3.2932908e+02
   3.9966196e+02   3.3441255e+02
   3.8131738e+02   3.4715090e+02
   3.5884188e+02   3.4981883e+02
   3.3214005e+02   3.4529750e+02
