   2.4193484e+02   2.5336376e+02
   2.4416082e+02   2.8112212e+02
   2.4885652e+02   3.0853079e+02
   2.5148273e+02   3.3631504e+02
   2.6245916e+02   3.6174575e+02
   2.8035812e+02   3.8281411e+02
   3.0332861e+02   3.9856982e+02
   3.2859698e+02   4.1017609e+02
   3.5587835e+02   4.1266517e+02
   3.8112522e+02   4.0791433e+02
   4.0424989e+02   3.9686692e+02
   4.2488536e+02   3.8179058e+02
   4.4203399e+02   3.6292462e+02
   4.5072824e+02   3.3897341e+02
   4.5475939e+02   3.1362281e+02
   4.6112681e+02   2.8879843e+02
   4.6759774e+02   2.6404473e+02
   2.6882667e+02   2.0673857e+02
   2.8372280e+02   1.9884089e+02
   2.9998506e+02   1.9516569e+02
   3.1659483e+02   1.9712834e+02
   3.3307343e+02   1.9978758e+02
   3.8071249e+02   2.0733588e+02
   3.9867133e+02   2.0502002e+02
   4.1684695e+02   2.0385273e+02
   4.3462873e+02   2.0715628e+02
   4.5117274e+02   2.1425926e+02
   3.6122243e+02   2.3906080e+02
   3.6092449e+02   2.5601092e+02
   3.6106301e+02   2.7297462e+02
   3.6129141e+02   2.8976644e+02
   3.3880935e+02   2.9996578e+02
   3.4904640e+02   3.0359352e+02
   3.5984847e+02   3.0483273e+02
   3.7015956e+02   3.0317244e+02
   3.8033089e+02   3.0096670e+02
   2.8937601e+02   2.4068481e+02
   3.0211551e+02   2.3144997e+02
   3.1802432e+02   2.3016454e+02
   3.3094982e+02   2.3873132e+02
   3.1697651e+02   2.4059260e+02
   3.0301021e+02   2.4244150e+02
   3.9086935e+02   2.4163563e+02
   4.0401548e+02   2.3424780e+02
   4.1959660e+02   2.3669378e+02
   4.3041838e+02   2.4743365e+02
   4.1698619e+02   2.4636036e+02
   4.0413699e+02   2.4258766e+02
   3.1307575e+02   3.3505462e+02
   3.2807203e+02   3.3030233e+02
   3.4314387e+02   3.2610070e+02
   3.5843021e+02   3.2841148e+02
   3.7203928e+02   3.2602599e+02
   3.8471028e+02   3.3230342e+02
   3.9700405e+02   3.3908697e+02
   3.8581070e+02   3.4963513e+02
   3.7216944e+02   3.5671051e+02
   3.5712711e+02   3.5854566e+02
   3.4023867e+02   3.5597146e+02
   3.2608780e+02   3.4630796e+02
   3.3260897e+02   3.3808540e+02
   3.4578189e+02   3.3742914e+02
   3.5884083e+02   3.3853543e+02
   3.7009251e+02   3.3829016e+02
   3.8111864e+02   3.3920570e+02
   3.7014464e+02   3.3941559e+02
   3.5945330e+02   3.3957879e+02
   3.4606963e+02   3.3828398e+02
