   2.1641287e+02   2.4135663e+02
   2.1596701e+02   2.6984058e+02
   2.1903841e+02   2.9784770e+02
   2.2879319e+02   3.2437427e+02
   2.4112125e+02   3.4985747e+02
   2.5715155e+02   3.7295112e+02
   2.7834475e+02   3.9139663e+02
   3.0501861e+02   4.0076475e+02
   3.3278806e+02   4.0580719e+02
   3.6094804e+02   3.9776064e+02
   3.8597876e+02   3.8334842e+02
   4.0933331e+02   3.6601890e+02
   4.2901125e+02   3.4457517e+02
   4.3975378e+02   3.1778833e+02
   4.4505132e+02   2.8917045e+02
   4.4451556e+02   2.6004554e+02
   4.4008681e+02   2.3150190e+02
   2.2844925e+02   2.0115358e+02
   2.4389677e+02   1.9327166e+02
   2.6085329e+02   1.9080448e+02
   2.7785543e+02   1.9302943e+02
   2.9463629e+02   1.9604569e+02
   3.4491998e+02   1.9607412e+02
   3.6124378e+02   1.8850647e+02
   3.7844004e+02   1.8424604e+02
   3.9634351e+02   1.8473004e+02
   4.1274069e+02   1.9118508e+02
   3.2104494e+02   2.1791978e+02
   3.2115607e+02   2.3022962e+02
   3.2186167e+02   2.4238360e+02
   3.2197340e+02   2.5449052e+02
   2.9826329e+02   2.7896904e+02
   3.0996136e+02   2.8441887e+02
   3.2255934e+02   2.8552118e+02
   3.3679832e+02   2.8395425e+02
   3.4907977e+02   2.7720070e+02
   2.5281190e+02   2.2754878e+02
   2.6555534e+02   2.1819580e+02
   2.8132892e+02   2.1749097e+02
   2.9507950e+02   2.2527545e+02
   2.8086866e+02   2.2622735e+02
   2.6696613e+02   2.2802575e+02
   3.5047051e+02   2.2297738e+02
   3.6498986e+02   2.1336646e+02
   3.8215968e+02   2.1218599e+02
   3.9768843e+02   2.1917678e+02
   3.8225430e+02   2.2311036e+02
   3.6631477e+02   2.2246559e+02
   2.8778085e+02   3.2206324e+02
   2.9577347e+02   3.0875194e+02
   3.0979278e+02   3.0216661e+02
   3.2531200e+02   3.0185779e+02
   3.4230555e+02   3.0106246e+02
   3.5821564e+02   3.0659985e+02
   3.6982988e+02   3.1888273e+02
   3.5699125e+02   3.2580960e+02
   3.4176016e+02   3.2485485e+02
   3.2689878e+02   3.2295945e+02
   3.1329206e+02   3.2635115e+02
   2.9940228e+02   3.2876327e+02
   2.9687911e+02   3.1588331e+02
   3.0597737e+02   3.1561633e+02
   3.2495215e+02   3.1369548e+02
   3.4776405e+02   3.1318342e+02
   3.5879696e+02   3.1338043e+02
   3.4760523e+02   3.1357744e+02
   3.2491429e+02   3.1404002e+02
   3.0578283e+02   3.1615029e+02
