   1.9529713e+02   2.2808168e+02
   1.9995793e+02   2.5625879e+02
   2.0420244e+02   2.8457066e+02
   2.0879757e+02   3.1266016e+02
   2.1820326e+02   3.3963935e+02
   2.3408885e+02   3.6320193e+02
   2.5813122e+02   3.7874387e+02
   2.8349445e+02   3.9148773e+02
   3.1143863e+02   3.9433378e+02
   3.3872977e+02   3.8965741e+02
   3.6420444e+02   3.7980309e+02
   3.8581946e+02   3.6280881e+02
   4.0185921e+02   3.4091639e+02
   4.1011016e+02   3.1464518e+02
   4.1473190e+02   2.8764838e+02
   4.1818391e+02   2.6025574e+02
   4.1963589e+02   2.3299577e+02
   2.1324323e+02   1.6989097e+02
   2.2430650e+02   1.5823081e+02
   2.3974051e+02   1.5294101e+02
   2.5603527e+02   1.5165533e+02
   2.7156778e+02   1.5572578e+02
   3.3402337e+02   1.5746718e+02
   3.5022393e+02   1.5186302e+02
   3.6738140e+02   1.5086527e+02
   3.8413927e+02   1.5436810e+02
   3.9648168e+02   1.6568974e+02
   3.0604727e+02   1.8310898e+02
   3.0576545e+02   2.0188418e+02
   3.0552420e+02   2.2074532e+02
   3.0518708e+02   2.3937763e+02
   2.8274466e+02   2.6720797e+02
   2.9370121e+02   2.6892105e+02
   3.0461085e+02   2.7031071e+02
   3.1575105e+02   2.6953851e+02
   3.2672173e+02   2.6759989e+02
   2.3240312e+02   1.9610219e+02
   2.4448804e+02   1.8635019e+02
   2.6009346e+02   1.8624503e+02
   2.7364603e+02   1.9402271e+02
   2.6020434e+02   2.0055253e+02
   2.4535758e+02   2.0261932e+02
   3.4140254e+02   1.9134290e+02
   3.5448427e+02   1.8393330e+02
   3.6948383e+02   1.8450298e+02
   3.7999641e+02   1.9486190e+02
   3.6718818e+02   2.0020326e+02
   3.5341600e+02   1.9839520e+02
   2.6361234e+02   3.1411284e+02
   2.7360175e+02   2.9959255e+02
   2.8950072e+02   2.9189582e+02
   3.0661749e+02   2.9442551e+02
   3.2344341e+02   2.9060976e+02
   3.3915823e+02   2.9855897e+02
   3.5068669e+02   3.1198074e+02
   3.4034571e+02   3.2657162e+02
   3.2561204e+02   3.3649252e+02
   3.0829779e+02   3.4099800e+02
   2.8967826e+02   3.3904246e+02
   2.7362361e+02   3.2965323e+02
   2.7470980e+02   3.1212706e+02
   2.8929704e+02   3.0459428e+02
   3.0572294e+02   3.0440359e+02
   3.2279739e+02   3.0397428e+02
   3.3778686e+02   3.1174617e+02
   3.2260894e+02   3.1953461e+02
   3.0601070e+02   3.2332225e+02
   2.8914651e+02   3.2050339e+02
