   1.9637238e+02   2.2832171e+02
   2.0101334e+02   2.5661727e+02
   2.0519659e+02   2.8478840e+02
   2.0978291e+02   3.1299930e+02
   2.1883737e+02   3.3991394e+02
   2.3495953e+02   3.6341209e+02
   2.5896556e+02   3.7897655e+02
   2.8429729e+02   3.9174697e+02
   3.1222073e+02   3.9462874e+02
   3.3950160e+02   3.8999178e+02
   3.6497404e+02   3.8017756e+02
   3.8659875e+02   3.6322255e+02
   4.0265812e+02   3.4136489e+02
   4.1093928e+02   3.1512065e+02
   4.1559440e+02   2.8814640e+02
   4.1908103e+02   2.6077497e+02
   4.2056866e+02   2.3353346e+02
   2.1438559e+02   1.7019029e+02
   2.2545779e+02   1.5855203e+02
   2.4088953e+02   1.5328611e+02
   2.5717614e+02   1.5202305e+02
   2.7269379e+02   1.5611185e+02
   3.3510922e+02   1.5793589e+02
   3.5130748e+02   1.5235683e+02
   3.6845588e+02   1.5138268e+02
   3.8519891e+02   1.5490585e+02
   3.9751868e+02   1.6623717e+02
   3.0711571e+02   1.8352466e+02
   3.0680889e+02   2.0228812e+02
   3.0654251e+02   2.2113751e+02
   3.0618062e+02   2.3975808e+02
   2.8418363e+02   2.6768330e+02
   2.9489424e+02   2.6930074e+02
   3.0556329e+02   2.7067165e+02
   3.1663866e+02   2.6992198e+02
   3.2757197e+02   2.6797523e+02
   2.3349875e+02   1.9641132e+02
   2.4558941e+02   1.8668142e+02
   2.6118552e+02   1.8659724e+02
   2.7471946e+02   1.9438836e+02
   2.6127717e+02   2.0089622e+02
   2.4643662e+02   2.0294186e+02
   3.4243852e+02   1.9180098e+02
   3.5552226e+02   1.8441340e+02
   3.7051197e+02   1.8500284e+02
   3.8100429e+02   1.9536957e+02
   3.6819667e+02   2.0069053e+02
   3.5443525e+02   1.9886510e+02
   2.6484603e+02   3.1456884e+02
   2.7601931e+02   3.0145857e+02
   2.9110333e+02   2.9318250e+02
   3.0743530e+02   2.9673698e+02
   3.2340551e+02   2.9203877e+02
   3.3863595e+02   2.9970013e+02
   3.5073625e+02   3.1183284e+02
   3.3956495e+02   3.2525267e+02
   3.2544817e+02   3.3551757e+02
   3.0847859e+02   3.3886332e+02
   2.9098025e+02   3.3651904e+02
   2.7565739e+02   3.2802972e+02
   2.7621836e+02   3.1337829e+02
   2.9089494e+02   3.0584094e+02
   3.0719434e+02   3.0618772e+02
   3.2363448e+02   3.0535894e+02
   3.3850098e+02   3.1203256e+02
   3.2325187e+02   3.1811529e+02
   3.0751956e+02   3.2247016e+02
   2.9120497e+02   3.1948054e+02
