   1.9487924e+02   2.2825351e+02
   1.9958132e+02   2.5640213e+02
   2.0386984e+02   2.8470052e+02
   2.0850553e+02   3.1276151e+02
   2.1797971e+02   3.3974358e+02
   2.3386636e+02   3.6324560e+02
   2.5792199e+02   3.7874185e+02
   2.8329253e+02   3.9143903e+02
   3.1122746e+02   3.9423932e+02
   3.3849773e+02   3.8952192e+02
   3.6394420e+02   3.7963201e+02
   3.8552159e+02   3.6261180e+02
   4.0151868e+02   3.4070470e+02
   4.0972386e+02   3.1443333e+02
   4.1430046e+02   2.8744249e+02
   4.1770728e+02   2.6005787e+02
   4.1911527e+02   2.3280902e+02
   2.1272411e+02   1.7006298e+02
   2.2376342e+02   1.5839100e+02
   2.3918143e+02   1.5307930e+02
   2.5546611e+02   1.5176839e+02
   2.7099743e+02   1.5581218e+02
   3.3342502e+02   1.5745356e+02
   3.4960871e+02   1.5182644e+02
   3.6675613e+02   1.5080194e+02
   3.8351131e+02   1.5427645e+02
   3.9586562e+02   1.6557291e+02
   3.0550342e+02   1.8312714e+02
   3.0525154e+02   2.0189354e+02
   3.0504035e+02   2.2074577e+02
   3.0473298e+02   2.3936944e+02
   2.8213208e+02   2.6715781e+02
   2.9319398e+02   2.6890206e+02
   3.0420615e+02   2.7028819e+02
   3.1536653e+02   2.6949535e+02
   3.2634392e+02   2.6755115e+02
   2.3191617e+02   1.9623087e+02
   2.4397965e+02   1.8646449e+02
   2.5957722e+02   1.8633460e+02
   2.7313546e+02   1.9408693e+02
   2.5971077e+02   2.0063488e+02
   2.4487459e+02   2.0272422e+02
   3.4085434e+02   1.9130088e+02
   3.5391786e+02   1.8387416e+02
   3.6891094e+02   1.8441974e+02
   3.7943478e+02   1.9475687e+02
   3.6664134e+02   2.0011593e+02
   3.5287307e+02   1.9833063e+02
   2.6334264e+02   3.1394524e+02
   2.7309260e+02   2.9920246e+02
   2.8911359e+02   2.9167367e+02
   3.0632191e+02   2.9403525e+02
   3.2320112e+02   2.9028762e+02
   3.3895868e+02   2.9825052e+02
   3.5034678e+02   3.1184224e+02
   3.4002732e+02   3.2626041e+02
   3.2522500e+02   3.3585564e+02
   3.0801216e+02   3.4048518e+02
   2.8942270e+02   3.3867369e+02
   2.7334405e+02   3.2942482e+02
   2.7419591e+02   3.1180519e+02
   2.8884680e+02   3.0460621e+02
   3.0524951e+02   3.0435534e+02
   3.2239039e+02   3.0393729e+02
   3.3747812e+02   3.1147687e+02
   3.2225774e+02   3.1898549e+02
   3.0553018e+02   3.2246579e+02
   2.8861100e+02   3.1985645e+02
