   1.8999181e+02   2.0922449e+02
   1.9385018e+02   2.3885170e+02
   1.9983239e+02   2.6801591e+02
   2.0821847e+02   2.9652215e+02
   2.1843038e+02   3.2472188e+02
   2.3366331e+02   3.4999865e+02
   2.5581804e+02   3.6989698e+02
   2.8220213e+02   3.8342506e+02
   3.1140983e+02   3.8734965e+02
   3.4223386e+02   3.8407948e+02
   3.6893383e+02   3.6900041e+02
   3.8865359e+02   3.4539961e+02
   4.0705729e+02   3.2034241e+02
   4.1694362e+02   2.9109909e+02
   4.1892436e+02   2.6025478e+02
   4.1997657e+02   2.2927514e+02
   4.1996329e+02   1.9861167e+02
   2.0925822e+02   1.9125611e+02
   2.2059868e+02   1.7559818e+02
   2.3789333e+02   1.6691571e+02
   2.5721509e+02   1.6803173e+02
   2.7583397e+02   1.7326723e+02
   3.3365481e+02   1.6929973e+02
   3.4967552e+02   1.6081111e+02
   3.6725250e+02   1.5682378e+02
   3.8501682e+02   1.5864141e+02
   3.9867669e+02   1.6987420e+02
   3.0738474e+02   1.9909849e+02
   3.0744618e+02   2.1671605e+02
   3.0865752e+02   2.3421508e+02
   3.0872166e+02   2.5166387e+02
   2.8321496e+02   2.6171010e+02
   2.9563258e+02   2.6619023e+02
   3.0862725e+02   2.6690257e+02
   3.2429735e+02   2.6483081e+02
   3.3820302e+02   2.5792441e+02
   2.3248111e+02   2.0570168e+02
   2.4455035e+02   1.9278268e+02
   2.6259581e+02   1.9225885e+02
   2.7743807e+02   2.0209365e+02
   2.6272317e+02   2.0607652e+02
   2.4751041e+02   2.0647280e+02
   3.3843828e+02   1.9793991e+02
   3.5006465e+02   1.8646502e+02
   3.6665857e+02   1.8661554e+02
   3.8072058e+02   1.9526598e+02
   3.6701354e+02   1.9969807e+02
   3.5271356e+02   1.9952672e+02
   2.5791983e+02   2.8943145e+02
   2.7556025e+02   2.8331464e+02
   2.9390795e+02   2.8028819e+02
   3.1231185e+02   2.8050610e+02
   3.3100338e+02   2.7891315e+02
   3.4958318e+02   2.8063465e+02
   3.6793235e+02   2.8311873e+02
   3.5456082e+02   3.0475829e+02
   3.3666706e+02   3.2276709e+02
   3.1238992e+02   3.2698315e+02
   2.8930286e+02   3.2354074e+02
   2.7097523e+02   3.0896803e+02
   2.6819978e+02   2.9211314e+02
   2.8994299e+02   2.9302312e+02
   3.1157333e+02   2.9381372e+02
   3.3458814e+02   2.9034807e+02
   3.5766651e+02   2.8897819e+02
   3.3807302e+02   3.0671034e+02
   3.1200851e+02   3.1114192e+02
   2.8734525e+02   3.0734065e+02
