   1.9047577e+02   2.0850965e+02
   1.9431506e+02   2.3808134e+02
   2.0028479e+02   2.6723266e+02
   2.0864601e+02   2.9568695e+02
   2.1884864e+02   3.2387328e+02
   2.3406175e+02   3.4909518e+02
   2.5618250e+02   3.6894732e+02
   2.8252040e+02   3.8243775e+02
   3.1173373e+02   3.8617732e+02
   3.4252434e+02   3.8303530e+02
   3.6914131e+02   3.6793087e+02
   3.8878306e+02   3.4439376e+02
   4.0736079e+02   3.1948149e+02
   4.1731966e+02   2.9032421e+02
   4.1905937e+02   2.5953315e+02
   4.2000988e+02   2.2861212e+02
   4.2000868e+02   1.9800767e+02
   2.0971214e+02   1.9058343e+02
   2.2103278e+02   1.7496373e+02
   2.3830170e+02   1.6630115e+02
   2.5758582e+02   1.6742262e+02
   2.7616680e+02   1.7265536e+02
   3.3387788e+02   1.6871824e+02
   3.4972345e+02   1.5995903e+02
   3.6727624e+02   1.5602612e+02
   3.8502432e+02   1.5788028e+02
   3.9887642e+02   1.6891179e+02
   3.0764667e+02   1.9844930e+02
   3.0770107e+02   2.1603297e+02
   3.0890320e+02   2.3349878e+02
   3.0896035e+02   2.5091400e+02
   2.8290375e+02   2.6034997e+02
   2.9546189e+02   2.6529598e+02
   3.0869901e+02   2.6596448e+02
   3.2496100e+02   2.6387458e+02
   3.3926584e+02   2.5647430e+02
   2.3288464e+02   2.0501033e+02
   2.4491984e+02   1.9234241e+02
   2.6277298e+02   1.9181316e+02
   2.7780116e+02   2.0112487e+02
   2.6308944e+02   2.0490847e+02
   2.4792539e+02   2.0524401e+02
   3.3921412e+02   1.9687976e+02
   3.5092904e+02   1.8575270e+02
   3.6730548e+02   1.8591621e+02
   3.8130381e+02   1.9424276e+02
   3.6765909e+02   1.9873051e+02
   3.5343728e+02   1.9858748e+02
   2.5676838e+02   2.8659186e+02
   2.7486273e+02   2.8054128e+02
   2.9373492e+02   2.7796325e+02
   3.1255625e+02   2.7787308e+02
   3.3165257e+02   2.7672852e+02
   3.5056217e+02   2.7792864e+02
   3.6925470e+02   2.8014254e+02
   3.5582299e+02   3.0287181e+02
   3.3768744e+02   3.2204477e+02
   3.1258544e+02   3.2657537e+02
   2.8864986e+02   3.2284181e+02
   2.6996884e+02   3.0718263e+02
   2.6604235e+02   2.8953480e+02
   2.8893619e+02   2.9036640e+02
   3.1172155e+02   2.9120255e+02
   3.3622661e+02   2.8728346e+02
   3.6085802e+02   2.8606892e+02
   3.4024958e+02   3.0616500e+02
   3.1215066e+02   3.1117688e+02
   2.8591516e+02   3.0685530e+02
