   1.9353336e+02   1.9471826e+02
   1.9697969e+02   2.2425169e+02
   1.9904062e+02   2.5369884e+02
   2.0125161e+02   2.8287008e+02
   2.1353339e+02   3.0957320e+02
   2.3214149e+02   3.3259983e+02
   2.5560889e+02   3.5023946e+02
   2.8133299e+02   3.6492910e+02
   3.0952525e+02   3.7194844e+02
   3.3524466e+02   3.6247285e+02
   3.5714365e+02   3.4614268e+02
   3.7814775e+02   3.2834352e+02
   3.9391533e+02   3.0586362e+02
   4.0197645e+02   2.7980402e+02
   4.0362842e+02   2.5246155e+02
   4.0809307e+02   2.2527148e+02
   4.0804232e+02   1.9810358e+02
   2.1825729e+02   1.7572422e+02
   2.3630882e+02   1.6862730e+02
   2.5387010e+02   1.6091117e+02
   2.7264243e+02   1.5776272e+02
   2.9154437e+02   1.5469476e+02
   3.3979752e+02   1.4900913e+02
   3.5554988e+02   1.5397690e+02
   3.7159073e+02   1.5830977e+02
   3.8645323e+02   1.6535384e+02
   3.9671639e+02   1.7784499e+02
   3.1102293e+02   1.9307637e+02
   3.1135683e+02   2.1380537e+02
   3.1271527e+02   2.3431550e+02
   3.1404774e+02   2.5472082e+02
   2.8478584e+02   2.6152509e+02
   2.9928402e+02   2.6604102e+02
   3.1390064e+02   2.6982294e+02
   3.2688909e+02   2.6699599e+02
   3.3887309e+02   2.6134353e+02
   2.4232165e+02   1.9459562e+02
   2.5493712e+02   1.8770174e+02
   2.6913230e+02   1.8857415e+02
   2.8029938e+02   1.9733738e+02
   2.6717579e+02   2.0116493e+02
   2.5378542e+02   2.0126180e+02
   3.3417860e+02   1.9615472e+02
   3.4866703e+02   1.8723333e+02
   3.6565106e+02   1.8723946e+02
   3.7958195e+02   1.9668788e+02
   3.6447477e+02   1.9964175e+02
   3.4911471e+02   1.9956829e+02
   2.5572701e+02   2.9104767e+02
   2.7401356e+02   2.8478555e+02
   2.9265887e+02   2.8144230e+02
   3.1083390e+02   2.8662795e+02
   3.2685204e+02   2.8355834e+02
   3.4307443e+02   2.8552715e+02
   3.5925697e+02   2.8702788e+02
   3.4453921e+02   3.0123369e+02
   3.2887857e+02   3.1410662e+02
   3.0958633e+02   3.1855884e+02
   2.8913800e+02   3.1521570e+02
   2.7092132e+02   3.0512359e+02
   2.6944562e+02   2.9549932e+02
   2.8316424e+02   2.8987343e+02
   3.0989771e+02   2.9360580e+02
   3.3479921e+02   2.9019000e+02
   3.4702809e+02   2.9489281e+02
   3.3511960e+02   2.9959561e+02
   3.0897129e+02   3.0628675e+02
   2.8145502e+02   3.0112520e+02
