   1.9791010e+02   1.9925582e+02
   2.0131457e+02   2.2856579e+02
   2.0400032e+02   2.5746531e+02
   2.0746645e+02   2.8638191e+02
   2.1766016e+02   3.1375726e+02
   2.3578964e+02   3.3656848e+02
   2.5895809e+02   3.5422784e+02
   2.8474223e+02   3.6829494e+02
   3.1287879e+02   3.7434765e+02
   3.3887950e+02   3.6562094e+02
   3.6177407e+02   3.5061320e+02
   3.8163895e+02   3.3176477e+02
   3.9714182e+02   3.0924143e+02
   4.0691688e+02   2.8378797e+02
   4.0922575e+02   2.5632664e+02
   4.1263683e+02   2.2939025e+02
   4.1473993e+02   2.0210649e+02
   2.2204602e+02   1.7838983e+02
   2.3832803e+02   1.6770535e+02
   2.5708645e+02   1.6253022e+02
   2.7639633e+02   1.6329766e+02
   2.9568590e+02   1.6570432e+02
   3.5378570e+02   1.6324905e+02
   3.6933009e+02   1.5956145e+02
   3.8516562e+02   1.6053675e+02
   3.9902033e+02   1.6817442e+02
   4.0696806e+02   1.8165132e+02
   3.1941590e+02   1.9924877e+02
   3.2103858e+02   2.1969895e+02
   3.2167376e+02   2.3994876e+02
   3.2310123e+02   2.6020553e+02
   2.9527738e+02   2.7202505e+02
   3.0784112e+02   2.7561402e+02
   3.2040473e+02   2.7860483e+02
   3.3203666e+02   2.7573725e+02
   3.4253925e+02   2.7022774e+02
   2.4741221e+02   1.9884385e+02
   2.6072387e+02   1.8828567e+02
   2.7752279e+02   1.9140083e+02
   2.8832496e+02   2.0457150e+02
   2.7392538e+02   2.0491011e+02
   2.5971735e+02   2.0526457e+02
   3.4192054e+02   2.0334116e+02
   3.5507003e+02   1.9112606e+02
   3.7270258e+02   1.8853388e+02
   3.8405446e+02   2.0129106e+02
   3.7028737e+02   2.0497829e+02
   3.5609624e+02   2.0455169e+02
   2.6992421e+02   3.0153118e+02
   2.8605599e+02   2.9607381e+02
   3.0237195e+02   2.9142608e+02
   3.1778813e+02   2.9703192e+02
   3.3053596e+02   2.9097358e+02
   3.4450164e+02   2.9501941e+02
   3.5828551e+02   2.9907421e+02
   3.4552425e+02   3.0706304e+02
   3.3163323e+02   3.1272895e+02
   3.1681326e+02   3.1388742e+02
   3.0036876e+02   3.1335562e+02
   2.8484023e+02   3.0810879e+02
   2.8200191e+02   3.0058885e+02
   2.9407961e+02   3.0020455e+02
   3.1778944e+02   3.0357699e+02
   3.3810191e+02   3.0030501e+02
   3.4819371e+02   3.0068126e+02
   3.3795853e+02   3.0105752e+02
   3.1778803e+02   3.0356285e+02
   2.9377802e+02   3.0097316e+02
