   1.9731999e+02   1.9883844e+02
   2.0076043e+02   2.2813937e+02
   2.0347193e+02   2.5703556e+02
   2.0695433e+02   2.8594345e+02
   2.1721011e+02   3.1328887e+02
   2.3536988e+02   3.3607452e+02
   2.5855820e+02   3.5370000e+02
   2.8435165e+02   3.6774045e+02
   3.1248860e+02   3.7377093e+02
   3.3846720e+02   3.6500330e+02
   3.6132370e+02   3.4995051e+02
   3.8117620e+02   3.3109811e+02
   3.9665044e+02   3.0856222e+02
   4.0637119e+02   2.8309612e+02
   4.0863464e+02   2.5563864e+02
   4.1202210e+02   2.2870277e+02
   4.1407266e+02   2.0142343e+02
   2.2143183e+02   1.7797612e+02
   2.3771290e+02   1.6730578e+02
   2.5644634e+02   1.6207476e+02
   2.7574678e+02   1.6276364e+02
   2.9503129e+02   1.6507934e+02
   3.5299718e+02   1.6252816e+02
   3.6853386e+02   1.5892607e+02
   3.8437253e+02   1.5991794e+02
   3.9824868e+02   1.6753196e+02
   4.0623714e+02   1.8098872e+02
   3.1873277e+02   1.9865616e+02
   3.2036124e+02   2.1910262e+02
   3.2103201e+02   2.3934995e+02
   3.2248276e+02   2.5960151e+02
   2.9467694e+02   2.7140649e+02
   3.0726888e+02   2.7499134e+02
   3.1986109e+02   2.7797686e+02
   3.3150195e+02   2.7509472e+02
   3.4201200e+02   2.6957174e+02
   2.4679724e+02   1.9836944e+02
   2.6007802e+02   1.8782991e+02
   2.7684773e+02   1.9090842e+02
   2.8766728e+02   2.0401619e+02
   2.7328791e+02   2.0440811e+02
   2.5909536e+02   2.0477683e+02
   3.4126675e+02   2.0272104e+02
   3.5440839e+02   1.9052113e+02
   3.7202699e+02   1.8792976e+02
   3.8341374e+02   2.0064147e+02
   3.6964272e+02   2.0433302e+02
   3.5544615e+02   2.0393241e+02
   2.6931748e+02   3.0092675e+02
   2.8547009e+02   2.9544492e+02
   3.0181022e+02   2.9079926e+02
   3.1726445e+02   2.9638821e+02
   3.3003652e+02   2.9034300e+02
   3.4403167e+02   2.9434199e+02
   3.5784768e+02   2.9834065e+02
   3.4507112e+02   3.0640719e+02
   3.3116467e+02   3.1216093e+02
   3.1629540e+02   3.1335599e+02
   2.9980966e+02   3.1282377e+02
   2.8424239e+02   3.0755884e+02
   2.8141563e+02   3.0001321e+02
   2.9351378e+02   2.9958704e+02
   3.1726588e+02   3.0293501e+02
   3.3762172e+02   2.9963387e+02
   3.4773470e+02   3.0004471e+02
   3.3748524e+02   3.0045555e+02
   3.1725528e+02   3.0302847e+02
   2.9319817e+02   3.0043938e+02
