   1.9461927e+02   1.6397494e+02
   1.9608033e+02   1.9322686e+02
   2.0074222e+02   2.2200445e+02
   2.0532075e+02   2.5078342e+02
   2.1359802e+02   2.7870051e+02
   2.2910098e+02   3.0348278e+02
   2.4884124e+02   3.2488714e+02
   2.7296251e+02   3.4090647e+02
   3.0091563e+02   3.4800388e+02
   3.3007373e+02   3.4272268e+02
   3.5565748e+02   3.2806632e+02
   3.7654797e+02   3.0716436e+02
   3.9351535e+02   2.8290363e+02
   4.0340491e+02   2.5512649e+02
   4.0951939e+02   2.2605203e+02
   4.1459045e+02   1.9690203e+02
   4.1481985e+02   1.6746434e+02
   2.0859030e+02   1.4391058e+02
   2.2436006e+02   1.3250619e+02
   2.4400414e+02   1.3042075e+02
   2.6339900e+02   1.3341982e+02
   2.7975866e+02   1.4393488e+02
   3.2919533e+02   1.4332200e+02
   3.4722003e+02   1.3781984e+02
   3.6590656e+02   1.3626692e+02
   3.8386485e+02   1.4133764e+02
   3.9800029e+02   1.5338227e+02
   3.0118236e+02   1.6564885e+02
   3.0062043e+02   1.8536781e+02
   2.9981957e+02   2.0501809e+02
   2.9914105e+02   2.2455577e+02
   2.7152578e+02   2.3372253e+02
   2.8452010e+02   2.4019343e+02
   2.9867160e+02   2.4243502e+02
   3.1407511e+02   2.4088233e+02
   3.2802645e+02   2.3473668e+02
   2.3284333e+02   1.6359242e+02
   2.4648638e+02   1.5561745e+02
   2.6211227e+02   1.5883408e+02
   2.7301137e+02   1.7041149e+02
   2.5907501e+02   1.7095560e+02
   2.4532110e+02   1.6925126e+02
   3.3131344e+02   1.7220879e+02
   3.4265280e+02   1.6244336e+02
   3.5769493e+02   1.6206907e+02
   3.7025616e+02   1.7012559e+02
   3.5749344e+02   1.7380585e+02
   3.4434518e+02   1.7404388e+02
   2.5830081e+02   2.7037885e+02
   2.7129488e+02   2.6594447e+02
   2.8407031e+02   2.6070535e+02
   2.9761977e+02   2.6262293e+02
   3.1304477e+02   2.6090103e+02
   3.2742117e+02   2.6711803e+02
   3.4199200e+02   2.7268194e+02
   3.2896016e+02   2.8176101e+02
   3.1391771e+02   2.8754634e+02
   2.9791081e+02   2.8920895e+02
   2.8283822e+02   2.8642685e+02
   2.6954695e+02   2.7897086e+02
   2.6405548e+02   2.7084080e+02
   2.8118047e+02   2.7015568e+02
   2.9817972e+02   2.7235588e+02
   3.1717139e+02   2.7143792e+02
   3.3576258e+02   2.7371026e+02
   3.1774214e+02   2.7742051e+02
   2.9826388e+02   2.7934238e+02
   2.8005474e+02   2.7607355e+02
