   2.4403931e+02   2.4624095e+02
   2.4901092e+02   2.7686650e+02
   2.5751424e+02   3.0670762e+02
   2.6446128e+02   3.3692337e+02
   2.7396988e+02   3.6629068e+02
   2.9283747e+02   3.9079241e+02
   3.1657549e+02   4.1030226e+02
   3.4432700e+02   4.2419132e+02
   3.7467163e+02   4.2769761e+02
   4.0607815e+02   4.2403806e+02
   4.3393546e+02   4.0910404e+02
   4.5790742e+02   3.8808867e+02
   4.7493542e+02   3.6138402e+02
   4.8274351e+02   3.3082744e+02
   4.8742645e+02   2.9928828e+02
   4.9192338e+02   2.6769005e+02
   4.9404897e+02   2.3622413e+02
   2.6236856e+02   2.1420445e+02
   2.8274683e+02   2.0291895e+02
   3.0585438e+02   2.0101075e+02
   3.2840875e+02   2.0647953e+02
   3.4904947e+02   2.1731333e+02
   3.8136359e+02   2.1649248e+02
   4.0139675e+02   2.0323361e+02
   4.2385469e+02   1.9500181e+02
   4.4761638e+02   1.9589560e+02
   4.7022445e+02   2.0328907e+02
   3.6617570e+02   2.3546437e+02
   3.6681584e+02   2.5337432e+02
   3.6702359e+02   2.7115154e+02
   3.6696211e+02   2.8899099e+02
   3.4192145e+02   3.0713808e+02
   3.5547723e+02   3.1273177e+02
   3.6975640e+02   3.1425178e+02
   3.8467289e+02   3.1283432e+02
   3.9765114e+02   3.0539385e+02
   2.8077339e+02   2.4191571e+02
   2.9709128e+02   2.2960366e+02
   3.1769584e+02   2.3006022e+02
   3.3616379e+02   2.3938954e+02
   3.1784084e+02   2.4293590e+02
   2.9919578e+02   2.4341648e+02
   3.9923265e+02   2.3748168e+02
   4.1677471e+02   2.2559321e+02
   4.3784385e+02   2.2491759e+02
   4.5718145e+02   2.3340385e+02
   4.3807020e+02   2.3788743e+02
   4.1854573e+02   2.3877657e+02
   3.2459819e+02   3.5266821e+02
   3.3658865e+02   3.3986231e+02
   3.5344643e+02   3.3435953e+02
   3.7101067e+02   3.3520690e+02
   3.8906755e+02   3.3521828e+02
   4.0614763e+02   3.4116093e+02
   4.1967968e+02   3.5272694e+02
   4.0614367e+02   3.6291743e+02
   3.8979260e+02   3.6749032e+02
   3.7283456e+02   3.6813501e+02
   3.5532345e+02   3.6753139e+02
   3.3886725e+02   3.6237510e+02
   3.4119325e+02   3.4687097e+02
   3.5674401e+02   3.4606578e+02
   3.7205722e+02   3.4786518e+02
   3.8730774e+02   3.4681225e+02
   4.0241702e+02   3.4860153e+02
   3.8710633e+02   3.4831756e+02
   3.7205974e+02   3.4937438e+02
   3.5655599e+02   3.4786132e+02
