   2.4458110e+02   2.4751409e+02
   2.4975329e+02   2.7808666e+02
   2.5828562e+02   3.0806784e+02
   2.6502231e+02   3.3834957e+02
   2.7450246e+02   3.6778724e+02
   2.9275149e+02   3.9267803e+02
   3.1654219e+02   4.1209279e+02
   3.4425535e+02   4.2641825e+02
   3.7449528e+02   4.3006586e+02
   4.0615225e+02   4.2611035e+02
   4.3416105e+02   4.1115129e+02
   4.5804778e+02   3.8978246e+02
   4.7544663e+02   3.6301322e+02
   4.8307924e+02   3.3229738e+02
   4.8777752e+02   3.0064080e+02
   4.9253473e+02   2.6876324e+02
   4.9390078e+02   2.3715637e+02
   2.6275771e+02   2.1572689e+02
   2.8355823e+02   2.0519212e+02
   3.0661556e+02   2.0378217e+02
   3.2909658e+02   2.0959251e+02
   3.4963432e+02   2.2060242e+02
   3.8182469e+02   2.2030640e+02
   4.0164989e+02   2.0669639e+02
   4.2398117e+02   1.9848955e+02
   4.4783901e+02   1.9925359e+02
   4.7075465e+02   2.0574947e+02
   3.6669362e+02   2.3657240e+02
   3.6760243e+02   2.5439224e+02
   3.6770738e+02   2.7198831e+02
   3.6758801e+02   2.8967414e+02
   3.4216326e+02   3.0897183e+02
   3.5615221e+02   3.1430228e+02
   3.7080887e+02   3.1546488e+02
   3.8542072e+02   3.1414349e+02
   3.9821110e+02   3.0708660e+02
   2.8178771e+02   2.4342688e+02
   2.9818318e+02   2.3156645e+02
   3.1863624e+02   2.3196971e+02
   3.3722600e+02   2.4065411e+02
   3.1895934e+02   2.4458144e+02
   3.0025415e+02   2.4515259e+02
   4.0077149e+02   2.3838249e+02
   4.1843415e+02   2.2778640e+02
   4.3883951e+02   2.2777390e+02
   4.5808086e+02   2.3520752e+02
   4.3908869e+02   2.3964507e+02
   4.1987335e+02   2.4066446e+02
   3.2589722e+02   3.5269891e+02
   3.3691116e+02   3.3956339e+02
   3.5357619e+02   3.3463862e+02
   3.7086140e+02   3.3542715e+02
   3.8898078e+02   3.3562299e+02
   4.0639282e+02   3.4101432e+02
   4.1936661e+02   3.5318995e+02
   4.0606550e+02   3.6350557e+02
   3.8960430e+02   3.6760065e+02
   3.7267905e+02   3.6773293e+02
   3.5556563e+02   3.6735506e+02
   3.3935573e+02   3.6287060e+02
   3.4041362e+02   3.4632643e+02
   3.5615848e+02   3.4583121e+02
   3.7176604e+02   3.4729149e+02
   3.8750192e+02   3.4678425e+02
   4.0310105e+02   3.4862451e+02
   3.8735761e+02   3.4817070e+02
   3.7176584e+02   3.4866712e+02
   3.5599942e+02   3.4767459e+02
