   1.9093913e+02   1.5426808e+02
   1.9231432e+02   1.8409617e+02
   1.9812625e+02   2.1331168e+02
   2.0369021e+02   2.4239414e+02
   2.1572939e+02   2.6961724e+02
   2.3057851e+02   2.9524536e+02
   2.5325812e+02   3.1454332e+02
   2.8041253e+02   3.2644748e+02
   3.0964973e+02   3.2866766e+02
   3.4081575e+02   3.2694679e+02
   3.7074551e+02   3.1886097e+02
   3.9376963e+02   2.9807035e+02
   4.1242048e+02   2.7310110e+02
   4.2154810e+02   2.4333540e+02
   4.2486996e+02   2.1258653e+02
   4.2979514e+02   1.8184562e+02
   4.2946393e+02   1.5087344e+02
   2.1152064e+02   1.3032132e+02
   2.2377652e+02   1.1708902e+02
   2.4020416e+02   1.1026882e+02
   2.5816054e+02   1.1128820e+02
   2.7610101e+02   1.1237600e+02
   3.3682007e+02   1.1037901e+02
   3.5414642e+02   1.0880952e+02
   3.7148953e+02   1.0912048e+02
   3.8841635e+02   1.1300773e+02
   4.0245422e+02   1.2272573e+02
   3.1183095e+02   1.4018059e+02
   3.1049792e+02   1.5922157e+02
   3.1134578e+02   1.7811533e+02
   3.1137523e+02   1.9709500e+02
   2.8975181e+02   2.1561980e+02
   3.0025056e+02   2.1817922e+02
   3.1092841e+02   2.1915478e+02
   3.2181654e+02   2.1824337e+02
   3.3260331e+02   2.1676589e+02
   2.3682449e+02   1.5119140e+02
   2.5061481e+02   1.3979783e+02
   2.6880071e+02   1.4024384e+02
   2.8403301e+02   1.4987985e+02
   2.6826383e+02   1.5361341e+02
   2.5236090e+02   1.5467489e+02
   3.3874121e+02   1.5121740e+02
   3.5131958e+02   1.3867692e+02
   3.6933740e+02   1.3854654e+02
   3.8242002e+02   1.5034614e+02
   3.6805386e+02   1.5325760e+02
   3.5335061e+02   1.5267312e+02
   2.7593876e+02   2.5970462e+02
   2.8574574e+02   2.4919761e+02
   2.9755425e+02   2.4125830e+02
   3.1136375e+02   2.4209719e+02
   3.2680656e+02   2.4106772e+02
   3.3969243e+02   2.5019988e+02
   3.5140565e+02   2.6075653e+02
   3.4153554e+02   2.7049531e+02
   3.2883337e+02   2.7616962e+02
   3.1524996e+02   2.7849920e+02
   3.0043247e+02   2.7681847e+02
   2.8787250e+02   2.6877148e+02
   2.9014635e+02   2.5926358e+02
   3.0000841e+02   2.5341426e+02
   3.1117457e+02   2.5145605e+02
   3.2550592e+02   2.5234074e+02
   3.3725565e+02   2.6049058e+02
   3.2600161e+02   2.6175132e+02
   3.1468902e+02   2.6173016e+02
   3.0230915e+02   2.6048387e+02
