   1.9092894e+02   1.5431572e+02
   1.9232728e+02   1.8414670e+02
   1.9816239e+02   2.1336155e+02
   2.0374638e+02   2.4243300e+02
   2.1580607e+02   2.6965110e+02
   2.3066842e+02   2.9526344e+02
   2.5335900e+02   3.1455430e+02
   2.8049640e+02   3.2652043e+02
   3.0972691e+02   3.2871551e+02
   3.4091117e+02   3.2690810e+02
   3.7087895e+02   3.1885291e+02
   3.9393256e+02   2.9807038e+02
   4.1259915e+02   2.7307220e+02
   4.2169473e+02   2.4327412e+02
   4.2493006e+02   2.1249587e+02
   4.2983497e+02   1.8173601e+02
   4.2948272e+02   1.5073718e+02
   2.1159391e+02   1.3032079e+02
   2.2383493e+02   1.1710978e+02
   2.4022132e+02   1.1026610e+02
   2.5815396e+02   1.1128220e+02
   2.7606989e+02   1.1235260e+02
   3.3561148e+02   1.1021699e+02
   3.5319336e+02   1.0831755e+02
   3.7089880e+02   1.0900107e+02
   3.8811172e+02   1.1278803e+02
   4.0244779e+02   1.2260652e+02
   3.1182594e+02   1.4013338e+02
   3.1050738e+02   1.5917791e+02
   3.1136989e+02   1.7807352e+02
   3.1141394e+02   1.9705568e+02
   2.8980190e+02   2.1559956e+02
   3.0030401e+02   2.1815125e+02
   3.1098402e+02   2.1911873e+02
   3.2189717e+02   2.1819615e+02
   3.3271078e+02   2.1670602e+02
   2.3681802e+02   1.5120334e+02
   2.5060140e+02   1.3979766e+02
   2.6879006e+02   1.4022974e+02
   2.8403178e+02   1.4985531e+02
   2.6824769e+02   1.5336343e+02
   2.5235917e+02   1.5467535e+02
   3.3874825e+02   1.5115096e+02
   3.5131865e+02   1.3859914e+02
   3.6933875e+02   1.3845489e+02
   3.8243218e+02   1.5024599e+02
   3.6806373e+02   1.5314551e+02
   3.5336071e+02   1.5259564e+02
   2.7555094e+02   2.5886599e+02
   2.8596150e+02   2.4913429e+02
   2.9772497e+02   2.4126975e+02
   3.1143707e+02   2.4206384e+02
   3.2690891e+02   2.4101479e+02
   3.3980748e+02   2.5017382e+02
   3.5147825e+02   2.6084548e+02
   3.4167522e+02   2.7062509e+02
   3.2901672e+02   2.7634827e+02
   3.1546222e+02   2.7871995e+02
   3.0033790e+02   2.7689136e+02
   2.8752731e+02   2.6848461e+02
   2.9163352e+02   2.5793220e+02
   3.0097835e+02   2.5303182e+02
   3.1129708e+02   2.5136262e+02
   3.2517680e+02   2.5196886e+02
   3.3676695e+02   2.5948485e+02
   3.2528109e+02   2.6102206e+02
   3.1371622e+02   2.6129863e+02
   3.0248385e+02   2.6008552e+02
