   1.9089682e+02   1.5469472e+02
   1.9230226e+02   1.8453791e+02
   1.9814840e+02   2.1376522e+02
   2.0381677e+02   2.4310435e+02
   2.1593705e+02   2.7031509e+02
   2.3101736e+02   2.9612296e+02
   2.5388866e+02   3.1522698e+02
   2.8175986e+02   3.2521667e+02
   3.1130119e+02   3.2747571e+02
   3.4212602e+02   3.2717474e+02
   3.7112406e+02   3.1778202e+02
   3.9315087e+02   2.9629338e+02
   4.1103127e+02   2.7155534e+02
   4.2037608e+02   2.4226235e+02
   4.2514410e+02   2.1202040e+02
   4.2997804e+02   1.8151572e+02
   4.2955042e+02   1.5105791e+02
   2.0915816e+02   1.3139731e+02
   2.2155295e+02   1.1738886e+02
   2.3887249e+02   1.1077844e+02
   2.5746587e+02   1.1153688e+02
   2.7606371e+02   1.1269363e+02
   3.3425174e+02   1.1043566e+02
   3.5200222e+02   1.0677811e+02
   3.7011436e+02   1.0800598e+02
   3.8766078e+02   1.1291636e+02
   4.0249739e+02   1.2292180e+02
   3.1184146e+02   1.4047763e+02
   3.1052688e+02   1.5953051e+02
   3.1139424e+02   1.7843389e+02
   3.1144283e+02   1.9742405e+02
   2.8982608e+02   2.1598090e+02
   3.0033324e+02   2.1853116e+02
   3.1101798e+02   2.1949651e+02
   3.2134618e+02   2.1863673e+02
   3.3151925e+02   2.1724550e+02
   2.3680453e+02   1.5157011e+02
   2.5059100e+02   1.4015633e+02
   2.6878744e+02   1.4058427e+02
   2.8403788e+02   1.5021027e+02
   2.6822981e+02   1.5344651e+02
   2.5235305e+02   1.5503988e+02
   3.3877776e+02   1.5149345e+02
   3.5135047e+02   1.3893335e+02
   3.6937814e+02   1.3878474e+02
   3.8247991e+02   1.5057771e+02
   3.6817086e+02   1.5404935e+02
   3.5339673e+02   1.5293526e+02
   2.7523042e+02   2.5600706e+02
   2.8630777e+02   2.4721829e+02
   2.9822133e+02   2.3981584e+02
   3.1147668e+02   2.4245119e+02
   3.2628051e+02   2.4158284e+02
   3.3908883e+02   2.4987909e+02
   3.5202766e+02   2.5757246e+02
   3.4074274e+02   2.6658496e+02
   3.2708319e+02   2.7138366e+02
   3.1281989e+02   2.7299970e+02
   2.9853668e+02   2.7214950e+02
   2.8572471e+02   2.6571375e+02
   2.9307840e+02   2.5423643e+02
   3.0169978e+02   2.5301090e+02
   3.1032087e+02   2.5324846e+02
   3.2271299e+02   2.5302759e+02
   3.3463343e+02   2.5486747e+02
   3.2244522e+02   2.5436362e+02
   3.1041331e+02   2.5523638e+02
   3.0166252e+02   2.5432764e+02
