   1.9683989e+02   1.9464338e+02
   2.0104428e+02   2.2662183e+02
   2.0857062e+02   2.5771266e+02
   2.1497063e+02   2.8905225e+02
   2.2623550e+02   3.1883368e+02
   2.4358154e+02   3.4594610e+02
   2.6681173e+02   3.6764219e+02
   2.9369272e+02   3.8489166e+02
   3.2490155e+02   3.8971987e+02
   3.5620000e+02   3.8575974e+02
   3.8184530e+02   3.6702000e+02
   4.0289673e+02   3.4273759e+02
   4.2240096e+02   3.1750147e+02
   4.3351722e+02   2.8769353e+02
   4.3812445e+02   2.5602577e+02
   4.4068082e+02   2.2402283e+02
   4.4416706e+02   1.9245840e+02
   2.2988307e+02   1.6431533e+02
   2.4647318e+02   1.5827824e+02
   2.6318117e+02   1.5353590e+02
   2.8049944e+02   1.5252076e+02
   2.9706466e+02   1.5728369e+02
   3.4897032e+02   1.6137705e+02
   3.6576427e+02   1.5555378e+02
   3.8323783e+02   1.5465327e+02
   4.0047464e+02   1.5829940e+02
   4.1697425e+02   1.6442104e+02
   3.2221172e+02   1.8947553e+02
   3.1988324e+02   2.1204423e+02
   3.1923190e+02   2.3441529e+02
   3.1977535e+02   2.5676397e+02
   2.9310305e+02   2.5952671e+02
   3.0506200e+02   2.7175062e+02
   3.2152009e+02   2.7610031e+02
   3.3700323e+02   2.7047677e+02
   3.5084981e+02   2.6210904e+02
   2.5339039e+02   1.8837376e+02
   2.6759854e+02   1.8030476e+02
   2.8420928e+02   1.8108908e+02
   2.9526499e+02   1.9286578e+02
   2.8118532e+02   1.9153864e+02
   2.6710471e+02   1.9058454e+02
   3.5359269e+02   1.9285683e+02
   3.6682623e+02   1.8278793e+02
   3.8344950e+02   1.8271995e+02
   3.9719666e+02   1.9184215e+02
   3.8272009e+02   1.9429845e+02
   3.6812992e+02   1.9428775e+02
   2.6543130e+02   2.8669247e+02
   2.8500555e+02   2.8431236e+02
   3.0465826e+02   2.8540357e+02
   3.2413405e+02   2.8727590e+02
   3.4502399e+02   2.8676974e+02
   3.6556786e+02   2.8679565e+02
   3.8614858e+02   2.8793879e+02
   3.7094857e+02   3.1010687e+02
   3.5026496e+02   3.2653884e+02
   3.2461707e+02   3.3215687e+02
   3.0070824e+02   3.2328424e+02
   2.8112812e+02   3.0680938e+02
   2.7776995e+02   2.9182491e+02
   3.0139097e+02   2.9323813e+02
   3.2470674e+02   2.9603832e+02
   3.5145240e+02   2.9336852e+02
   3.7826944e+02   2.9228699e+02
   3.5466457e+02   3.1303403e+02
   3.2408205e+02   3.1897470e+02
   2.9766725e+02   3.1064903e+02
