   1.9821772e+02   1.9425494e+02
   2.0236275e+02   2.2604214e+02
   2.0981034e+02   2.5695066e+02
   2.1631320e+02   2.8814250e+02
   2.2732094e+02   3.1774036e+02
   2.4451424e+02   3.4468105e+02
   2.6760107e+02   3.6629393e+02
   2.9427785e+02   3.8344102e+02
   3.2529065e+02   3.8827251e+02
   3.5615591e+02   3.8448349e+02
   3.8170637e+02   3.6599283e+02
   4.0249733e+02   3.4210365e+02
   4.1950703e+02   3.1559993e+02
   4.3062940e+02   2.8608513e+02
   4.3530871e+02   2.5472105e+02
   4.4053578e+02   2.2371108e+02
   4.4403389e+02   1.9234345e+02
   2.2848797e+02   1.6692120e+02
   2.4357725e+02   1.5605620e+02
   2.6186698e+02   1.5206278e+02
   2.8067991e+02   1.5175803e+02
   2.9814841e+02   1.5790580e+02
   3.4945231e+02   1.6135215e+02
   3.6615946e+02   1.5419702e+02
   3.8426382e+02   1.5368014e+02
   4.0176531e+02   1.5824838e+02
   4.1816219e+02   1.6577206e+02
   3.2152846e+02   1.8910264e+02
   3.1939994e+02   2.1220913e+02
   3.1818504e+02   2.3541395e+02
   3.1790662e+02   2.5837933e+02
   2.9586089e+02   2.6453027e+02
   3.0649562e+02   2.7183423e+02
   3.1871735e+02   2.7564943e+02
   3.3270114e+02   2.7199812e+02
   3.4570594e+02   2.6576987e+02
   2.5032771e+02   1.9098970e+02
   2.6378010e+02   1.7927400e+02
   2.8194494e+02   1.8120873e+02
   2.9428882e+02   1.9416620e+02
   2.7934953e+02   1.9744887e+02
   2.6409863e+02   1.9699894e+02
   3.5363164e+02   1.9450963e+02
   3.6627411e+02   1.8290782e+02
   3.8341556e+02   1.8183774e+02
   3.9735153e+02   1.9168157e+02
   3.8350412e+02   1.9765234e+02
   3.6842517e+02   1.9740449e+02
   2.7978799e+02   2.9998337e+02
   2.9348719e+02   2.9702824e+02
   3.0730420e+02   2.9581779e+02
   3.2077860e+02   2.9869840e+02
   3.3783467e+02   2.9721663e+02
   3.5476102e+02   2.9985917e+02
   3.7168470e+02   2.9924785e+02
   3.5797243e+02   3.1218016e+02
   3.4300895e+02   3.2357831e+02
   3.2498542e+02   3.2776825e+02
   3.0721285e+02   3.2415818e+02
   2.9245564e+02   3.1314981e+02
   2.9622189e+02   3.0452579e+02
   3.0943623e+02   3.0675741e+02
   3.2267302e+02   3.0805901e+02
   3.3672871e+02   3.0662877e+02
   3.5070054e+02   3.0569876e+02
   3.3639079e+02   3.0744939e+02
   3.2197907e+02   3.0841286e+02
   3.0881040e+02   3.0747467e+02
