   1.9593870e+02   1.9503155e+02
   2.0017330e+02   2.2720804e+02
   2.0775036e+02   2.5849097e+02
   2.1502457e+02   2.8991028e+02
   2.2564142e+02   3.2020955e+02
   2.4299000e+02   3.4726783e+02
   2.6656238e+02   3.6924772e+02
   2.9341735e+02   3.8644882e+02
   3.2482060e+02   3.9130301e+02
   3.5636803e+02   3.8728860e+02
   3.8198525e+02   3.6858321e+02
   4.0321387e+02   3.4411159e+02
   4.2215202e+02   3.1850898e+02
   4.3241929e+02   2.8822675e+02
   4.3707985e+02   2.5627322e+02
   4.4129760e+02   2.2456219e+02
   4.4480144e+02   1.9280131e+02
   2.2976616e+02   1.6388728e+02
   2.4620103e+02   1.5725000e+02
   2.6307987e+02   1.5292353e+02
   2.8040538e+02   1.5282623e+02
   2.9695573e+02   1.5784723e+02
   3.4900956e+02   1.6153915e+02
   3.6590542e+02   1.5598845e+02
   3.8332187e+02   1.5499967e+02
   4.0058186e+02   1.5845849e+02
   4.1718308e+02   1.6429686e+02
   3.2238010e+02   1.8984821e+02
   3.1999276e+02   2.1240520e+02
   3.1946193e+02   2.3469703e+02
   3.2018975e+02   2.5701512e+02
   2.9408026e+02   2.6383847e+02
   3.0553640e+02   2.7315638e+02
   3.2003037e+02   2.7611428e+02
   3.3267858e+02   2.7323794e+02
   3.4397930e+02   2.6703971e+02
   2.5029366e+02   1.9052667e+02
   2.6463703e+02   1.7992477e+02
   2.8257671e+02   1.8063923e+02
   2.9536770e+02   1.9287621e+02
   2.8017718e+02   1.9379538e+02
   2.6499336e+02   1.9372337e+02
   3.5342945e+02   1.9437368e+02
   3.6641853e+02   1.8324140e+02
   3.8352918e+02   1.8253623e+02
   3.9753929e+02   1.9218725e+02
   3.8323103e+02   1.9610324e+02
   3.6830803e+02   1.9599626e+02
   2.6831564e+02   2.9077857e+02
   2.8671637e+02   2.8954210e+02
   3.0514987e+02   2.8966064e+02
   3.2336361e+02   2.9138155e+02
   3.4310802e+02   2.9034669e+02
   3.6262137e+02   2.9176437e+02
   3.8222738e+02   2.9302968e+02
   3.6704188e+02   3.1237783e+02
   3.4823123e+02   3.2789111e+02
   3.2498326e+02   3.3443844e+02
   3.0254653e+02   3.2498955e+02
   2.8410500e+02   3.0916706e+02
   2.8102377e+02   2.9684075e+02
   3.0234912e+02   2.9828435e+02
   3.2342222e+02   2.9871381e+02
   3.4947718e+02   2.9868247e+02
   3.7522374e+02   2.9714743e+02
   3.5241470e+02   3.1431361e+02
   3.2526893e+02   3.2044876e+02
   3.0116871e+02   3.1218016e+02
