   2.5275644e+02   2.2268073e+02
   2.5495137e+02   2.4909626e+02
   2.5923610e+02   2.7515945e+02
   2.6496240e+02   3.0102394e+02
   2.7581963e+02   3.2499341e+02
   2.8922704e+02   3.4788397e+02
   3.0686776e+02   3.6749832e+02
   3.2866671e+02   3.8200690e+02
   3.5427322e+02   3.8667639e+02
   3.7961166e+02   3.8228795e+02
   4.0153592e+02   3.6945898e+02
   4.1793296e+02   3.4954685e+02
   4.3164838e+02   3.2802060e+02
   4.4194685e+02   3.0437209e+02
   4.4834978e+02   2.7968609e+02
   4.5188509e+02   2.5416665e+02
   4.5487904e+02   2.2877765e+02
   2.7092711e+02   1.7714876e+02
   2.8079067e+02   1.5656386e+02
   2.9731087e+02   1.4140810e+02
   3.1953869e+02   1.4266300e+02
   3.3443557e+02   1.5866668e+02
   3.7453966e+02   1.6101738e+02
   3.8725259e+02   1.4337671e+02
   4.0944669e+02   1.4359774e+02
   4.2735646e+02   1.5744640e+02
   4.3927304e+02   1.7667889e+02
   3.5616637e+02   1.9950516e+02
   3.5592871e+02   2.1225046e+02
   3.5544286e+02   2.2483624e+02
   3.5492848e+02   2.3749191e+02
   3.3066617e+02   2.5901828e+02
   3.4231447e+02   2.6317122e+02
   3.5455678e+02   2.6455658e+02
   3.6531665e+02   2.6411925e+02
   3.7558819e+02   2.6111427e+02
   2.9484681e+02   1.9826152e+02
   3.0597005e+02   1.9044575e+02
   3.1949613e+02   1.8952772e+02
   3.3077096e+02   1.9681162e+02
   3.1918575e+02   2.0179274e+02
   3.0675107e+02   2.0215401e+02
   3.7904009e+02   2.0005494e+02
   3.9036371e+02   1.9116313e+02
   4.0487393e+02   1.9211267e+02
   4.1574803e+02   2.0150521e+02
   4.0381867e+02   2.0569885e+02
   3.9115541e+02   2.0419872e+02
   3.1648978e+02   3.0649060e+02
   3.2433880e+02   2.9205006e+02
   3.3834682e+02   2.8344375e+02
   3.5463913e+02   2.8402168e+02
   3.6960198e+02   2.8457382e+02
   3.8166612e+02   2.9375645e+02
   3.8805963e+02   3.0737073e+02
   3.8206222e+02   3.2426087e+02
   3.7108663e+02   3.3806118e+02
   3.5421870e+02   3.4176126e+02
   3.3617506e+02   3.3844196e+02
   3.2444467e+02   3.2352852e+02
   3.2106870e+02   3.0695303e+02
   3.3538059e+02   2.9395763e+02
   3.5417118e+02   2.9169584e+02
   3.7190422e+02   2.9493222e+02
   3.8472157e+02   3.0755563e+02
   3.7145810e+02   3.2200983e+02
   3.5377092e+02   3.2958882e+02
   3.3540626e+02   3.2125595e+02
