   1.8233969e+02   1.4528207e+02
   1.8185152e+02   1.7752861e+02
   1.8626448e+02   2.0936140e+02
   1.9350382e+02   2.4050092e+02
   2.0529606e+02   2.7025754e+02
   2.2169608e+02   2.9782726e+02
   2.4537048e+02   3.1923425e+02
   2.7446879e+02   3.3197836e+02
   3.0592422e+02   3.3781890e+02
   3.3561626e+02   3.2933549e+02
   3.6306563e+02   3.1643620e+02
   3.8387371e+02   2.9375096e+02
   4.0093947e+02   2.6834523e+02
   4.1267863e+02   2.4012303e+02
   4.1871097e+02   2.1012688e+02
   4.1888458e+02   1.7957001e+02
   4.1773455e+02   1.4906739e+02
   2.0603411e+02   1.0984935e+02
   2.1650305e+02   9.6632332e+01
   2.3247171e+02   9.0584537e+01
   2.4943772e+02   9.0644612e+01
   2.6626118e+02   9.3170145e+01
   3.2693797e+02   9.2284175e+01
   3.4424742e+02   9.0380729e+01
   3.6133321e+02   9.0784429e+01
   3.7646702e+02   9.9117384e+01
   3.8897023e+02   1.1076965e+02
   2.9462582e+02   1.3905224e+02
   2.9368646e+02   1.5308830e+02
   2.9348554e+02   1.6689188e+02
   2.9368807e+02   1.8081600e+02
   2.7347917e+02   2.0329665e+02
   2.8383697e+02   2.0155590e+02
   2.9416540e+02   2.0197164e+02
   3.0658899e+02   2.0202959e+02
   3.1886227e+02   2.0330348e+02
   2.2634136e+02   1.3719638e+02
   2.3708172e+02   1.2455692e+02
   2.5517281e+02   1.2613650e+02
   2.6542069e+02   1.3991383e+02
   2.5207576e+02   1.4482742e+02
   2.3794950e+02   1.4473487e+02
   3.2561868e+02   1.3903372e+02
   3.3664251e+02   1.2575222e+02
   3.5407150e+02   1.2384313e+02
   3.6652404e+02   1.3541506e+02
   3.5511014e+02   1.4536587e+02
   3.3974620e+02   1.4503976e+02
   2.6137440e+02   2.5180069e+02
   2.6607436e+02   2.3662139e+02
   2.7999534e+02   2.2845025e+02
   2.9594918e+02   2.2890800e+02
   3.1325245e+02   2.2780945e+02
   3.2787897e+02   2.3728054e+02
   3.3599671e+02   2.5273143e+02
   3.2811797e+02   2.6727946e+02
   3.1420662e+02   2.7633930e+02
   2.9800150e+02   2.7969112e+02
   2.8104389e+02   2.7635917e+02
   2.6655142e+02   2.6752555e+02
   2.6762253e+02   2.5003328e+02
   2.7987209e+02   2.3857536e+02
   2.9638318e+02   2.3966920e+02
   3.1551027e+02   2.3851879e+02
   3.2880357e+02   2.5224337e+02
   3.1485233e+02   2.6295280e+02
   2.9738306e+02   2.6440340e+02
   2.7968672e+02   2.6274868e+02
