   2.0060169e+02   2.1030586e+02
   2.0061940e+02   2.3940308e+02
   2.0077036e+02   2.6811747e+02
   2.0575086e+02   2.9656654e+02
   2.1533080e+02   3.2354205e+02
   2.3400699e+02   3.4531525e+02
   2.5718067e+02   3.6268442e+02
   2.8440536e+02   3.7195549e+02
   3.1279472e+02   3.7559357e+02
   3.4151931e+02   3.7137004e+02
   3.6894586e+02   3.6271424e+02
   3.9137844e+02   3.4460446e+02
   4.0927941e+02   3.2239324e+02
   4.2102153e+02   2.9592766e+02
   4.2528842e+02   2.6739938e+02
   4.2546910e+02   2.3858500e+02
   4.2415854e+02   2.0992022e+02
   2.2414772e+02   1.7901836e+02
   2.3707597e+02   1.7021393e+02
   2.5303343e+02   1.6944217e+02
   2.6914208e+02   1.6847738e+02
   2.8505590e+02   1.6966887e+02
   3.2501954e+02   1.6846374e+02
   3.4280815e+02   1.6808502e+02
   3.6065668e+02   1.6777769e+02
   3.7829402e+02   1.6823609e+02
   3.9321532e+02   1.7687031e+02
   3.0956786e+02   1.9024183e+02
   3.0963834e+02   2.0688913e+02
   3.0924289e+02   2.2365563e+02
   3.0852107e+02   2.4014342e+02
   2.8210393e+02   2.5481298e+02
   2.9513674e+02   2.5990228e+02
   3.0887059e+02   2.6171198e+02
   3.2292061e+02   2.5834882e+02
   3.3589161e+02   2.5250977e+02
   2.4941841e+02   2.0036083e+02
   2.6215376e+02   1.9525358e+02
   2.7588501e+02   1.9550102e+02
   2.8770434e+02   2.0200684e+02
   2.7492079e+02   2.0065196e+02
   2.6215381e+02   2.0034665e+02
   3.3159850e+02   2.0034034e+02
   3.4374558e+02   1.9432380e+02
   3.5715555e+02   1.9269343e+02
   3.6989316e+02   1.9670420e+02
   3.5725518e+02   1.9941402e+02
   3.4434473e+02   2.0001426e+02
   2.5866054e+02   2.8370394e+02
   2.7511943e+02   2.7823571e+02
   2.9204051e+02   2.7448725e+02
   3.0916878e+02   2.7560041e+02
   3.2846237e+02   2.7329686e+02
   3.4777994e+02   2.7574492e+02
   3.6681596e+02   2.7881708e+02
   3.5115510e+02   2.9521596e+02
   3.3215206e+02   3.0739459e+02
   3.1006320e+02   3.1040640e+02
   2.8978835e+02   3.0944173e+02
   2.7200456e+02   2.9901389e+02
   2.6428745e+02   2.8515910e+02
   2.8692696e+02   2.8535300e+02
   3.0937226e+02   2.8791640e+02
   3.3388716e+02   2.8259859e+02
   3.5866041e+02   2.8251788e+02
   3.3452373e+02   2.9103990e+02
   3.0936490e+02   2.9387372e+02
   2.8586577e+02   2.9366739e+02
