   2.1051198e+02   1.7354595e+02
   2.1436951e+02   2.0054798e+02
   2.1790428e+02   2.2722403e+02
   2.2176585e+02   2.5425937e+02
   2.3017874e+02   2.7988964e+02
   2.4657052e+02   3.0134388e+02
   2.6702937e+02   3.1898831e+02
   2.9126753e+02   3.3064408e+02
   3.1795288e+02   3.3438522e+02
   3.4433781e+02   3.3038316e+02
   3.6861810e+02   3.1906544e+02
   3.9059847e+02   3.0399969e+02
   4.0509564e+02   2.8157259e+02
   4.1493340e+02   2.5688046e+02
   4.2098573e+02   2.3078892e+02
   4.2595011e+02   2.0447315e+02
   4.3042103e+02   1.7819342e+02
   2.3158758e+02   1.3769669e+02
   2.4261653e+02   1.2789609e+02
   2.5526786e+02   1.2066043e+02
   2.6988731e+02   1.2002393e+02
   2.8424927e+02   1.2275615e+02
   3.4195055e+02   1.2406763e+02
   3.5689317e+02   1.1939129e+02
   3.7253446e+02   1.1988639e+02
   3.8668968e+02   1.2657204e+02
   3.9967107e+02   1.3533523e+02
   3.1343541e+02   1.5453373e+02
   3.1257710e+02   1.6846863e+02
   3.1085198e+02   1.8236673e+02
   3.0865689e+02   1.9609761e+02
   2.9043770e+02   2.1974965e+02
   2.9962409e+02   2.2439827e+02
   3.0972967e+02   2.2581349e+02
   3.2003883e+02   2.2455741e+02
   3.2936623e+02   2.2022164e+02
   2.5148578e+02   1.5930975e+02
   2.6298353e+02   1.4952154e+02
   2.7817972e+02   1.5079949e+02
   2.8922600e+02   1.6116193e+02
   2.7636899e+02   1.6515031e+02
   2.6306548e+02   1.6553650e+02
   3.4336206e+02   1.6105763e+02
   3.5505127e+02   1.5100296e+02
   3.7058764e+02   1.5128225e+02
   3.8304347e+02   1.6037874e+02
   3.7014800e+02   1.6574245e+02
   3.5633349e+02   1.6582972e+02
   2.6887414e+02   2.6315489e+02
   2.7966512e+02   2.5023891e+02
   2.9470710e+02   2.4236566e+02
   3.1122086e+02   2.4371934e+02
   3.3021755e+02   2.4377069e+02
   3.4737527e+02   2.5174599e+02
   3.5998586e+02   2.6570228e+02
   3.4840205e+02   2.7827269e+02
   3.3171041e+02   2.8303479e+02
   3.1434029e+02   2.8463594e+02
   2.9629358e+02   2.8239088e+02
   2.7926696e+02   2.7721144e+02
   2.7465237e+02   2.6335210e+02
   2.9215756e+02   2.5339696e+02
   3.1209567e+02   2.5294959e+02
   3.3467184e+02   2.5485840e+02
   3.5443991e+02   2.6542298e+02
   3.3510214e+02   2.7349361e+02
   3.1433877e+02   2.7410673e+02
   2.9302508e+02   2.7389706e+02
