   1.8403201e+02   2.2900766e+02
   1.8675144e+02   2.5430451e+02
   1.9064126e+02   2.7948395e+02
   1.9749494e+02   3.0384107e+02
   2.0622411e+02   3.2754854e+02
   2.1866831e+02   3.4956422e+02
   2.3762266e+02   3.6634044e+02
   2.5880943e+02   3.8008571e+02
   2.8331728e+02   3.8326886e+02
   3.0875516e+02   3.7908634e+02
   3.3054448e+02   3.6514172e+02
   3.4991549e+02   3.4784427e+02
   3.6494276e+02   3.2672286e+02
   3.7151394e+02   3.0158696e+02
   3.7715513e+02   2.7639422e+02
   3.8145766e+02   2.5070558e+02
   3.8313285e+02   2.2489318e+02
   2.0097675e+02   2.0926916e+02
   2.0790223e+02   1.9874245e+02
   2.2068129e+02   1.9652861e+02
   2.3375232e+02   1.9646191e+02
   2.4637005e+02   1.9941750e+02
   3.0270259e+02   1.9980149e+02
   3.1697739e+02   1.9513312e+02
   3.3165789e+02   1.9208047e+02
   3.4641548e+02   1.9366369e+02
   3.5517380e+02   2.0513868e+02
   2.7644933e+02   2.3418781e+02
   2.7702599e+02   2.5010432e+02
   2.7797359e+02   2.6584006e+02
   2.7855782e+02   2.8156897e+02
   2.6177817e+02   2.9572137e+02
   2.7071837e+02   2.9912764e+02
   2.8009517e+02   3.0072368e+02
   2.8998311e+02   2.9968966e+02
   2.9942428e+02   2.9685212e+02
   2.2328190e+02   2.3804838e+02
   2.3140540e+02   2.3171009e+02
   2.4162801e+02   2.3133977e+02
   2.5060281e+02   2.3635726e+02
   2.4231767e+02   2.4206135e+02
   2.3225991e+02   2.4258672e+02
   3.0966286e+02   2.3487267e+02
   3.1775813e+02   2.2794391e+02
   3.2858519e+02   2.2764387e+02
   3.3734830e+02   2.3367195e+02
   3.2872801e+02   2.3849206e+02
   3.1880539e+02   2.3845989e+02
   2.4909021e+02   3.2392092e+02
   2.6039621e+02   3.2124841e+02
   2.7177792e+02   3.1871058e+02
   2.8315730e+02   3.2013778e+02
   2.9548439e+02   3.1871074e+02
   3.0784353e+02   3.2086445e+02
   3.2016090e+02   3.2210566e+02
   3.0955406e+02   3.3237298e+02
   2.9770788e+02   3.4085222e+02
   2.8345325e+02   3.4264572e+02
   2.7027740e+02   3.4064467e+02
   2.5977278e+02   3.3212745e+02
   2.5635405e+02   3.2508435e+02
   2.7007285e+02   3.2454832e+02
   2.8363601e+02   3.2557310e+02
   2.9836087e+02   3.2475246e+02
   3.1304667e+02   3.2496806e+02
   2.9854552e+02   3.2947286e+02
   2.8348479e+02   3.3049384e+02
   2.6965523e+02   3.2877862e+02
