   1.8071136e+02   2.2605203e+02
   1.8342536e+02   2.5134250e+02
   1.8721912e+02   2.7653479e+02
   1.9406414e+02   3.0090688e+02
   2.0274265e+02   3.2457111e+02
   2.1473895e+02   3.4686621e+02
   2.3347903e+02   3.6388904e+02
   2.5467428e+02   3.7761330e+02
   2.7919323e+02   3.8056232e+02
   3.0454046e+02   3.7643807e+02
   3.2628801e+02   3.6247126e+02
   3.4558710e+02   3.4522822e+02
   3.6049090e+02   3.2408194e+02
   3.6700169e+02   2.9900735e+02
   3.7268932e+02   2.7387544e+02
   3.7698877e+02   2.4829034e+02
   3.7881901e+02   2.2251099e+02
   1.9719188e+02   2.0757966e+02
   2.0464068e+02   1.9747641e+02
   2.1742018e+02   1.9525519e+02
   2.3056358e+02   1.9535161e+02
   2.4318778e+02   1.9833945e+02
   2.9809085e+02   1.9888130e+02
   3.1227526e+02   1.9425881e+02
   3.2688257e+02   1.9129518e+02
   3.4157657e+02   1.9277339e+02
   3.5128114e+02   2.0322562e+02
   2.7199752e+02   2.3286973e+02
   2.7249329e+02   2.4863099e+02
   2.7317218e+02   2.6424416e+02
   2.7372858e+02   2.7982713e+02
   2.5755581e+02   2.9366758e+02
   2.6631929e+02   2.9694389e+02
   2.7548256e+02   2.9860508e+02
   2.8531676e+02   2.9786485e+02
   2.9473335e+02   2.9532626e+02
   2.1949975e+02   2.3635763e+02
   2.2747224e+02   2.2989642e+02
   2.3768397e+02   2.2949529e+02
   2.4655086e+02   2.3462828e+02
   2.3823845e+02   2.3986815e+02
   2.2843697e+02   2.4040352e+02
   3.0504321e+02   2.3321615e+02
   3.1321642e+02   2.2623011e+02
   3.2413029e+02   2.2586202e+02
   3.3289275e+02   2.3199199e+02
   3.2416223e+02   2.3653615e+02
   3.1428511e+02   2.3648288e+02
   2.4485106e+02   3.2125542e+02
   2.5611733e+02   3.1881234e+02
   2.6743847e+02   3.1650092e+02
   2.7866714e+02   3.1831292e+02
   2.9101607e+02   3.1645431e+02
   3.0345875e+02   3.1852650e+02
   3.1586143e+02   3.1971960e+02
   3.0534921e+02   3.3005991e+02
   2.9344270e+02   3.3838240e+02
   2.7920386e+02   3.3993514e+02
   2.6598619e+02   3.3810913e+02
   2.5546529e+02   3.2964177e+02
   2.5214802e+02   3.2251973e+02
   2.6583305e+02   3.2263766e+02
   2.7938968e+02   3.2363710e+02
   2.9414425e+02   3.2267793e+02
   3.0886180e+02   3.2230749e+02
   2.9434352e+02   3.2638877e+02
   2.7935393e+02   3.2754944e+02
   2.6543791e+02   3.2618755e+02
