   2.2169305e+02   2.3704456e+02
   2.2478041e+02   2.6167774e+02
   2.2874670e+02   2.8602867e+02
   2.3382591e+02   3.1000438e+02
   2.4307150e+02   3.3287278e+02
   2.6121073e+02   3.4925648e+02
   2.8343806e+02   3.5983433e+02
   3.0704039e+02   3.6629512e+02
   3.3155343e+02   3.6796084e+02
   3.5396048e+02   3.6203247e+02
   3.7349339e+02   3.4919340e+02
   3.9087007e+02   3.3377345e+02
   4.0486417e+02   3.1524553e+02
   4.1070710e+02   2.9294556e+02
   4.1171397e+02   2.6970193e+02
   4.1150971e+02   2.4643693e+02
   4.1080649e+02   2.2329552e+02
   2.3346529e+02   1.8958312e+02
   2.4858272e+02   1.8523373e+02
   2.6433382e+02   1.8699556e+02
   2.7948974e+02   1.9164124e+02
   2.9302208e+02   1.9953255e+02
   3.2358817e+02   1.9806683e+02
   3.3655158e+02   1.8578213e+02
   3.5259659e+02   1.7861991e+02
   3.7023848e+02   1.7921581e+02
   3.8765980e+02   1.8212398e+02
   3.1502721e+02   2.1646896e+02
   3.1659865e+02   2.3021179e+02
   3.1843437e+02   2.4374912e+02
   3.1982787e+02   2.5732927e+02
   2.9717443e+02   2.7078409e+02
   3.0867568e+02   2.7530005e+02
   3.2089633e+02   2.7526681e+02
   3.3221938e+02   2.7108136e+02
   3.4102470e+02   2.6314620e+02
   2.5033100e+02   2.1831800e+02
   2.6003727e+02   2.1188435e+02
   2.7161176e+02   2.1117911e+02
   2.8190439e+02   2.1636685e+02
   2.7146028e+02   2.1800436e+02
   2.6080532e+02   2.1826989e+02
   3.4209412e+02   2.1226002e+02
   3.5116351e+02   2.0601407e+02
   3.6227782e+02   2.0527232e+02
   3.7255727e+02   2.0917738e+02
   3.6283644e+02   2.1275261e+02
   3.5243638e+02   2.1280117e+02
   2.8486833e+02   3.0487385e+02
   2.9268164e+02   2.9318068e+02
   3.0682764e+02   2.9058935e+02
   3.2124878e+02   2.9169614e+02
   3.3445475e+02   2.8750852e+02
   3.4806817e+02   2.8950905e+02
   3.5671563e+02   2.9964027e+02
   3.4702943e+02   3.0610504e+02
   3.3558379e+02   3.0840204e+02
   3.2404659e+02   3.0964717e+02
   3.1035089e+02   3.1032326e+02
   2.9683496e+02   3.1072680e+02
   2.9584547e+02   3.0196260e+02
   3.0901446e+02   2.9848831e+02
   3.2260203e+02   2.9778793e+02
   3.3447703e+02   2.9526779e+02
   3.4635422e+02   2.9618270e+02
   3.3440349e+02   2.9649738e+02
   3.2272539e+02   2.9883937e+02
   3.0910610e+02   2.9990135e+02
