   2.2179052e+02   2.3675937e+02
   2.2480758e+02   2.6128778e+02
   2.2899422e+02   2.8563180e+02
   2.3448078e+02   3.0966095e+02
   2.4404492e+02   3.3234139e+02
   2.6154508e+02   3.4945492e+02
   2.8369096e+02   3.6002158e+02
   3.0745143e+02   3.6693556e+02
   3.3179033e+02   3.6807874e+02
   3.5436387e+02   3.6194720e+02
   3.7411282e+02   3.4928332e+02
   3.9153472e+02   3.3355124e+02
   4.0509749e+02   3.1455484e+02
   4.1110303e+02   2.9193967e+02
   4.1160168e+02   2.6853323e+02
   4.1134511e+02   2.4510938e+02
   4.1065337e+02   2.2175485e+02
   2.3553188e+02   1.8773263e+02
   2.4954726e+02   1.8407753e+02
   2.6384524e+02   1.8331463e+02
   2.7783790e+02   1.8681903e+02
   2.9088238e+02   1.9222824e+02
   3.2922949e+02   1.8596814e+02
   3.4311976e+02   1.7885443e+02
   3.5824644e+02   1.7548097e+02
   3.7359352e+02   1.7799168e+02
   3.8868316e+02   1.8125076e+02
   3.1619632e+02   2.1573023e+02
   3.1755189e+02   2.3025465e+02
   3.1892022e+02   2.4480460e+02
   3.2003740e+02   2.5929062e+02
   2.9744391e+02   2.7359731e+02
   3.0923439e+02   2.7727520e+02
   3.2147127e+02   2.7820337e+02
   3.3180781e+02   2.7461445e+02
   3.4124082e+02   2.6917064e+02
   2.4889432e+02   2.1858581e+02
   2.5875578e+02   2.0967400e+02
   2.7211437e+02   2.0845685e+02
   2.8222153e+02   2.1655453e+02
   2.7143486e+02   2.2037795e+02
   2.6001482e+02   2.2065012e+02
   3.4150437e+02   2.1277222e+02
   3.4968738e+02   2.0359972e+02
   3.6221218e+02   2.0258959e+02
   3.7241303e+02   2.0936314e+02
   3.6288187e+02   2.1460664e+02
   3.5201895e+02   2.1540882e+02
   2.8742608e+02   3.1084493e+02
   2.9632059e+02   3.0151922e+02
   3.0852622e+02   2.9758994e+02
   3.2115653e+02   2.9925690e+02
   3.3303788e+02   2.9578258e+02
   3.4514658e+02   2.9753934e+02
   3.5614304e+02   3.0325297e+02
   3.4773098e+02   3.1197425e+02
   3.3544325e+02   3.1447142e+02
   3.2337797e+02   3.1737709e+02
   3.1095644e+02   3.1724340e+02
   2.9867032e+02   3.1556086e+02
   3.0165152e+02   3.0705996e+02
   3.1203170e+02   3.0505747e+02
   3.2250749e+02   3.0505197e+02
   3.3357616e+02   3.0238021e+02
   3.4476026e+02   3.0318583e+02
   3.3336131e+02   3.0381670e+02
   3.2244324e+02   3.0685134e+02
   3.1196570e+02   3.0702821e+02
