   2.2161442e+02   2.3707944e+02
   2.2469974e+02   2.6173426e+02
   2.2866824e+02   2.8610756e+02
   2.3371672e+02   3.1008752e+02
   2.4294002e+02   3.3299572e+02
   2.6112374e+02   3.4933981e+02
   2.8338137e+02   3.5991515e+02
   3.0698895e+02   3.6637899e+02
   3.3152206e+02   3.6808964e+02
   3.5391456e+02   3.6210456e+02
   3.7344016e+02   3.4924500e+02
   3.9082734e+02   3.3383002e+02
   4.0481431e+02   3.1529234e+02
   4.1065045e+02   2.9300152e+02
   4.1165600e+02   2.6975326e+02
   4.1145579e+02   2.4650112e+02
   4.1075694e+02   2.2335446e+02
   2.3326790e+02   1.8966915e+02
   2.4842928e+02   1.8527220e+02
   2.6424572e+02   1.8712795e+02
   2.7945520e+02   1.9183611e+02
   2.9306363e+02   1.9972894e+02
   3.2320209e+02   1.9867915e+02
   3.3614520e+02   1.8616085e+02
   3.5224659e+02   1.7879024e+02
   3.7002299e+02   1.7931716e+02
   3.8756441e+02   1.8227296e+02
   3.1490493e+02   2.1658921e+02
   3.1648807e+02   2.3032361e+02
   3.1834985e+02   2.4383846e+02
   3.1976089e+02   2.5740308e+02
   2.9705475e+02   2.7071505e+02
   3.0852832e+02   2.7528671e+02
   3.2073699e+02   2.7518803e+02
   3.3214624e+02   2.7109164e+02
   3.4095062e+02   2.6309097e+02
   2.5031400e+02   2.1832880e+02
   2.6002084e+02   2.1195210e+02
   2.7155860e+02   2.1127603e+02
   2.8184038e+02   2.1641368e+02
   2.7140362e+02   2.1796659e+02
   2.6076747e+02   2.1821772e+02
   3.4203292e+02   2.1232009e+02
   3.5112778e+02   2.0615541e+02
   3.6221585e+02   2.0541994e+02
   3.7250466e+02   2.0924026e+02
   3.6276936e+02   2.1275725e+02
   3.5237479e+02   2.1279095e+02
   2.8474200e+02   3.0477195e+02
   2.9245675e+02   2.9296185e+02
   3.0666566e+02   2.9042428e+02
   3.2115103e+02   2.9144956e+02
   3.3443947e+02   2.8725685e+02
   3.4812233e+02   2.8935637e+02
   3.5664008e+02   2.9974010e+02
   3.4680467e+02   3.0596800e+02
   3.3543353e+02   3.0822557e+02
   3.2397168e+02   3.0941345e+02
   3.1026414e+02   3.1011893e+02
   2.9674580e+02   3.1057303e+02
   2.9542568e+02   3.0186948e+02
   3.0872878e+02   2.9829593e+02
   3.2247912e+02   2.9756341e+02
   3.3438489e+02   2.9508775e+02
   3.4627446e+02   2.9602279e+02
   3.3432710e+02   2.9631574e+02
   3.2261806e+02   2.9853858e+02
   3.0883565e+02   2.9967504e+02
