   2.2152658e+02   2.0940071e+02
   2.2343202e+02   2.3907426e+02
   2.2874798e+02   2.6804282e+02
   2.3789461e+02   2.9614142e+02
   2.5030175e+02   3.2263699e+02
   2.6590382e+02   3.4756289e+02
   2.8723174e+02   3.6799790e+02
   3.1310705e+02   3.8227365e+02
   3.4166780e+02   3.8775272e+02
   3.7155925e+02   3.8204437e+02
   3.9705257e+02   3.6517467e+02
   4.1724462e+02   3.4251197e+02
   4.3209011e+02   3.1587275e+02
   4.4248381e+02   2.8725382e+02
   4.4895872e+02   2.5711860e+02
   4.5322136e+02   2.2702197e+02
   4.5607185e+02   1.9668006e+02
   2.4013453e+02   1.9118441e+02
   2.5524817e+02   1.8152808e+02
   2.7326248e+02   1.8155045e+02
   2.9040421e+02   1.8730514e+02
   3.0681810e+02   1.9511627e+02
   3.4907912e+02   1.9082920e+02
   3.6492719e+02   1.7847614e+02
   3.8491226e+02   1.7499265e+02
   4.0508236e+02   1.7303866e+02
   4.2428088e+02   1.7879971e+02
   3.3055277e+02   2.0610791e+02
   3.3114494e+02   2.2870267e+02
   3.3103682e+02   2.5107004e+02
   3.3103275e+02   2.7353906e+02
   3.0327531e+02   2.8138234e+02
   3.1649813e+02   2.9150165e+02
   3.3242084e+02   2.9563193e+02
   3.4708175e+02   2.9034012e+02
   3.6006226e+02   2.8192258e+02
   2.5949513e+02   2.1461611e+02
   2.7339978e+02   2.0487390e+02
   2.9034432e+02   2.0803716e+02
   3.0380833e+02   2.1876190e+02
   2.8851045e+02   2.2072431e+02
   2.7331990e+02   2.2064077e+02
   3.6161901e+02   2.1341074e+02
   3.7313412e+02   2.0164709e+02
   3.8871948e+02   1.9724994e+02
   4.0339160e+02   2.0365721e+02
   3.9135043e+02   2.1202748e+02
   3.7653522e+02   2.1336850e+02
   2.9843386e+02   3.2137609e+02
   3.0903390e+02   3.1445506e+02
   3.2149689e+02   3.1185444e+02
   3.3406965e+02   3.1271273e+02
   3.4859845e+02   3.1117833e+02
   3.6294633e+02   3.1352130e+02
   3.7686392e+02   3.1756134e+02
   3.6527250e+02   3.2860117e+02
   3.5187279e+02   3.3699606e+02
   3.3636918e+02   3.3995378e+02
   3.2222541e+02   3.3718621e+02
   3.0923387e+02   3.3078094e+02
   3.0304810e+02   3.2163595e+02
   3.1887265e+02   3.2162878e+02
   3.3457346e+02   3.2238934e+02
   3.5328567e+02   3.2083947e+02
   3.7176618e+02   3.1910826e+02
   3.5305099e+02   3.2116246e+02
   3.3457547e+02   3.2289628e+02
   3.1875499e+02   3.2212673e+02
