   2.0604950e+02   2.4550399e+02
   2.0892559e+02   2.6856053e+02
   2.1480900e+02   2.9081112e+02
   2.2192972e+02   3.1289923e+02
   2.2945417e+02   3.3475012e+02
   2.4455530e+02   3.5220608e+02
   2.6337895e+02   3.6538674e+02
   2.8439696e+02   3.7484850e+02
   3.0721133e+02   3.7674690e+02
   3.2918075e+02   3.7424918e+02
   3.4919933e+02   3.6506797e+02
   3.6558919e+02   3.5060960e+02
   3.7878073e+02   3.3289266e+02
   3.8722996e+02   3.1256683e+02
   3.9174583e+02   2.9101689e+02
   3.9477996e+02   2.6918547e+02
   3.9783387e+02   2.4737698e+02
   2.1842574e+02   2.2207217e+02
   2.2978868e+02   2.0849329e+02
   2.4578811e+02   2.0124872e+02
   2.6327959e+02   2.0119158e+02
   2.7994137e+02   2.0693797e+02
   3.0870271e+02   2.0460445e+02
   3.2514380e+02   1.9699864e+02
   3.4291808e+02   1.9457574e+02
   3.5998728e+02   2.0026435e+02
   3.7439552e+02   2.1078524e+02
   2.9627390e+02   2.2768924e+02
   2.9654461e+02   2.4126304e+02
   2.9677100e+02   2.5481507e+02
   2.9690748e+02   2.6823211e+02
   2.7859716e+02   2.8744960e+02
   2.8770862e+02   2.8987532e+02
   2.9697456e+02   2.9024808e+02
   3.0707433e+02   2.8957540e+02
   3.1680566e+02   2.8722532e+02
   2.3644872e+02   2.3326127e+02
   2.4576194e+02   2.2476677e+02
   2.5830396e+02   2.2313012e+02
   2.6874099e+02   2.2982802e+02
   2.5823913e+02   2.3306899e+02
   2.4736776e+02   2.3409583e+02
   3.2408236e+02   2.2838716e+02
   3.3438440e+02   2.2140318e+02
   3.4676836e+02   2.2105990e+02
   3.5661324e+02   2.2837651e+02
   3.4579555e+02   2.3083071e+02
   3.3483402e+02   2.3077554e+02
   2.6688812e+02   3.1733388e+02
   2.7736123e+02   3.1337248e+02
   2.8803224e+02   3.1062491e+02
   2.9879922e+02   3.1250750e+02
   3.1068452e+02   3.1063655e+02
   3.2256303e+02   3.1264300e+02
   3.3438720e+02   3.1497253e+02
   3.2418093e+02   3.2124265e+02
   3.1252737e+02   3.2407422e+02
   3.0054287e+02   3.2477904e+02
   2.8873659e+02   3.2490574e+02
   2.7729434e+02   3.2269299e+02
   2.7946157e+02   3.1657978e+02
   2.8934740e+02   3.1551212e+02
   2.9922336e+02   3.1551149e+02
   3.1026521e+02   3.1489802e+02
   3.2111542e+02   3.1511566e+02
   3.1006298e+02   3.1584241e+02
   2.9921986e+02   3.1678387e+02
   2.8925390e+02   3.1682435e+02
