   1.8271335e+02   1.6104428e+02
   1.8320015e+02   1.9138724e+02
   1.8795897e+02   2.2169681e+02
   1.9400957e+02   2.5126775e+02
   2.0546599e+02   2.7943498e+02
   2.2224113e+02   3.0462355e+02
   2.4620211e+02   3.2345087e+02
   2.7421742e+02   3.3503254e+02
   3.0396306e+02   3.3912873e+02
   3.3427363e+02   3.3358757e+02
   3.6186175e+02   3.2027921e+02
   3.8457621e+02   2.9956304e+02
   4.0172626e+02   2.7428095e+02
   4.1276236e+02   2.4565676e+02
   4.1926803e+02   2.1542269e+02
   4.2242199e+02   1.8502958e+02
   4.1959631e+02   1.5457402e+02
   2.0797714e+02   1.4250847e+02
   2.2123664e+02   1.3529949e+02
   2.3655881e+02   1.3534232e+02
   2.5119943e+02   1.3924520e+02
   2.6575528e+02   1.4388904e+02
   3.2272545e+02   1.4258330e+02
   3.3850717e+02   1.3734285e+02
   3.5492670e+02   1.3517272e+02
   3.7147129e+02   1.3681352e+02
   3.8630148e+02   1.4371627e+02
   2.9311201e+02   1.6816319e+02
   2.9339744e+02   1.8112708e+02
   2.9341468e+02   1.9399906e+02
   2.9339866e+02   2.0685302e+02
   2.6862838e+02   2.1737305e+02
   2.8051953e+02   2.2212841e+02
   2.9314345e+02   2.2365918e+02
   3.0565744e+02   2.2349968e+02
   3.1775956e+02   2.2081540e+02
   2.2735199e+02   1.5929673e+02
   2.4086300e+02   1.5383064e+02
   2.5516009e+02   1.5436621e+02
   2.6626916e+02   1.6320782e+02
   2.5288277e+02   1.6431027e+02
   2.3942212e+02   1.6447355e+02
   3.2717263e+02   1.6234293e+02
   3.3834316e+02   1.5404895e+02
   3.5224684e+02   1.5391580e+02
   3.6531079e+02   1.5909505e+02
   3.5323717e+02   1.6394480e+02
   3.4013037e+02   1.6384102e+02
   2.5739169e+02   2.5747595e+02
   2.6650751e+02   2.4656936e+02
   2.8006060e+02   2.4251299e+02
   2.9394452e+02   2.4511144e+02
   3.1059056e+02   2.4390324e+02
   3.2671310e+02   2.4708963e+02
   3.3670812e+02   2.5966926e+02
   3.2522241e+02   2.6850005e+02
   3.1088132e+02   2.7103193e+02
   2.9632440e+02   2.7178154e+02
   2.8185064e+02   2.7102733e+02
   2.6815890e+02   2.6679106e+02
   2.7504284e+02   2.5502434e+02
   2.8489673e+02   2.5573099e+02
   2.9467813e+02   2.5632536e+02
   3.0548563e+02   2.5617583e+02
   3.1611834e+02   2.5542613e+02
   3.0547572e+02   2.5706013e+02
   2.9481208e+02   2.5720966e+02
   2.8480449e+02   2.5651989e+02
