   1.9883029e+02   2.0981521e+02
   2.0612110e+02   2.3942981e+02
   2.1156038e+02   2.6895303e+02
   2.2324414e+02   2.9695808e+02
   2.3672250e+02   3.2401726e+02
   2.5558332e+02   3.4791384e+02
   2.7483921e+02   3.7119600e+02
   3.0010634e+02   3.8769834e+02
   3.2953806e+02   3.9153593e+02
   3.5904048e+02   3.8583313e+02
   3.8466892e+02   3.7026624e+02
   4.0304357e+02   3.4665626e+02
   4.1696633e+02   3.2008211e+02
   4.2619838e+02   2.9153472e+02
   4.3188969e+02   2.6205004e+02
   4.3403303e+02   2.3211925e+02
   4.3362809e+02   2.0224694e+02
   2.3534250e+02   1.8166252e+02
   2.5057284e+02   1.7607155e+02
   2.6667044e+02   1.7453280e+02
   2.8281408e+02   1.7519363e+02
   2.9873057e+02   1.7723983e+02
   3.4784511e+02   1.7588880e+02
   3.6208859e+02   1.7282878e+02
   3.7646730e+02   1.7237994e+02
   3.9085496e+02   1.7424113e+02
   4.0501273e+02   1.7678203e+02
   3.2690294e+02   1.9322492e+02
   3.2883268e+02   2.1293857e+02
   3.2935831e+02   2.3263816e+02
   3.3043803e+02   2.5221693e+02
   3.0988615e+02   2.6919454e+02
   3.2012325e+02   2.7125092e+02
   3.3043566e+02   2.7275513e+02
   3.3881661e+02   2.7090323e+02
   3.4697248e+02   2.6830556e+02
   2.5432843e+02   2.0270514e+02
   2.6798684e+02   1.9472564e+02
   2.8370872e+02   1.9411428e+02
   2.9749328e+02   2.0128602e+02
   2.8339626e+02   2.0775064e+02
   2.6819426e+02   2.0887639e+02
   3.5393933e+02   2.0271411e+02
   3.6577946e+02   1.9277473e+02
   3.8117404e+02   1.9250233e+02
   3.9330944e+02   2.0176898e+02
   3.8110322e+02   2.0799115e+02
   3.6731415e+02   2.0631370e+02
   2.8396746e+02   3.0850650e+02
   2.9723211e+02   2.9958150e+02
   3.1311882e+02   2.9795743e+02
   3.2908131e+02   2.9911433e+02
   3.4344663e+02   2.9706054e+02
   3.5769898e+02   2.9985696e+02
   3.7102104e+02   3.0537508e+02
   3.5690045e+02   3.1219914e+02
   3.4261667e+02   3.1840691e+02
   3.2728741e+02   3.2053100e+02
   3.1267600e+02   3.1715013e+02
   2.9839641e+02   3.1238586e+02
   3.0185246e+02   3.0269652e+02
   3.1559968e+02   3.0085455e+02
   3.2863522e+02   3.0536942e+02
   3.3886752e+02   3.0172683e+02
   3.4963287e+02   3.0268892e+02
   3.3859052e+02   3.0229024e+02
   3.2819315e+02   3.0581914e+02
   3.1524651e+02   3.0135179e+02
