   1.8260253e+02   1.9307704e+02
   1.8400521e+02   2.2357467e+02
   1.8881577e+02   2.5356795e+02
   1.9654540e+02   2.8281059e+02
   2.0608448e+02   3.1139677e+02
   2.2290759e+02   3.3677544e+02
   2.4467400e+02   3.5759318e+02
   2.6707634e+02   3.7806673e+02
   2.9576217e+02   3.8357729e+02
   3.2392737e+02   3.7653538e+02
   3.4675098e+02   3.5769735e+02
   3.6834016e+02   3.3747015e+02
   3.8665877e+02   3.1449786e+02
   3.9562479e+02   2.8633923e+02
   4.0006556e+02   2.5723172e+02
   4.0460700e+02   2.2797680e+02
   4.0613336e+02   1.9869309e+02
   2.0098645e+02   1.8190274e+02
   2.1529716e+02   1.6830008e+02
   2.3543680e+02   1.6653313e+02
   2.5547107e+02   1.6981287e+02
   2.7353932e+02   1.7856728e+02
   3.0963574e+02   1.8241637e+02
   3.2745048e+02   1.7579230e+02
   3.4529409e+02   1.6949237e+02
   3.6407081e+02   1.6977262e+02
   3.8049370e+02   1.7846712e+02
   2.9245552e+02   2.0103193e+02
   2.9130354e+02   2.1871414e+02
   2.9109207e+02   2.3642909e+02
   2.9039010e+02   2.5397335e+02
   2.6442373e+02   2.7732223e+02
   2.7764099e+02   2.8083007e+02
   2.9112188e+02   2.8235607e+02
   3.0511923e+02   2.8211478e+02
   3.1888535e+02   2.7993086e+02
   2.1754296e+02   2.1208412e+02
   2.3027532e+02   2.0652277e+02
   2.4432188e+02   2.0729502e+02
   2.5632403e+02   2.1357516e+02
   2.4312006e+02   2.1709359e+02
   2.2963438e+02   2.1741381e+02
   3.2872014e+02   2.1620812e+02
   3.4176701e+02   2.1145238e+02
   3.5574410e+02   2.1114399e+02
   3.6825659e+02   2.1677040e+02
   3.5514431e+02   2.2076853e+02
   3.4144615e+02   2.2092274e+02
   2.4060367e+02   2.9470718e+02
   2.5877893e+02   2.9465344e+02
   2.7677357e+02   2.9499080e+02
   2.9467633e+02   2.9661701e+02
   3.1346997e+02   2.9604187e+02
   3.3203960e+02   2.9784968e+02
   3.5049682e+02   2.9716011e+02
   3.3593554e+02   3.1782825e+02
   3.1671888e+02   3.3398762e+02
   2.9257840e+02   3.3984894e+02
   2.7018328e+02   3.3132650e+02
   2.5297359e+02   3.1504920e+02
   2.4501908e+02   2.9725574e+02
   2.6965219e+02   2.9984997e+02
   2.9374263e+02   3.0412118e+02
   3.1926147e+02   3.0252217e+02
   3.4447376e+02   3.0050171e+02
   3.2146947e+02   3.1840334e+02
   2.9332955e+02   3.2449562e+02
   2.6528632e+02   3.1727337e+02
