   2.4688694e+02   2.0039898e+02
   2.4940409e+02   2.2759964e+02
   2.5406915e+02   2.5417273e+02
   2.5934423e+02   2.8088739e+02
   2.7002108e+02   3.0556452e+02
   2.8397983e+02   3.2880025e+02
   3.0176765e+02   3.4917884e+02
   3.2628447e+02   3.6033554e+02
   3.5291971e+02   3.6479355e+02
   3.7863310e+02   3.5928898e+02
   3.9985884e+02   3.4372655e+02
   4.1765346e+02   3.2393031e+02
   4.3123557e+02   3.0141829e+02
   4.3886691e+02   2.7608223e+02
   4.4169320e+02   2.4978310e+02
   4.4481923e+02   2.2334171e+02
   4.4752955e+02   1.9719946e+02
   2.6204210e+02   1.7416116e+02
   2.7525320e+02   1.6672685e+02
   2.9057920e+02   1.6592226e+02
   3.0560941e+02   1.6881679e+02
   3.2069780e+02   1.7155586e+02
   3.5970980e+02   1.6724272e+02
   3.7392767e+02   1.6276227e+02
   3.8840988e+02   1.5883962e+02
   4.0323756e+02   1.5766644e+02
   4.1755463e+02   1.6115290e+02
   3.4252475e+02   1.9590771e+02
   3.4320706e+02   2.1123253e+02
   3.4355651e+02   2.2635444e+02
   3.4343003e+02   2.4152577e+02
   3.2734081e+02   2.5740376e+02
   3.3716497e+02   2.5843429e+02
   3.4684978e+02   2.5852587e+02
   3.5573506e+02   2.5672033e+02
   3.6460007e+02   2.5527696e+02
   2.8400078e+02   2.0052295e+02
   2.9422670e+02   1.9124707e+02
   3.0838512e+02   1.9181406e+02
   3.1908344e+02   2.0046428e+02
   3.0732501e+02   2.0459705e+02
   2.9498654e+02   2.0543833e+02
   3.6763469e+02   1.9736674e+02
   3.7858109e+02   1.8674683e+02
   3.9403526e+02   1.8550936e+02
   4.0714808e+02   1.9329567e+02
   3.9501362e+02   1.9915165e+02
   3.8126289e+02   1.9886883e+02
   3.1034143e+02   2.9878931e+02
   3.2150977e+02   2.9006486e+02
   3.3403441e+02   2.8387327e+02
   3.4753674e+02   2.8627542e+02
   3.6137078e+02   2.8147736e+02
   3.7555983e+02   2.8676408e+02
   3.8942919e+02   2.9261125e+02
   3.7772277e+02   3.0245248e+02
   3.6496325e+02   3.1039108e+02
   3.5015325e+02   3.1139688e+02
   3.3601606e+02   3.1115922e+02
   3.2297210e+02   3.0535661e+02
   3.2680448e+02   2.9850402e+02
   3.3816166e+02   2.9661229e+02
   3.4951441e+02   2.9703382e+02
   3.6056210e+02   2.9562894e+02
   3.7159452e+02   2.9472240e+02
   3.6038966e+02   2.9643538e+02
   3.4917070e+02   2.9787468e+02
   3.3790616e+02   2.9752024e+02
