   1.9717361e+02   2.0757232e+02
   1.9803756e+02   2.3804429e+02
   2.0003008e+02   2.6807014e+02
   2.0430685e+02   2.9808847e+02
   2.1366149e+02   3.2701568e+02
   2.2672449e+02   3.5434980e+02
   2.4369176e+02   3.7935897e+02
   2.6765655e+02   3.9740285e+02
   2.9680571e+02   4.0376766e+02
   3.2514042e+02   3.9607502e+02
   3.4864797e+02   3.7846939e+02
   3.6508858e+02   3.5398040e+02
   3.7880601e+02   3.2781237e+02
   3.8858984e+02   2.9996936e+02
   3.9552810e+02   2.7123513e+02
   4.0041221e+02   2.4221061e+02
   4.0410766e+02   2.1292636e+02
   2.1000217e+02   1.6859845e+02
   2.2130598e+02   1.6058817e+02
   2.3413581e+02   1.5627324e+02
   2.4768406e+02   1.5852148e+02
   2.6090525e+02   1.6156713e+02
   3.2418645e+02   1.6363089e+02
   3.3784469e+02   1.5980544e+02
   3.5185912e+02   1.5813354e+02
   3.6567513e+02   1.6046073e+02
   3.7878092e+02   1.6557567e+02
   2.9271511e+02   2.0065809e+02
   2.9330549e+02   2.1405477e+02
   2.9328673e+02   2.2738557e+02
   2.9298928e+02   2.4073543e+02
   2.7062894e+02   2.6896035e+02
   2.8176205e+02   2.7127124e+02
   2.9297829e+02   2.7189713e+02
   3.0207914e+02   2.7143182e+02
   3.1093692e+02   2.6956006e+02
   2.2561089e+02   2.0067902e+02
   2.3973244e+02   1.9158303e+02
   2.5640799e+02   1.9460480e+02
   2.6767379e+02   2.0715509e+02
   2.5237450e+02   2.1332749e+02
   2.3606350e+02   2.1260036e+02
   3.2096720e+02   2.0629395e+02
   3.3215728e+02   1.9302585e+02
   3.5001117e+02   1.9325907e+02
   3.6390087e+02   2.0396910e+02
   3.5129253e+02   2.1331846e+02
   3.3551970e+02   2.1271375e+02
   2.6033065e+02   3.2283006e+02
   2.6477469e+02   3.0660412e+02
   2.7614687e+02   2.9423613e+02
   2.9240902e+02   2.9318695e+02
   3.0831205e+02   2.9360449e+02
   3.1965043e+02   3.0493042e+02
   3.2486591e+02   3.2023195e+02
   3.2223429e+02   3.3665276e+02
   3.1145172e+02   3.4914120e+02
   2.9572235e+02   3.5366466e+02
   2.7910951e+02   3.4937577e+02
   2.6610920e+02   3.3866285e+02
   2.6447124e+02   3.2253715e+02
   2.7421344e+02   3.0682581e+02
   2.9210388e+02   3.0231495e+02
   3.1021368e+02   3.0561484e+02
   3.2160715e+02   3.1991734e+02
   3.1250918e+02   3.3524252e+02
   2.9543352e+02   3.4041615e+02
   2.7779186e+02   3.3500554e+02
