   1.9724123e+02   2.0761774e+02
   1.9798622e+02   2.3608197e+02
   1.9991910e+02   2.6444323e+02
   2.0164626e+02   2.9279004e+02
   2.0813700e+02   3.2038726e+02
   2.2143113e+02   3.4529841e+02
   2.4164436e+02   3.6515896e+02
   2.6500596e+02   3.8091059e+02
   2.9210724e+02   3.8829500e+02
   3.1976008e+02   3.8178273e+02
   3.4357637e+02   3.6655802e+02
   3.6378853e+02   3.4641906e+02
   3.8121007e+02   3.2378137e+02
   3.8942335e+02   2.9679962e+02
   3.9612104e+02   2.6891396e+02
   4.0065916e+02   2.4098697e+02
   4.0422823e+02   2.1284993e+02
   2.0977068e+02   1.7227603e+02
   2.2131161e+02   1.6506007e+02
   2.3444149e+02   1.6199216e+02
   2.4764879e+02   1.6427176e+02
   2.6039975e+02   1.6883689e+02
   3.2298695e+02   1.6943311e+02
   3.3770370e+02   1.6612879e+02
   3.5251892e+02   1.6456736e+02
   3.6725239e+02   1.6660490e+02
   3.8108739e+02   1.7217396e+02
   2.9216949e+02   2.0405527e+02
   2.9176422e+02   2.1810207e+02
   2.9146510e+02   2.3192840e+02
   2.9181156e+02   2.4582449e+02
   2.7158887e+02   2.7241366e+02
   2.8146548e+02   2.7392260e+02
   2.9129920e+02   2.7446593e+02
   3.0029661e+02   2.7427927e+02
   3.0903436e+02   2.7264904e+02
   2.2632220e+02   2.0313214e+02
   2.4107021e+02   1.9590409e+02
   2.5732272e+02   1.9821052e+02
   2.6697594e+02   2.1090880e+02
   2.5208156e+02   2.1467552e+02
   2.3681697e+02   2.1355891e+02
   3.2105591e+02   2.0971698e+02
   3.3219767e+02   1.9667103e+02
   3.4959528e+02   1.9687913e+02
   3.6234859e+02   2.0843042e+02
   3.4937045e+02   2.1538467e+02
   3.3472948e+02   2.1513997e+02
   2.5693262e+02   3.1434640e+02
   2.6716992e+02   3.0437420e+02
   2.7854946e+02   2.9586034e+02
   2.9215838e+02   2.9741821e+02
   3.0529844e+02   2.9612210e+02
   3.1661924e+02   3.0347015e+02
   3.2695073e+02   3.1209202e+02
   3.1665620e+02   3.2126405e+02
   3.0453631e+02   3.2757502e+02
   2.9118856e+02   3.2975643e+02
   2.7844673e+02   3.2814118e+02
   2.6683977e+02   3.2241646e+02
   2.6320910e+02   3.1338282e+02
   2.7612234e+02   3.0643326e+02
   2.9070365e+02   3.0607940e+02
   3.0624110e+02   3.0520790e+02
   3.2065088e+02   3.1112835e+02
   3.0520054e+02   3.1175829e+02
   2.9118785e+02   3.1742075e+02
   2.7741713e+02   3.1346043e+02
