   1.5371733e+02   1.7646756e+02
   1.5589119e+02   2.0596895e+02
   1.5956597e+02   2.3518500e+02
   1.6274803e+02   2.6444902e+02
   1.7190961e+02   2.9211145e+02
   1.8952897e+02   3.1564952e+02
   2.0825432e+02   3.3843320e+02
   2.3324792e+02   3.5349054e+02
   2.6168053e+02   3.6049344e+02
   2.9204981e+02   3.5891030e+02
   3.1979476e+02   3.4670706e+02
   3.4281243e+02   3.2718508e+02
   3.6094953e+02   3.0279343e+02
   3.7510799e+02   2.7577136e+02
   3.7976657e+02   2.4597273e+02
   3.8087421e+02   2.1551723e+02
   3.8217795e+02   1.8523721e+02
   1.7627124e+02   1.5469263e+02
   1.9016594e+02   1.4751974e+02
   2.0522561e+02   1.4421375e+02
   2.2062231e+02   1.4560050e+02
   2.3593216e+02   1.4751236e+02
   2.8887678e+02   1.5084076e+02
   3.0355214e+02   1.4660836e+02
   3.1872658e+02   1.4584053e+02
   3.3383171e+02   1.4788355e+02
   3.4878506e+02   1.5064952e+02
   2.6536014e+02   1.7228456e+02
   2.6538139e+02   1.9024201e+02
   2.6490031e+02   2.0815599e+02
   2.6455334e+02   2.2606796e+02
   2.4298301e+02   2.4101928e+02
   2.5443927e+02   2.4452308e+02
   2.6620174e+02   2.4602556e+02
   2.7824194e+02   2.4526118e+02
   2.8947433e+02   2.4227200e+02
   1.9668094e+02   1.7325627e+02
   2.1023516e+02   1.6443784e+02
   2.2637386e+02   1.6443569e+02
   2.3679034e+02   1.7608399e+02
   2.2306978e+02   1.7789604e+02
   2.0944513e+02   1.7784988e+02
   2.9729739e+02   1.7814713e+02
   3.0864766e+02   1.6548589e+02
   3.2557261e+02   1.6386739e+02
   3.3763271e+02   1.7518072e+02
   3.2461786e+02   1.7943668e+02
   3.1082588e+02   1.7986939e+02
   2.1288917e+02   2.6653982e+02
   2.3045001e+02   2.6233801e+02
   2.4819179e+02   2.6047982e+02
   2.6590378e+02   2.6179368e+02
   2.8431461e+02   2.6240353e+02
   3.0276117e+02   2.6231759e+02
   3.2057120e+02   2.6625036e+02
   3.0984654e+02   2.8685081e+02
   2.8904977e+02   2.9764941e+02
   2.6566735e+02   2.9916022e+02
   2.4312624e+02   2.9768270e+02
   2.2373749e+02   2.8589057e+02
   2.2519761e+02   2.7044822e+02
   2.4503711e+02   2.6855508e+02
   2.6471108e+02   2.7080901e+02
   2.8725795e+02   2.6940741e+02
   3.0960382e+02   2.6934146e+02
   2.9092775e+02   2.8634817e+02
   2.6509373e+02   2.8707218e+02
   2.4249061e+02   2.8452327e+02
