   1.5287619e+02   1.7647240e+02
   1.5575298e+02   2.0574623e+02
   1.5941246e+02   2.3477406e+02
   1.6252029e+02   2.6385147e+02
   1.7093468e+02   2.9145600e+02
   1.8890455e+02   3.1447225e+02
   2.0713075e+02   3.3749223e+02
   2.3173276e+02   3.5282560e+02
   2.5991126e+02   3.5985833e+02
   2.9051740e+02   3.5924145e+02
   3.1834141e+02   3.4679572e+02
   3.4175985e+02   3.2742695e+02
   3.6051860e+02   3.0323628e+02
   3.7520305e+02   2.7624358e+02
   3.8007509e+02   2.4633011e+02
   3.8095336e+02   2.1560958e+02
   3.8211953e+02   1.8516216e+02
   1.7617435e+02   1.5445877e+02
   1.9006910e+02   1.4727865e+02
   2.0514096e+02   1.4399324e+02
   2.2054550e+02   1.4537892e+02
   2.3585808e+02   1.4731979e+02
   2.8881588e+02   1.5068769e+02
   3.0353166e+02   1.4644362e+02
   3.1876184e+02   1.4575988e+02
   3.3388121e+02   1.4786208e+02
   3.4885747e+02   1.5089777e+02
   2.6527671e+02   1.7212069e+02
   2.6528490e+02   1.9008345e+02
   2.6479066e+02   2.0800236e+02
   2.6443055e+02   2.2591936e+02
   2.4178069e+02   2.3976199e+02
   2.5369806e+02   2.4418600e+02
   2.6606131e+02   2.4585420e+02
   2.7862643e+02   2.4499692e+02
   2.9021826e+02   2.4070799e+02
   1.9658797e+02   1.7303278e+02
   2.1026659e+02   1.6440329e+02
   2.2635848e+02   1.6426316e+02
   2.3669573e+02   1.7590046e+02
   2.2297280e+02   1.7770281e+02
   2.0934559e+02   1.7764768e+02
   2.9721911e+02   1.7800823e+02
   3.0857605e+02   1.6534128e+02
   3.2551142e+02   1.6373722e+02
   3.3756848e+02   1.7507028e+02
   3.2454670e+02   1.7931803e+02
   3.1075118e+02   1.7973559e+02
   2.1152911e+02   2.6488718e+02
   2.2957026e+02   2.6046864e+02
   2.4779453e+02   2.5861748e+02
   2.6600472e+02   2.6025054e+02
   2.8453178e+02   2.6105029e+02
   3.0314101e+02   2.6027052e+02
   3.2093706e+02   2.6492540e+02
   3.1115617e+02   2.8722154e+02
   2.8953563e+02   2.9841522e+02
   2.6504592e+02   2.9889900e+02
   2.4161287e+02   2.9795928e+02
   2.2153142e+02   2.8566427e+02
   2.2220923e+02   2.6812626e+02
   2.4350996e+02   2.6625901e+02
   2.6460459e+02   2.6908943e+02
   2.8848101e+02   2.6737556e+02
   3.1212174e+02   2.6725390e+02
   2.9317442e+02   2.8822053e+02
   2.6504631e+02   2.8868797e+02
   2.4020705e+02   2.8544593e+02
