   1.5587023e+02   1.7579832e+02
   1.5578287e+02   2.0695290e+02
   1.6132590e+02   2.3786156e+02
   1.6628853e+02   2.6850856e+02
   1.7647344e+02   2.9791496e+02
   1.9448593e+02   3.2336380e+02
   2.1686672e+02   3.4522784e+02
   2.4524321e+02   3.5732782e+02
   2.7616745e+02   3.6088856e+02
   3.0376301e+02   3.5356937e+02
   3.2971255e+02   3.4159203e+02
   3.4813230e+02   3.2013903e+02
   3.6408751e+02   2.9644318e+02
   3.7529135e+02   2.7027155e+02
   3.7782970e+02   2.4214470e+02
   3.7978635e+02   2.1362046e+02
   3.8150103e+02   1.8523870e+02
   1.7596042e+02   1.5491959e+02
   1.8906288e+02   1.4654513e+02
   2.0453140e+02   1.4407289e+02
   2.2022798e+02   1.4442577e+02
   2.3550223e+02   1.4770443e+02
   2.8834903e+02   1.5098344e+02
   3.0266272e+02   1.4549849e+02
   3.1777614e+02   1.4389711e+02
   3.3280053e+02   1.4683144e+02
   3.4773660e+02   1.4955208e+02
   2.6489448e+02   1.7240565e+02
   2.6493030e+02   1.9032899e+02
   2.6446471e+02   2.0820935e+02
   2.6413296e+02   2.2608759e+02
   2.5029570e+02   2.4540402e+02
   2.5795871e+02   2.4448962e+02
   2.6546668e+02   2.4362608e+02
   2.7535798e+02   2.4461555e+02
   2.8518933e+02   2.4606615e+02
   1.9724463e+02   1.7262175e+02
   2.0940041e+02   1.6217291e+02
   2.2544827e+02   1.6442358e+02
   2.3638202e+02   1.7622111e+02
   2.2292738e+02   1.7801675e+02
   2.0944369e+02   1.7805623e+02
   2.9677587e+02   1.7823112e+02
   3.0760992e+02   1.6477479e+02
   3.2484508e+02   1.6334782e+02
   3.3703219e+02   1.7523752e+02
   3.2404551e+02   1.7949599e+02
   3.1033988e+02   1.7951816e+02
   2.2428112e+02   2.7967342e+02
   2.3639437e+02   2.7022477e+02
   2.5149193e+02   2.6611586e+02
   2.6682499e+02   2.6796416e+02
   2.8204066e+02   2.6666173e+02
   2.9636971e+02   2.7223415e+02
   3.0980932e+02   2.7903463e+02
   2.9600497e+02   2.8451002e+02
   2.8235373e+02   2.9063276e+02
   2.6790530e+02   2.9358898e+02
   2.5235137e+02   2.9237031e+02
   2.3741630e+02   2.8772575e+02
   2.4133620e+02   2.7896750e+02
   2.5427228e+02   2.7534595e+02
   2.6753179e+02   2.7614401e+02
   2.7834573e+02   2.7578099e+02
   2.8899844e+02   2.7689159e+02
   2.7814360e+02   2.7662884e+02
   2.6750605e+02   2.7719625e+02
   2.5425890e+02   2.7652849e+02
