   1.9388525e+02   1.7984730e+02
   1.9660718e+02   2.1078759e+02
   2.0338856e+02   2.4132134e+02
   2.0843586e+02   2.7176127e+02
   2.2034693e+02   3.0052989e+02
   2.3736840e+02   3.2635579e+02
   2.5565553e+02   3.5145628e+02
   2.8274038e+02   3.6642827e+02
   3.1309352e+02   3.7131771e+02
   3.4413260e+02   3.6820774e+02
   3.7205665e+02   3.5528694e+02
   3.9260164e+02   3.3228569e+02
   4.0972198e+02   3.0667771e+02
   4.2117297e+02   2.7794927e+02
   4.2674889e+02   2.4722780e+02
   4.3287941e+02   2.1704173e+02
   4.3516885e+02   1.8627926e+02
   2.2341084e+02   1.4915355e+02
   2.3750183e+02   1.4120534e+02
   2.5324635e+02   1.3773415e+02
   2.6947128e+02   1.3607028e+02
   2.8535690e+02   1.3816596e+02
   3.4769716e+02   1.4468907e+02
   3.6232599e+02   1.4054989e+02
   3.7730681e+02   1.4056361e+02
   3.9228554e+02   1.4292497e+02
   4.0619860e+02   1.4864254e+02
   3.1567013e+02   1.7348575e+02
   3.1377290e+02   1.9488965e+02
   3.1217839e+02   2.1609052e+02
   3.1036512e+02   2.3732518e+02
   2.8957810e+02   2.4748430e+02
   3.0011816e+02   2.5348537e+02
   3.1161159e+02   2.5736833e+02
   3.2452097e+02   2.5431361e+02
   3.3639852e+02   2.4844635e+02
   2.4506955e+02   1.7534399e+02
   2.5789340e+02   1.6339130e+02
   2.7522837e+02   1.6415231e+02
   2.8715739e+02   1.7679846e+02
   2.7332359e+02   1.8179841e+02
   2.5848919e+02   1.8108632e+02
   3.4674026e+02   1.7953582e+02
   3.5900810e+02   1.6578917e+02
   3.7738227e+02   1.6512720e+02
   3.9048575e+02   1.7765150e+02
   3.7695747e+02   1.8510739e+02
   3.6139607e+02   1.8443923e+02
   2.7471323e+02   2.8973764e+02
   2.8786109e+02   2.8443675e+02
   3.0108255e+02   2.7981757e+02
   3.1412431e+02   2.8385151e+02
   3.2916986e+02   2.8042176e+02
   3.4401219e+02   2.8574827e+02
   3.5908522e+02   2.8992663e+02
   3.4553848e+02   3.0022576e+02
   3.3168456e+02   3.0956597e+02
   3.1534483e+02   3.1184569e+02
   3.0038266e+02   3.0693274e+02
   2.8668257e+02   2.9972454e+02
   2.9148533e+02   2.9076458e+02
   3.0288767e+02   2.9061089e+02
   3.1395822e+02   2.9266791e+02
   3.2586954e+02   2.9221650e+02
   3.3755803e+02   2.9220428e+02
   3.2572457e+02   2.9467720e+02
   3.1365038e+02   2.9555262e+02
   3.0246635e+02   2.9309540e+02
