   1.9405435e+02   1.7985107e+02
   1.9807275e+02   2.1102653e+02
   2.0393611e+02   2.4215180e+02
   2.0994585e+02   2.7276357e+02
   2.2190839e+02   3.0172642e+02
   2.3929385e+02   3.2787199e+02
   2.5844610e+02   3.5265145e+02
   2.8651751e+02   3.6640585e+02
   3.1724502e+02   3.7170734e+02
   3.4772208e+02   3.6816322e+02
   3.7454391e+02   3.5375305e+02
   3.9426666e+02   3.3055448e+02
   4.1019569e+02   3.0449411e+02
   4.2112093e+02   2.7603700e+02
   4.2648959e+02   2.4560553e+02
   4.3245189e+02   2.1568458e+02
   4.3455829e+02   1.8538323e+02
   2.2336993e+02   1.4915198e+02
   2.3738509e+02   1.4117893e+02
   2.5306457e+02   1.3766197e+02
   2.6922944e+02   1.3594458e+02
   2.8506982e+02   1.3797546e+02
   3.4722634e+02   1.4424991e+02
   3.6179141e+02   1.4007125e+02
   3.7672241e+02   1.4003038e+02
   3.9165989e+02   1.4232936e+02
   4.0554746e+02   1.4797724e+02
   3.1467761e+02   1.7355758e+02
   3.1355076e+02   1.9502360e+02
   3.1204609e+02   2.1629721e+02
   3.1120869e+02   2.3762129e+02
   2.9084991e+02   2.4856834e+02
   3.0105631e+02   2.5317306e+02
   3.1167108e+02   2.5668550e+02
   3.2452636e+02   2.5359395e+02
   3.3634302e+02   2.4770298e+02
   2.4569004e+02   1.7718766e+02
   2.5776404e+02   1.6543734e+02
   2.7450291e+02   1.6538214e+02
   2.8648498e+02   1.7686100e+02
   2.7327701e+02   1.8220657e+02
   2.5889617e+02   1.8217134e+02
   3.4812297e+02   1.7852848e+02
   3.6071678e+02   1.6726244e+02
   3.7756137e+02   1.6729873e+02
   3.9014340e+02   1.7840863e+02
   3.7671917e+02   1.8449213e+02
   3.6191335e+02   1.8368260e+02
   2.7490269e+02   2.9078788e+02
   2.8757451e+02   2.8402906e+02
   3.0095683e+02   2.7913017e+02
   3.1427184e+02   2.8307139e+02
   3.2948463e+02   2.7963236e+02
   3.4439047e+02   2.8500079e+02
   3.5914556e+02   2.9065167e+02
   3.4558530e+02   3.0137062e+02
   3.3191442e+02   3.1147609e+02
   3.1562063e+02   3.1562798e+02
   3.0010091e+02   3.1082619e+02
   2.8702741e+02   3.0145828e+02
   2.9090817e+02   2.9114594e+02
   3.0282065e+02   2.8984415e+02
   3.1456614e+02   2.9161925e+02
   3.2702671e+02   2.9096892e+02
   3.3928504e+02   2.9168579e+02
   3.2701176e+02   2.9676880e+02
   3.1381535e+02   2.9763101e+02
   3.0203489e+02   2.9524475e+02
