   1.7729843e+02   1.8803340e+02
   1.7876836e+02   2.2140170e+02
   1.8501718e+02   2.5399370e+02
   1.9023728e+02   2.8703545e+02
   2.0103631e+02   3.1852110e+02
   2.2142770e+02   3.4465426e+02
   2.4460148e+02   3.6860776e+02
   2.7237435e+02   3.8699077e+02
   3.0468086e+02   3.9065684e+02
   3.3224529e+02   3.7974521e+02
   3.5190284e+02   3.5697372e+02
   3.6984217e+02   3.3246297e+02
   3.8520580e+02   3.0688928e+02
   3.9051911e+02   2.7709427e+02
   3.9427592e+02   2.4719019e+02
   3.9732327e+02   2.1716574e+02
   4.0176586e+02   1.8751255e+02
   2.0524355e+02   1.7105458e+02
   2.2035415e+02   1.6565324e+02
   2.3589344e+02   1.6142349e+02
   2.5175329e+02   1.6312397e+02
   2.6737981e+02   1.6657668e+02
   3.2601369e+02   1.7087075e+02
   3.3980455e+02   1.6560915e+02
   3.5431361e+02   1.6334615e+02
   3.6886094e+02   1.6431968e+02
   3.8254938e+02   1.6906211e+02
   2.9938174e+02   1.8646499e+02
   3.0026998e+02   2.0864685e+02
   3.0077702e+02   2.3068666e+02
   3.0146703e+02   2.5267504e+02
   2.7904598e+02   2.6366870e+02
   2.9038742e+02   2.6884735e+02
   3.0255216e+02   2.7029262e+02
   3.1355496e+02   2.6867611e+02
   3.2288734e+02   2.6282521e+02
   2.2868972e+02   1.9000231e+02
   2.4204114e+02   1.8339888e+02
   2.5702374e+02   1.8313132e+02
   2.6740997e+02   1.9315908e+02
   2.5443866e+02   1.9978302e+02
   2.3986654e+02   1.9900245e+02
   3.2547206e+02   1.9605111e+02
   3.3630110e+02   1.8432213e+02
   3.5245399e+02   1.8338880e+02
   3.6455839e+02   1.9355127e+02
   3.5244363e+02   1.9987600e+02
   3.3872283e+02   1.9985055e+02
   2.6360993e+02   3.0583661e+02
   2.7616157e+02   3.0089032e+02
   2.8869927e+02   2.9592214e+02
   3.0159711e+02   2.9849509e+02
   3.1429130e+02   2.9574576e+02
   3.2637321e+02   3.0079674e+02
   3.3749497e+02   3.0776444e+02
   3.2705240e+02   3.1452060e+02
   3.1582522e+02   3.1971477e+02
   3.0374902e+02   3.2190643e+02
   2.8903427e+02   3.2017712e+02
   2.7531961e+02   3.1454729e+02
   2.7586500e+02   3.0605502e+02
   2.8855745e+02   3.0148301e+02
   3.0193524e+02   3.0072289e+02
   3.1280308e+02   3.0208576e+02
   3.2261076e+02   3.0684887e+02
   3.1249265e+02   3.1150553e+02
   3.0148558e+02   3.1196995e+02
   2.8832048e+02   3.1030328e+02
