   2.3275717e+02   1.7563519e+02
   2.3188707e+02   2.0434959e+02
   2.3564031e+02   2.3302231e+02
   2.3892105e+02   2.6140358e+02
   2.4590939e+02   2.8945125e+02
   2.5959598e+02   3.1439607e+02
   2.8259638e+02   3.3120490e+02
   3.0943696e+02   3.4195893e+02
   3.3765762e+02   3.4496999e+02
   3.6299900e+02   3.4347794e+02
   3.8707871e+02   3.3590107e+02
   4.0877125e+02   3.2331625e+02
   4.2452248e+02   3.0368966e+02
   4.3585951e+02   2.8118692e+02
   4.4441769e+02   2.5729214e+02
   4.4884078e+02   2.3255750e+02
   4.5312778e+02   2.0765400e+02
   2.5470950e+02   1.4778067e+02
   2.6874728e+02   1.4216539e+02
   2.8387355e+02   1.4094668e+02
   2.9884759e+02   1.4364945e+02
   3.1327028e+02   1.4821630e+02
   3.7659351e+02   1.5335063e+02
   3.9097086e+02   1.4759227e+02
   4.0638492e+02   1.4688838e+02
   4.2150412e+02   1.4895283e+02
   4.3460310e+02   1.5625071e+02
   3.4359603e+02   1.8066392e+02
   3.4146735e+02   1.9661946e+02
   3.4019342e+02   2.1273661e+02
   3.3979257e+02   2.2869134e+02
   3.1933972e+02   2.4028440e+02
   3.2875283e+02   2.4247520e+02
   3.3815132e+02   2.4321091e+02
   3.4742708e+02   2.4377869e+02
   3.5652971e+02   2.4509721e+02
   2.7239601e+02   1.8106780e+02
   2.8638508e+02   1.7149048e+02
   3.0315917e+02   1.7296997e+02
   3.1536792e+02   1.8444872e+02
   3.0069464e+02   1.8619593e+02
   2.8604750e+02   1.8609864e+02
   3.7350719e+02   1.8572685e+02
   3.8708206e+02   1.7638213e+02
   4.0352093e+02   1.7564449e+02
   4.1479441e+02   1.8700086e+02
   4.0128424e+02   1.9114744e+02
   3.8713536e+02   1.8978827e+02
   2.9504538e+02   2.8068106e+02
   3.0908449e+02   2.7585859e+02
   3.2268306e+02   2.7003132e+02
   3.3708510e+02   2.7100971e+02
   3.5205294e+02   2.7100232e+02
   3.6582051e+02   2.7698343e+02
   3.7953087e+02   2.8321691e+02
   3.6636318e+02   2.8994224e+02
   3.5221369e+02   2.9338384e+02
   3.3781972e+02   2.9243781e+02
   3.2302541e+02   2.9100004e+02
   3.0900140e+02   2.8588661e+02
   3.1652364e+02   2.7897710e+02
   3.2665673e+02   2.7861800e+02
   3.3659538e+02   2.7918392e+02
   3.4753677e+02   2.7965185e+02
   3.5826376e+02   2.8086824e+02
   3.4713857e+02   2.8003946e+02
   3.3610821e+02   2.7960313e+02
   3.2631608e+02   2.7918119e+02
