   2.3296289e+02   1.7573943e+02
   2.3207758e+02   2.0435053e+02
   2.3579909e+02   2.3292305e+02
   2.3904998e+02   2.6120486e+02
   2.4599541e+02   2.8915664e+02
   2.5961711e+02   3.1402094e+02
   2.8252448e+02   3.3078430e+02
   3.0926216e+02   3.4151699e+02
   3.3737992e+02   3.4453529e+02
   3.6263158e+02   3.4306475e+02
   3.8662997e+02   3.3553036e+02
   4.0825293e+02   3.2300442e+02
   4.2396032e+02   3.0345811e+02
   4.3527115e+02   2.8104312e+02
   4.4381396e+02   2.5723929e+02
   4.4823701e+02   2.3259598e+02
   4.5252457e+02   2.0778432e+02
   2.5485445e+02   1.4799858e+02
   2.6920837e+02   1.4369303e+02
   2.8406924e+02   1.4235901e+02
   2.9883550e+02   1.4475013e+02
   3.1320542e+02   1.4847002e+02
   3.7261834e+02   1.5040737e+02
   3.8826000e+02   1.4854572e+02
   4.0413551e+02   1.4753752e+02
   4.1950284e+02   1.5070895e+02
   4.3409897e+02   1.5655313e+02
   3.4340196e+02   1.8082090e+02
   3.4127071e+02   1.9671799e+02
   3.3999105e+02   2.1277667e+02
   3.3958145e+02   2.2867405e+02
   3.2072394e+02   2.4433918e+02
   3.3066872e+02   2.4300142e+02
   3.4043334e+02   2.4463692e+02
   3.4879349e+02   2.4392294e+02
   3.5698818e+02   2.4522285e+02
   2.7245643e+02   1.8117790e+02
   2.8640156e+02   1.7164377e+02
   3.0311469e+02   1.7312867e+02
   3.1527243e+02   1.8457415e+02
   3.0065053e+02   1.8630574e+02
   2.8605586e+02   1.8619945e+02
   3.7320286e+02   1.8588481e+02
   3.8673512e+02   1.7658219e+02
   4.0311564e+02   1.7585769e+02
   4.1434154e+02   1.8718061e+02
   4.0087707e+02   1.9130374e+02
   3.8677968e+02   1.8994040e+02
   2.9266757e+02   2.8206085e+02
   3.0703122e+02   2.7432847e+02
   3.2190257e+02   2.6747928e+02
   3.3797307e+02   2.6676785e+02
   3.5391705e+02   2.6768536e+02
   3.6785487e+02   2.7560992e+02
   3.8096115e+02   2.8471323e+02
   3.6609319e+02   2.8534027e+02
   3.5134813e+02   2.8598420e+02
   3.3651574e+02   2.8536654e+02
   3.2173452e+02   2.8438233e+02
   3.0712033e+02   2.8364585e+02
   3.1691904e+02   2.7491068e+02
   3.2743854e+02   2.7416690e+02
   3.3791922e+02   2.7378045e+02
   3.4818593e+02   2.7390671e+02
   3.5829294e+02   2.7551748e+02
   3.4808983e+02   2.7424354e+02
   3.3787202e+02   2.7420963e+02
   3.2730924e+02   2.7380234e+02
