   2.3278804e+02   1.7572614e+02
   2.3192835e+02   2.0443919e+02
   2.3569172e+02   2.3310888e+02
   2.3898251e+02   2.6148732e+02
   2.4598057e+02   2.8953084e+02
   2.5967536e+02   3.1446927e+02
   2.8268048e+02   3.3126882e+02
   3.0952338e+02   3.4201255e+02
   3.3774349e+02   3.4501325e+02
   3.6308286e+02   3.4351214e+02
   3.8715844e+02   3.3592703e+02
   4.0884518e+02   3.2333511e+02
   4.2458841e+02   3.0370398e+02
   4.3591666e+02   2.8119846e+02
   4.4446573e+02   2.5730197e+02
   4.4887964e+02   2.3256718e+02
   4.5315740e+02   2.0766358e+02
   2.5472904e+02   1.4786531e+02
   2.6883909e+02   1.4251117e+02
   2.8392005e+02   1.4126020e+02
   2.9886259e+02   1.4389272e+02
   3.1328658e+02   1.4827979e+02
   3.7665386e+02   1.5343105e+02
   3.9098269e+02   1.4769705e+02
   4.0632496e+02   1.4700843e+02
   4.2135500e+02   1.4932810e+02
   4.3461525e+02   1.5626995e+02
   3.4362228e+02   1.8071458e+02
   3.4149947e+02   1.9666996e+02
   3.4023143e+02   2.1278664e+02
   3.3983637e+02   2.2874059e+02
   3.1936981e+02   2.4028895e+02
   3.2877612e+02   2.4252017e+02
   3.3816934e+02   2.4324128e+02
   3.4745576e+02   2.4382169e+02
   3.5656923e+02   2.4513709e+02
   2.7242654e+02   1.8114413e+02
   2.8641134e+02   1.7156232e+02
   3.0318499e+02   1.7303567e+02
   3.1539717e+02   1.8450935e+02
   3.0072537e+02   1.8626176e+02
   2.8607905e+02   1.8616976e+02
   3.7353353e+02   1.8576643e+02
   3.8710423e+02   1.7641735e+02
   4.0354188e+02   1.7567383e+02
   4.1481881e+02   1.8702547e+02
   4.0131092e+02   1.9117669e+02
   3.8716237e+02   1.8982270e+02
   2.9513910e+02   2.8072334e+02
   3.0923436e+02   2.7615828e+02
   3.2275076e+02   2.7029656e+02
   3.3713044e+02   2.7110820e+02
   3.5206258e+02   2.7122340e+02
   3.6581040e+02   2.7714928e+02
   3.7956937e+02   2.8322769e+02
   3.6646851e+02   2.9001938e+02
   3.5231807e+02   2.9328979e+02
   3.3798178e+02   2.9222747e+02
   3.2319306e+02   2.9071125e+02
   3.0910719e+02   2.8584429e+02
   3.1658003e+02   2.7907984e+02
   3.2670715e+02   2.7872200e+02
   3.3663823e+02   2.7929622e+02
   3.4758707e+02   2.7976449e+02
   3.5832111e+02   2.8097206e+02
   3.4718529e+02   2.8015284e+02
   3.3614578e+02   2.7971544e+02
   3.2636410e+02   2.7929681e+02
