   1.6357598e+02   2.5166016e+02
   1.6369082e+02   2.8574942e+02
   1.7435903e+02   3.1816457e+02
   1.8711851e+02   3.4991439e+02
   2.0438830e+02   3.7951752e+02
   2.3025862e+02   4.0186083e+02
   2.6053558e+02   4.1672737e+02
   2.9459275e+02   4.1755065e+02
   3.2867762e+02   4.1639001e+02
   3.5787215e+02   4.0747313e+02
   3.8276127e+02   3.8968145e+02
   4.0353654e+02   3.6726863e+02
   4.1585099e+02   3.3970779e+02
   4.1922009e+02   3.0920091e+02
   4.2037840e+02   2.7859544e+02
   4.1866275e+02   2.4810347e+02
   4.1124791e+02   2.1871886e+02
   1.8186747e+02   2.1579029e+02
   1.9246259e+02   1.9843377e+02
   2.1003738e+02   1.8897308e+02
   2.3010187e+02   1.9198147e+02
   2.4921273e+02   1.9866577e+02
   3.1125810e+02   1.9154355e+02
   3.2730743e+02   1.8107177e+02
   3.4522085e+02   1.7490601e+02
   3.6395457e+02   1.7702506e+02
   3.8063076e+02   1.8588020e+02
   2.8510799e+02   2.1342308e+02
   2.8839327e+02   2.3386169e+02
   2.9203824e+02   2.5433550e+02
   2.9480283e+02   2.7472382e+02
   2.6790872e+02   2.9572530e+02
   2.8497580e+02   2.9755613e+02
   3.0178086e+02   2.9585195e+02
   3.1753695e+02   2.9248819e+02
   3.3195840e+02   2.8573683e+02
   2.0413327e+02   2.3519019e+02
   2.1693770e+02   2.2081263e+02
   2.3638390e+02   2.1893626e+02
   2.5241186e+02   2.2975392e+02
   2.3600016e+02   2.3323552e+02
   2.2011550e+02   2.3859188e+02
   3.1837422e+02   2.2257736e+02
   3.3170897e+02   2.0873416e+02
   3.5060035e+02   2.0500566e+02
   3.6635232e+02   2.1507359e+02
   3.5112836e+02   2.2076757e+02
   3.3460454e+02   2.2083839e+02
   2.5301208e+02   3.4027384e+02
   2.6828960e+02   3.2862350e+02
   2.8440750e+02   3.1870786e+02
   3.0296955e+02   3.1959134e+02
   3.2034785e+02   3.1192363e+02
   3.3905893e+02   3.1499650e+02
   3.5584723e+02   3.2413939e+02
   3.4311031e+02   3.3801281e+02
   3.2728904e+02   3.4788959e+02
   3.0916765e+02   3.5066973e+02
   2.8887951e+02   3.5362083e+02
   2.6867314e+02   3.5229440e+02
   2.6608646e+02   3.3550019e+02
   2.7916083e+02   3.3536827e+02
   3.0522586e+02   3.3008589e+02
   3.3058604e+02   3.2629680e+02
   3.4321663e+02   3.2649307e+02
   3.3042266e+02   3.2668933e+02
   3.0556413e+02   3.3046414e+02
   2.7920044e+02   3.3563212e+02
