   1.6150309e+02   2.5402104e+02
   1.6388157e+02   2.8728889e+02
   1.7443390e+02   3.1890284e+02
   1.8644679e+02   3.4996719e+02
   2.0190462e+02   3.7960652e+02
   2.2785719e+02   4.0043095e+02
   2.5719219e+02   4.1581860e+02
   2.9026874e+02   4.1837081e+02
   3.2349423e+02   4.1646427e+02
   3.5388843e+02   4.0873165e+02
   3.8045926e+02   3.9198616e+02
   4.0174800e+02   3.6913207e+02
   4.1525579e+02   3.4087921e+02
   4.1697457e+02   3.0961949e+02
   4.1723730e+02   2.7814833e+02
   4.1780986e+02   2.4671556e+02
   4.0654600e+02   2.1815218e+02
   1.7917240e+02   2.2066473e+02
   1.8964046e+02   2.0575382e+02
   2.0596325e+02   1.9772023e+02
   2.2412310e+02   1.9845672e+02
   2.4064966e+02   2.0606251e+02
   3.1054374e+02   1.9200091e+02
   3.2630794e+02   1.8300355e+02
   3.4355052e+02   1.7852549e+02
   3.6133511e+02   1.8102188e+02
   3.7655637e+02   1.9029419e+02
   2.8452865e+02   2.1395330e+02
   2.8789390e+02   2.3434414e+02
   2.9161837e+02   2.5476861e+02
   2.9446358e+02   2.7511141e+02
   2.6137875e+02   2.8880216e+02
   2.7856559e+02   2.9651541e+02
   2.9732154e+02   2.9743939e+02
   3.1452215e+02   2.9066765e+02
   3.2656731e+02   2.7687698e+02
   1.9803223e+02   2.4294946e+02
   2.1491292e+02   2.4073632e+02
   2.3174382e+02   2.3696918e+02
   2.4804488e+02   2.3234474e+02
   2.3195525e+02   2.3836550e+02
   2.1510445e+02   2.4217989e+02
   3.1777774e+02   2.2295328e+02
   3.3405702e+02   2.2183572e+02
   3.5062368e+02   2.2087630e+02
   3.6643756e+02   2.1776810e+02
   3.5075904e+02   2.2280661e+02
   3.3413732e+02   2.2332932e+02
   2.5481253e+02   3.3456386e+02
   2.6461736e+02   3.1879037e+02
   2.8263104e+02   3.1345348e+02
   3.0132085e+02   3.1634280e+02
   3.1758611e+02   3.0837605e+02
   3.3564767e+02   3.0806737e+02
   3.5130348e+02   3.1662725e+02
   3.4209322e+02   3.3161796e+02
   3.2425201e+02   3.3675080e+02
   3.0567415e+02   3.3855602e+02
   2.8726196e+02   3.4405105e+02
   2.6854343e+02   3.4623543e+02
   2.6668983e+02   3.2968125e+02
   2.7856712e+02   3.2951405e+02
   3.0255738e+02   3.2680032e+02
   3.2705206e+02   3.2146641e+02
   3.3917777e+02   3.2171482e+02
   3.2697308e+02   3.2196322e+02
   3.0283282e+02   3.2710038e+02
   2.7854504e+02   3.2984845e+02
