   1.6113548e+02   2.5503908e+02
   1.6340255e+02   2.8807613e+02
   1.7404653e+02   3.1939523e+02
   1.8617081e+02   3.5024849e+02
   2.0171231e+02   3.7951341e+02
   2.2689932e+02   4.0088740e+02
   2.5631991e+02   4.1567747e+02
   2.8916391e+02   4.1886127e+02
   3.2204371e+02   4.1657251e+02
   3.5278377e+02   4.0922086e+02
   3.7963451e+02   3.9249693e+02
   4.0131532e+02   3.6964700e+02
   4.1509459e+02   3.4139934e+02
   4.1703646e+02   3.0989766e+02
   4.1705404e+02   2.7821218e+02
   4.1741641e+02   2.4649215e+02
   4.0641507e+02   2.1756838e+02
   1.7989567e+02   2.1931539e+02
   1.9060423e+02   2.0484372e+02
   2.0702306e+02   1.9773289e+02
   2.2497249e+02   1.9899892e+02
   2.4157067e+02   2.0597623e+02
   3.1055308e+02   1.9190149e+02
   3.2598341e+02   1.8266370e+02
   3.4311119e+02   1.7818618e+02
   3.6077850e+02   1.8065981e+02
   3.7609058e+02   1.8949216e+02
   2.8453525e+02   2.1385027e+02
   2.8789776e+02   2.3424140e+02
   2.9161949e+02   2.5466622e+02
   2.9446197e+02   2.7500925e+02
   2.6101940e+02   2.8900272e+02
   2.7850890e+02   2.9604256e+02
   2.9727621e+02   2.9707759e+02
   3.1463905e+02   2.9051710e+02
   3.2718724e+02   2.7717034e+02
   1.9897998e+02   2.4190449e+02
   2.1513478e+02   2.3795930e+02
   2.3173024e+02   2.3446036e+02
   2.4803145e+02   2.3197780e+02
   2.3205797e+02   2.3722468e+02
   2.1565765e+02   2.4128514e+02
   3.1778290e+02   2.2285461e+02
   3.3294757e+02   2.1946821e+02
   3.4905680e+02   2.1818296e+02
   3.6433648e+02   2.1769681e+02
   3.4919618e+02   2.2198730e+02
   3.3339830e+02   2.2256844e+02
   2.5406035e+02   3.3416085e+02
   2.6458669e+02   3.1888434e+02
   2.8263015e+02   3.1374075e+02
   3.0130688e+02   3.1613956e+02
   3.1766484e+02   3.0843985e+02
   3.3563891e+02   3.0804652e+02
   3.5152790e+02   3.1603419e+02
   3.4150825e+02   3.3087064e+02
   3.2396465e+02   3.3675856e+02
   3.0538611e+02   3.3822098e+02
   2.8667226e+02   3.4394028e+02
   2.6753511e+02   3.4646617e+02
   2.6619247e+02   3.2962343e+02
   2.7832458e+02   3.2950734e+02
   3.0264991e+02   3.2636311e+02
   3.2733554e+02   3.2154890e+02
   3.3943172e+02   3.2177141e+02
   3.2721117e+02   3.2199392e+02
   3.0283997e+02   3.2666742e+02
   2.7821158e+02   3.2973951e+02
