   1.8616717e+02   2.3928859e+02
   1.8712144e+02   2.7068683e+02
   1.9108535e+02   3.0181175e+02
   1.9792443e+02   3.3226127e+02
   2.0777345e+02   3.6158318e+02
   2.2833922e+02   3.8497377e+02
   2.4963202e+02   4.0853563e+02
   2.7453875e+02   4.2782918e+02
   3.0481356e+02   4.3319229e+02
   3.3571619e+02   4.2683236e+02
   3.6131089e+02   4.0738106e+02
   3.8479819e+02   3.8541869e+02
   4.0420311e+02   3.6034979e+02
   4.1626317e+02   3.3082577e+02
   4.2119355e+02   2.9947566e+02
   4.2326449e+02   2.6781222e+02
   4.2459259e+02   2.3597885e+02
   2.0710297e+02   1.9252193e+02
   2.2201471e+02   1.8054780e+02
   2.4011864e+02   1.7399369e+02
   2.5934274e+02   1.7214046e+02
   2.7847003e+02   1.7133229e+02
   3.3145068e+02   1.7383117e+02
   3.4931050e+02   1.6774036e+02
   3.6822315e+02   1.6677704e+02
   3.8561667e+02   1.7331235e+02
   4.0031395e+02   1.8499937e+02
   3.0544338e+02   2.1099741e+02
   3.0560933e+02   2.2728903e+02
   3.0616745e+02   2.4339726e+02
   3.0764832e+02   2.5940101e+02
   2.8160745e+02   2.8093864e+02
   2.9365408e+02   2.7908113e+02
   3.0558806e+02   2.7918594e+02
   3.1831487e+02   2.7951696e+02
   3.3096914e+02   2.8086836e+02
   2.3079078e+02   2.2229508e+02
   2.4542698e+02   2.2209268e+02
   2.6024031e+02   2.2079614e+02
   2.7500297e+02   2.1686252e+02
   2.6059740e+02   2.2068497e+02
   2.4571825e+02   2.2257861e+02
   3.4005860e+02   2.1711799e+02
   3.5199338e+02   2.2188838e+02
   3.6431012e+02   2.2246009e+02
   3.7646485e+02   2.2236534e+02
   3.6398333e+02   2.2256953e+02
   3.5168238e+02   2.2107197e+02
   2.6828154e+02   3.3758104e+02
   2.7556857e+02   3.2009343e+02
   2.8819580e+02   3.0711459e+02
   3.0499643e+02   3.0984652e+02
   3.2321822e+02   3.0690816e+02
   3.3722522e+02   3.1974815e+02
   3.4071553e+02   3.3955724e+02
   3.3348334e+02   3.6076842e+02
   3.2099896e+02   3.7831068e+02
   3.0158913e+02   3.8521132e+02
   2.8363570e+02   3.7731910e+02
   2.7511677e+02   3.5739070e+02
   2.6865472e+02   3.3650267e+02
   2.8292171e+02   3.2008301e+02
   3.0357223e+02   3.1784475e+02
   3.2573693e+02   3.1941370e+02
   3.3853247e+02   3.3896269e+02
   3.2631585e+02   3.6121289e+02
   3.0402404e+02   3.6986718e+02
   2.8152483e+02   3.5918721e+02
