   2.2313826e+02   1.9465496e+02
   2.2199203e+02   2.2506408e+02
   2.2642838e+02   2.5492359e+02
   2.3423663e+02   2.8406503e+02
   2.4699096e+02   3.1147783e+02
   2.6358890e+02   3.3674401e+02
   2.8831326e+02   3.5387412e+02
   3.1621585e+02   3.6515828e+02
   3.4614456e+02   3.6735206e+02
   3.7621431e+02   3.6487555e+02
   4.0405355e+02   3.5384542e+02
   4.2712064e+02   3.3482402e+02
   4.4183849e+02   3.0882931e+02
   4.5309542e+02   2.8090432e+02
   4.6118590e+02   2.5194118e+02
   4.6529291e+02   2.2218258e+02
   4.6806068e+02   1.9232927e+02
   2.4076278e+02   1.6106765e+02
   2.5294467e+02   1.4650696e+02
   2.7186014e+02   1.4131517e+02
   2.9120321e+02   1.3759226e+02
   3.0991355e+02   1.4162909e+02
   3.7159925e+02   1.3385686e+02
   3.9002219e+02   1.3127071e+02
   4.0838295e+02   1.3202176e+02
   4.2555494e+02   1.3803943e+02
   4.3876076e+02   1.5059670e+02
   3.4020410e+02   1.7261928e+02
   3.3974084e+02   1.9161960e+02
   3.3892832e+02   2.1027769e+02
   3.3766136e+02   2.2900958e+02
   3.1539239e+02   2.4522045e+02
   3.2579996e+02   2.4929588e+02
   3.3676675e+02   2.5077783e+02
   3.5055975e+02   2.4973458e+02
   3.6348985e+02   2.4517247e+02
   2.6746142e+02   1.7654482e+02
   2.8200706e+02   1.6417860e+02
   3.0129772e+02   1.6504904e+02
   3.1653230e+02   1.7651006e+02
   3.0006842e+02   1.8245266e+02
   2.8294909e+02   1.8374212e+02
   3.6861600e+02   1.7604273e+02
   3.8180407e+02   1.6234689e+02
   4.0098297e+02   1.6117133e+02
   4.1639280e+02   1.7213487e+02
   4.0192648e+02   1.8071669e+02
   3.8482795e+02   1.8080081e+02
   2.9316611e+02   2.7850585e+02
   3.0809073e+02   2.7118076e+02
   3.2437513e+02   2.6748674e+02
   3.4085666e+02   2.7001306e+02
   3.5924228e+02   2.6733063e+02
   3.7729097e+02   2.7196385e+02
   3.9465044e+02   2.7730061e+02
   3.7907482e+02   2.8812303e+02
   3.6182581e+02   2.9596555e+02
   3.4309362e+02   2.9844391e+02
   3.2494383e+02   2.9591096e+02
   3.0823356e+02   2.8878970e+02
   3.1454084e+02   2.8013792e+02
   3.2780663e+02   2.8037358e+02
   3.4097494e+02   2.8108039e+02
   3.5476514e+02   2.8073664e+02
   3.6838743e+02   2.8084618e+02
   3.5460800e+02   2.8198024e+02
   3.4084265e+02   2.8234504e+02
   3.2764833e+02   2.8148775e+02
