   1.9136846e+02   2.4662718e+02
   1.9372855e+02   2.7700116e+02
   1.9887420e+02   3.0658762e+02
   2.0575577e+02   3.3609217e+02
   2.1554038e+02   3.6439349e+02
   2.3220662e+02   3.8955959e+02
   2.5227967e+02   4.1200694e+02
   2.7817847e+02   4.2707012e+02
   3.0766291e+02   4.3225774e+02
   3.3703899e+02   4.2839041e+02
   3.6187112e+02   4.1249107e+02
   3.8057233e+02   3.8954430e+02
   3.9334010e+02   3.6289037e+02
   4.0299980e+02   3.3470089e+02
   4.0889763e+02   3.0562410e+02
   4.1297037e+02   2.7622425e+02
   4.1405715e+02   2.4664886e+02
   2.1127720e+02   1.8668459e+02
   2.1733804e+02   1.6951529e+02
   2.3133776e+02   1.5785375e+02
   2.4924520e+02   1.5381053e+02
   2.6734167e+02   1.5621613e+02
   3.4006139e+02   1.5970817e+02
   3.5679092e+02   1.5749743e+02
   3.7341046e+02   1.5886267e+02
   3.8839150e+02   1.6642231e+02
   3.9665348e+02   1.8051493e+02
   3.0887047e+02   2.0676562e+02
   3.0857801e+02   2.2334926e+02
   3.0832825e+02   2.3989430e+02
   3.0837638e+02   2.5629606e+02
   2.8416011e+02   2.8926585e+02
   2.9663586e+02   2.8895236e+02
   3.0897117e+02   2.8970790e+02
   3.1956328e+02   2.8840636e+02
   3.3020891e+02   2.8863553e+02
   2.3209545e+02   2.1115712e+02
   2.4405920e+02   2.0086532e+02
   2.6003789e+02   2.0124512e+02
   2.7291730e+02   2.1056924e+02
   2.5978595e+02   2.1850494e+02
   2.4465879e+02   2.1928352e+02
   3.4289052e+02   2.0880259e+02
   3.5608107e+02   2.0050185e+02
   3.7145201e+02   2.0035335e+02
   3.8156609e+02   2.1149568e+02
   3.6889582e+02   2.1792107e+02
   3.5468884e+02   2.1672627e+02
   2.6179645e+02   3.4251678e+02
   2.7254214e+02   3.2494893e+02
   2.8896166e+02   3.1248606e+02
   3.0876212e+02   3.1468245e+02
   3.2748678e+02   3.1124205e+02
   3.4379958e+02   3.2285199e+02
   3.5298790e+02   3.4009388e+02
   3.4188746e+02   3.5937350e+02
   3.2955695e+02   3.7745124e+02
   3.0915980e+02   3.8397273e+02
   2.8796849e+02   3.7823943e+02
   2.7356077e+02   3.6143194e+02
   2.6870787e+02   3.4217118e+02
   2.8583445e+02   3.2675667e+02
   3.0864247e+02   3.2487296e+02
   3.3066755e+02   3.2605731e+02
   3.4673122e+02   3.4048955e+02
   3.2974741e+02   3.5643856e+02
   3.0819907e+02   3.6450856e+02
   2.8568666e+02   3.5761885e+02
