   1.9017240e+02   2.4537934e+02
   1.9255630e+02   2.7634539e+02
   1.9778336e+02   3.0651895e+02
   2.0483718e+02   3.3657899e+02
   2.1429544e+02   3.6559921e+02
   2.3056618e+02   3.9179683e+02
   2.5030216e+02   4.1539550e+02
   2.7682000e+02   4.3046995e+02
   3.0695396e+02   4.3593684e+02
   3.3703425e+02   4.3230128e+02
   3.6249764e+02   4.1638502e+02
   3.8066740e+02   3.9210485e+02
   3.9277160e+02   3.6435456e+02
   4.0216026e+02   3.3541782e+02
   4.0866480e+02   3.0578445e+02
   4.1360014e+02   2.7592204e+02
   4.1473760e+02   2.4571768e+02
   2.1009250e+02   1.8443062e+02
   2.1569717e+02   1.6695606e+02
   2.2972383e+02   1.5501569e+02
   2.4771406e+02   1.5035867e+02
   2.6600120e+02   1.5268728e+02
   3.4014420e+02   1.5620996e+02
   3.5705347e+02   1.5387405e+02
   3.7382105e+02   1.5544372e+02
   3.8897976e+02   1.6313469e+02
   3.9724490e+02   1.7740921e+02
   3.0872122e+02   2.0534887e+02
   3.0840272e+02   2.2207185e+02
   3.0812735e+02   2.3875594e+02
   3.0815258e+02   2.5529598e+02
   2.8365629e+02   2.8846182e+02
   2.9625066e+02   2.8821020e+02
   3.0870490e+02   2.8899022e+02
   3.1940743e+02   2.8769194e+02
   3.3015534e+02   2.8788491e+02
   2.3098693e+02   2.0886065e+02
   2.4310724e+02   1.9824586e+02
   2.5945180e+02   1.9883554e+02
   2.7248059e+02   2.0856965e+02
   2.5910189e+02   2.1676375e+02
   2.4364272e+02   2.1746943e+02
   3.4281292e+02   2.0681647e+02
   3.5639159e+02   1.9825006e+02
   3.7218586e+02   1.9796119e+02
   3.8253814e+02   2.0946756e+02
   3.6963589e+02   2.1638433e+02
   3.5498145e+02   2.1501675e+02
   2.6101021e+02   3.4345072e+02
   2.7128117e+02   3.2485938e+02
   2.8790721e+02   3.1175915e+02
   3.0840015e+02   3.1343897e+02
   3.2775534e+02   3.1042564e+02
   3.4426328e+02   3.2292425e+02
   3.5260681e+02   3.4141357e+02
   3.4188602e+02   3.6203822e+02
   3.2987488e+02   3.8147837e+02
   3.0876327e+02   3.8820427e+02
   2.8682455e+02   3.8190007e+02
   2.7265013e+02   3.6357056e+02
   2.6778961e+02   3.4316904e+02
   2.8460760e+02   3.2624982e+02
   3.0810027e+02   3.2404272e+02
   3.3126455e+02   3.2557632e+02
   3.4729896e+02   3.4198845e+02
   3.3022429e+02   3.5922551e+02
   3.0787614e+02   3.6788465e+02
   2.8447477e+02   3.6061433e+02
