   1.9094957e+02   2.4621454e+02
   1.9333865e+02   2.7688511e+02
   1.9853981e+02   3.0675233e+02
   2.0553313e+02   3.3654276e+02
   2.1511098e+02   3.6520643e+02
   2.3151714e+02   3.9093988e+02
   2.5135872e+02   4.1402931e+02
   2.7758933e+02   4.2905507e+02
   3.0740368e+02   4.3448639e+02
   3.3714349e+02   4.3066196e+02
   3.6231044e+02   4.1476518e+02
   3.8063757e+02   3.9104500e+02
   3.9296189e+02   3.6377363e+02
   4.0242569e+02   3.3517049e+02
   4.0866086e+02   3.0582326e+02
   4.1323110e+02   2.7618631e+02
   4.1432762e+02   2.4628811e+02
   2.1081496e+02   1.8558004e+02
   2.1647826e+02   1.6822378e+02
   2.3033933e+02   1.5629301e+02
   2.4822040e+02   1.5185152e+02
   2.6636193e+02   1.5415553e+02
   3.4021735e+02   1.5758672e+02
   3.5700455e+02   1.5547016e+02
   3.7362189e+02   1.5699141e+02
   3.8860163e+02   1.6466729e+02
   3.9681873e+02   1.7880190e+02
   3.0882460e+02   2.0625693e+02
   3.0852738e+02   2.2289184e+02
   3.0827299e+02   2.3948804e+02
   3.0831746e+02   2.5594058e+02
   2.8405244e+02   2.8905962e+02
   2.9655113e+02   2.8869554e+02
   3.0890632e+02   2.8945599e+02
   3.1950974e+02   2.8815426e+02
   3.3017487e+02   2.8844702e+02
   2.3157336e+02   2.1015960e+02
   2.4358846e+02   1.9965314e+02
   2.5976912e+02   2.0013586e+02
   2.7273208e+02   2.0968807e+02
   2.5948412e+02   2.1782038e+02
   2.4417405e+02   2.1858291e+02
   3.4289608e+02   2.0791545e+02
   3.5626427e+02   1.9945691e+02
   3.7183786e+02   1.9921064e+02
   3.8202650e+02   2.1056580e+02
   3.6927902e+02   2.1732532e+02
   3.5485658e+02   2.1602072e+02
   2.6159080e+02   3.4353746e+02
   2.7193321e+02   3.2522978e+02
   2.8840928e+02   3.1225311e+02
   3.0860914e+02   3.1413295e+02
   3.2772778e+02   3.1098493e+02
   3.4413944e+02   3.2318610e+02
   3.5280337e+02   3.4120478e+02
   3.4198107e+02   3.6142031e+02
   3.2990695e+02   3.8049385e+02
   3.0905705e+02   3.8728753e+02
   2.8741258e+02   3.8117970e+02
   2.7320043e+02   3.6330235e+02
   2.6815932e+02   3.4318123e+02
   2.8514125e+02   3.2655862e+02
   3.0847854e+02   3.2437076e+02
   3.3117839e+02   3.2582732e+02
   3.4718158e+02   3.4162687e+02
   3.3018893e+02   3.5880222e+02
   3.0813033e+02   3.6738313e+02
   2.8501658e+02   3.6012491e+02
