   1.9268501e+02   2.4153948e+02
   1.9115510e+02   2.7730962e+02
   1.9128098e+02   3.1291676e+02
   1.9428150e+02   3.4818821e+02
   2.0831650e+02   3.8068150e+02
   2.3316591e+02   4.0598418e+02
   2.6089398e+02   4.2830272e+02
   2.9076267e+02   4.4747624e+02
   3.2538977e+02   4.5276387e+02
   3.6211386e+02   4.4925305e+02
   3.9441564e+02   4.3138461e+02
   4.2258279e+02   4.0713111e+02
   4.4697832e+02   3.7961987e+02
   4.5907652e+02   3.4467520e+02
   4.6290369e+02   3.0770739e+02
   4.6414538e+02   2.7076607e+02
   4.6334164e+02   2.3389994e+02
   2.1255987e+02   1.8669146e+02
   2.3087692e+02   1.7508724e+02
   2.5238456e+02   1.7133987e+02
   2.7432231e+02   1.7135149e+02
   2.9592373e+02   1.7456297e+02
   3.5464373e+02   1.7600527e+02
   3.7847648e+02   1.7124498e+02
   4.0245197e+02   1.6888723e+02
   4.2647582e+02   1.7183042e+02
   4.4589068e+02   1.8532908e+02
   3.2695001e+02   2.1057266e+02
   3.2644350e+02   2.3479146e+02
   3.2625371e+02   2.5880894e+02
   3.2603532e+02   2.8277246e+02
   2.9050120e+02   3.0128896e+02
   3.0860116e+02   3.0306765e+02
   3.2655490e+02   3.0444456e+02
   3.4641870e+02   3.0274789e+02
   3.6603690e+02   3.0042945e+02
   2.3556289e+02   2.2082722e+02
   2.5461525e+02   2.1106248e+02
   2.7609272e+02   2.1241181e+02
   2.9508269e+02   2.2243155e+02
   2.7476295e+02   2.2443939e+02
   2.5455006e+02   2.2669535e+02
   3.6076378e+02   2.2377285e+02
   3.8006990e+02   2.1285776e+02
   4.0176133e+02   2.0960565e+02
   4.2038485e+02   2.2024329e+02
   4.0104847e+02   2.2597495e+02
   3.8085400e+02   2.2483514e+02
   2.7286517e+02   3.5506620e+02
   2.8231557e+02   3.3473045e+02
   3.0248477e+02   3.2424777e+02
   3.2490865e+02   3.2598870e+02
   3.4945713e+02   3.2434854e+02
   3.7053817e+02   3.3759304e+02
   3.8274331e+02   3.5884189e+02
   3.6465399e+02   3.6376024e+02
   3.4470005e+02   3.6571310e+02
   3.2481344e+02   3.6693913e+02
   3.0638739e+02   3.6587999e+02
   2.8857703e+02   3.6236014e+02
   2.8487064e+02   3.4310851e+02
   2.9687612e+02   3.4184935e+02
   3.2422215e+02   3.4243467e+02
   3.5606136e+02   3.4269943e+02
   3.6940233e+02   3.4371656e+02
   3.5548142e+02   3.4473369e+02
   3.2423070e+02   3.4563036e+02
   2.9689956e+02   3.4436766e+02
