   2.1910530e+02   2.3941744e+02
   2.2144497e+02   2.6858284e+02
   2.2604133e+02   2.9773338e+02
   2.3311593e+02   3.2604308e+02
   2.4437138e+02   3.5283118e+02
   2.6156355e+02   3.7644527e+02
   2.8528947e+02   3.9331396e+02
   3.1313219e+02   4.0159568e+02
   3.4226627e+02   4.0388467e+02
   3.7114919e+02   3.9783517e+02
   3.9698638e+02   3.8451371e+02
   4.1903951e+02   3.6526153e+02
   4.3535221e+02   3.4092630e+02
   4.4387092e+02   3.1291071e+02
   4.4809359e+02   2.8398269e+02
   4.4960444e+02   2.5465996e+02
   4.4754874e+02   2.2548667e+02
   2.3241318e+02   1.9806182e+02
   2.4640345e+02   1.9124713e+02
   2.6148263e+02   1.8797440e+02
   2.7685160e+02   1.8910285e+02
   2.9214978e+02   1.9027344e+02
   3.5123105e+02   1.8781866e+02
   3.6707102e+02   1.8346462e+02
   3.8324817e+02   1.8068030e+02
   3.9959612e+02   1.8168730e+02
   4.1498195e+02   1.8679989e+02
   3.2667649e+02   2.1756377e+02
   3.2762514e+02   2.3217523e+02
   3.2721253e+02   2.4661803e+02
   3.2699966e+02   2.6111638e+02
   3.1078258e+02   2.9115378e+02
   3.1986193e+02   2.9407427e+02
   3.2929936e+02   2.9358890e+02
   3.4008394e+02   2.9261678e+02
   3.5031178e+02   2.8947221e+02
   2.5433353e+02   2.2688439e+02
   2.6651134e+02   2.1648206e+02
   2.8259718e+02   2.1655873e+02
   2.9571751e+02   2.2564166e+02
   2.8245183e+02   2.3344113e+02
   2.6717453e+02   2.3459969e+02
   3.5850492e+02   2.2143141e+02
   3.7085303e+02   2.0915081e+02
   3.8837654e+02   2.0841973e+02
   4.0227386e+02   2.1862122e+02
   3.8907756e+02   2.2721657e+02
   3.7316217e+02   2.2737056e+02
   2.8578882e+02   3.3158422e+02
   2.9994490e+02   3.2149890e+02
   3.1592868e+02   3.1439780e+02
   3.3295811e+02   3.1557406e+02
   3.5114190e+02   3.1364350e+02
   3.6885889e+02   3.1827862e+02
   3.8593422e+02   3.2462282e+02
   3.7372703e+02   3.4166223e+02
   3.5623845e+02   3.5284482e+02
   3.3583120e+02   3.5564014e+02
   3.1635204e+02   3.5467801e+02
   2.9904709e+02   3.4581673e+02
   2.8974925e+02   3.3158041e+02
   3.1164434e+02   3.2641121e+02
   3.3375200e+02   3.2586522e+02
   3.5788852e+02   3.2256490e+02
   3.8154871e+02   3.2567574e+02
   3.6007090e+02   3.3962424e+02
   3.3527917e+02   3.4327176e+02
   3.1118285e+02   3.4251353e+02
