   1.5606317e+02   1.6456135e+02
   1.5146383e+02   1.9748385e+02
   1.4960937e+02   2.3059324e+02
   1.5309339e+02   2.6375452e+02
   1.6129519e+02   2.9571609e+02
   1.7821255e+02   3.2435169e+02
   2.0338844e+02   3.4539497e+02
   2.3395326e+02   3.5871008e+02
   2.6645754e+02   3.6273727e+02
   2.9810027e+02   3.5782946e+02
   3.2537417e+02   3.4049444e+02
   3.4762401e+02   3.1721224e+02
   3.6363529e+02   2.8945011e+02
   3.7167215e+02   2.5822881e+02
   3.7632298e+02   2.2634648e+02
   3.8059554e+02   1.9429608e+02
   3.7914662e+02   1.6237233e+02
   1.7594919e+02   1.4429649e+02
   1.9240368e+02   1.3863258e+02
   2.0939324e+02   1.3560921e+02
   2.2659653e+02   1.3776570e+02
   2.4261876e+02   1.4401384e+02
   2.8903161e+02   1.4527769e+02
   3.0517678e+02   1.3856367e+02
   3.2247080e+02   1.3678858e+02
   3.3960351e+02   1.3905408e+02
   3.5365132e+02   1.4884218e+02
   2.6621723e+02   1.6349262e+02
   2.6600790e+02   1.8233598e+02
   2.6568393e+02   2.0101959e+02
   2.6547005e+02   2.1964930e+02
   2.4409093e+02   2.4341011e+02
   2.5487750e+02   2.4568820e+02
   2.6583162e+02   2.4672640e+02
   2.7727302e+02   2.4603709e+02
   2.8795294e+02   2.4236982e+02
   1.9339606e+02   1.7018823e+02
   2.0913199e+02   1.5858277e+02
   2.2866348e+02   1.6231723e+02
   2.4211872e+02   1.7657961e+02
   2.2518379e+02   1.7681746e+02
   2.0842744e+02   1.7693310e+02
   2.8750599e+02   1.7810029e+02
   3.0115029e+02   1.6351118e+02
   3.2086495e+02   1.6061422e+02
   3.3571127e+02   1.7295289e+02
   3.2055451e+02   1.7940319e+02
   3.0391165e+02   1.7909331e+02
   2.2096726e+02   2.8140358e+02
   2.3434207e+02   2.7086132e+02
   2.4893318e+02   2.6219937e+02
   2.6536980e+02   2.6371698e+02
   2.8098360e+02   2.6313898e+02
   2.9458407e+02   2.7117583e+02
   3.0643129e+02   2.8139938e+02
   2.9369716e+02   2.8967814e+02
   2.7903125e+02   2.9292809e+02
   2.6385597e+02   2.9289480e+02
   2.4872785e+02   2.9272674e+02
   2.3461001e+02   2.8782768e+02
   2.3165458e+02   2.7608941e+02
   2.4234190e+02   2.7596627e+02
   2.6450311e+02   2.7581173e+02
   2.8586225e+02   2.7644231e+02
   2.9614677e+02   2.7653226e+02
   2.8562147e+02   2.7662220e+02
   2.6450328e+02   2.7604828e+02
   2.4242487e+02   2.7621254e+02
