   1.5625950e+02   1.6440513e+02
   1.5164591e+02   1.9729716e+02
   1.4977476e+02   2.3037745e+02
   1.5323753e+02   2.6351252e+02
   1.6141474e+02   2.9545150e+02
   1.7830196e+02   3.2407215e+02
   2.0344488e+02   3.4511147e+02
   2.3397643e+02   3.5843213e+02
   2.6645092e+02   3.6247384e+02
   2.9806951e+02   3.5758765e+02
   3.2532984e+02   3.4028238e+02
   3.4757365e+02   3.1703220e+02
   3.6358667e+02   2.8930245e+02
   3.7163392e+02   2.5811206e+02
   3.7629840e+02   2.2625934e+02
   3.8058501e+02   1.9423849e+02
   3.7915493e+02   1.6234102e+02
   1.7613983e+02   1.4416842e+02
   1.9258349e+02   1.3851839e+02
   2.0956031e+02   1.3550696e+02
   2.2674782e+02   1.3767111e+02
   2.4275300e+02   1.4392279e+02
   2.8912579e+02   1.4521117e+02
   3.0526097e+02   1.3851175e+02
   3.2254130e+02   1.3674771e+02
   3.3965823e+02   1.3902074e+02
   3.5368872e+02   1.4880828e+02
   2.6632071e+02   1.6339806e+02
   2.6610117e+02   1.8222532e+02
   2.6576717e+02   2.0089291e+02
   2.6554320e+02   2.1950669e+02
   2.4416910e+02   2.4323556e+02
   2.5494527e+02   2.4551767e+02
   2.6588952e+02   2.4656103e+02
   2.7732160e+02   2.4587862e+02
   2.8799448e+02   2.4222035e+02
   1.9355762e+02   1.7004783e+02
   2.0928660e+02   1.5846089e+02
   2.2879947e+02   1.6220296e+02
   2.4223543e+02   1.7646066e+02
   2.2531473e+02   1.7668896e+02
   2.0857254e+02   1.7679527e+02
   2.8758336e+02   1.7800509e+02
   3.0141395e+02   1.6333384e+02
   3.2106872e+02   1.6014603e+02
   3.3575059e+02   1.7288864e+02
   3.2060313e+02   1.7932511e+02
   3.0397456e+02   1.7900631e+02
   2.1919152e+02   2.8018737e+02
   2.3310371e+02   2.6949761e+02
   2.4917880e+02   2.6295438e+02
   2.6633366e+02   2.6385070e+02
   2.8181064e+02   2.6336032e+02
   2.9611791e+02   2.6956346e+02
   3.0861124e+02   2.7860538e+02
   2.9573526e+02   2.8687681e+02
   2.8118657e+02   2.9121484e+02
   2.6609832e+02   2.9235832e+02
   2.4977233e+02   2.9126542e+02
   2.3400584e+02   2.8687588e+02
   2.3084873e+02   2.7438970e+02
   2.4250594e+02   2.7423835e+02
   2.6625565e+02   2.7419042e+02
   2.8774624e+02   2.7496216e+02
   2.9817874e+02   2.7512123e+02
   2.8741404e+02   2.7528031e+02
   2.6625560e+02   2.7452040e+02
   2.4223203e+02   2.7454105e+02
