   1.5601180e+02   1.6649827e+02
   1.5139204e+02   1.9942026e+02
   1.4951723e+02   2.3253083e+02
   1.5298125e+02   2.6569656e+02
   1.6116410e+02   2.9766536e+02
   1.7806516e+02   3.2631329e+02
   2.0322996e+02   3.4737342e+02
   2.3378878e+02   3.6070811e+02
   2.6629288e+02   3.6475543e+02
   2.9794081e+02   3.5986660e+02
   3.2522719e+02   3.4254702e+02
   3.4749280e+02   3.1927678e+02
   3.6352216e+02   2.9152249e+02
   3.7157864e+02   2.6030391e+02
   3.7624926e+02   2.2842219e+02
   3.8054169e+02   1.9637217e+02
   3.7911216e+02   1.6444531e+02
   1.7591157e+02   1.4624413e+02
   1.9237067e+02   1.4058988e+02
   2.0936327e+02   1.3757667e+02
   2.2656644e+02   1.3974381e+02
   2.4258597e+02   1.4600217e+02
   2.8900129e+02   1.4729445e+02
   3.0515169e+02   1.4058982e+02
   3.2244800e+02   1.3882517e+02
   3.3958053e+02   1.4110129e+02
   3.5362334e+02   1.5089864e+02
   2.6617420e+02   1.6549672e+02
   2.6595335e+02   1.8434127e+02
   2.6561795e+02   2.0302599e+02
   2.6539268e+02   2.2165686e+02
   2.4399756e+02   2.4540628e+02
   2.5478349e+02   2.4769112e+02
   2.6573775e+02   2.4873608e+02
   2.7718037e+02   2.4805371e+02
   2.8786327e+02   2.4439271e+02
   1.9334385e+02   1.7214834e+02
   2.0908797e+02   1.6055168e+02
   2.2861854e+02   1.6429832e+02
   2.4206602e+02   1.7856991e+02
   2.2512976e+02   1.7879744e+02
   2.0837217e+02   1.7890286e+02
   2.8745553e+02   1.8011841e+02
   3.0122367e+02   1.6547546e+02
   3.2091476e+02   1.6240772e+02
   3.3566732e+02   1.7500008e+02
   3.2050556e+02   1.8144158e+02
   3.0386173e+02   1.8112151e+02
   2.1997346e+02   2.8327910e+02
   2.3339345e+02   2.7219404e+02
   2.4887642e+02   2.6478307e+02
   2.6581455e+02   2.6591634e+02
   2.8138748e+02   2.6540455e+02
   2.9543093e+02   2.7237479e+02
   3.0733881e+02   2.8234483e+02
   2.9465275e+02   2.9059874e+02
   2.8005409e+02   2.9404701e+02
   2.6500710e+02   2.9472682e+02
   2.4930048e+02   2.9396505e+02
   2.3428040e+02   2.8957201e+02
   2.3116543e+02   2.7743767e+02
   2.4235739e+02   2.7730131e+02
   2.6536999e+02   2.7722141e+02
   2.8667747e+02   2.7823100e+02
   2.9700814e+02   2.7836333e+02
   2.8638034e+02   2.7849566e+02
   2.6536992e+02   2.7750734e+02
   2.4220756e+02   2.7757404e+02
