   2.0029035e+02   2.0270183e+02
   2.0221530e+02   2.3189622e+02
   2.0524485e+02   2.6076963e+02
   2.0919849e+02   2.8939543e+02
   2.2090676e+02   3.1584003e+02
   2.4019730e+02   3.3754002e+02
   2.5985944e+02   3.5879676e+02
   2.8506392e+02   3.7271760e+02
   3.1365731e+02   3.7677055e+02
   3.3940944e+02   3.7477951e+02
   3.6331893e+02   3.6451700e+02
   3.8449905e+02   3.4957469e+02
   3.9996653e+02   3.2877042e+02
   4.1068922e+02   3.0528371e+02
   4.1730995e+02   2.8011456e+02
   4.2289467e+02   2.5476240e+02
   4.2970210e+02   2.2982613e+02
   2.3451237e+02   1.4746322e+02
   2.4631821e+02   1.3937390e+02
   2.6009560e+02   1.3548800e+02
   2.7457750e+02   1.3498696e+02
   2.8881346e+02   1.3498136e+02
   3.5991528e+02   1.4275806e+02
   3.7552652e+02   1.4286826e+02
   3.9079396e+02   1.4649955e+02
   4.0502619e+02   1.5260785e+02
   4.1765503e+02   1.6173530e+02
   3.2112139e+02   1.7808374e+02
   3.1979897e+02   1.9471983e+02
   3.1938719e+02   2.1153051e+02
   3.1852180e+02   2.2807127e+02
   2.9783145e+02   2.4788842e+02
   3.0774304e+02   2.4746026e+02
   3.1765450e+02   2.4746303e+02
   3.2881078e+02   2.4893753e+02
   3.3963089e+02   2.5177852e+02
   2.4872472e+02   1.7763254e+02
   2.6270296e+02   1.6610283e+02
   2.8107091e+02   1.6686450e+02
   2.9224814e+02   1.8066125e+02
   2.7744556e+02   1.8217673e+02
   2.6276702e+02   1.8159628e+02
   3.5432782e+02   1.8592729e+02
   3.6669294e+02   1.7240525e+02
   3.8527983e+02   1.7465739e+02
   3.9480761e+02   1.9017050e+02
   3.8107439e+02   1.9078345e+02
   3.6757295e+02   1.8899036e+02
   2.7601725e+02   2.9035623e+02
   2.8897338e+02   2.8155931e+02
   3.0249863e+02   2.7406898e+02
   3.1709067e+02   2.7703987e+02
   3.3250235e+02   2.7604392e+02
   3.4397324e+02   2.8714377e+02
   3.5435602e+02   2.9923066e+02
   3.4193536e+02   3.0383493e+02
   3.2913712e+02   3.0656425e+02
   3.1626540e+02   3.0616602e+02
   3.0214539e+02   3.0261152e+02
   2.8899274e+02   2.9644331e+02
   2.9265462e+02   2.8685199e+02
   3.0651663e+02   2.8508909e+02
   3.2008919e+02   2.8699066e+02
   3.3013400e+02   2.8785668e+02
   3.3925396e+02   2.9178703e+02
   3.2962877e+02   2.8946947e+02
   3.1991717e+02   2.8977554e+02
   3.0614532e+02   2.8750368e+02
