   2.1049862e+02   2.1278807e+02
   2.0821254e+02   2.4384900e+02
   2.1279150e+02   2.7496111e+02
   2.1620293e+02   3.0618290e+02
   2.2375899e+02   3.3638173e+02
   2.3989154e+02   3.6327028e+02
   2.6168286e+02   3.8546496e+02
   2.8766194e+02   4.0306505e+02
   3.1757768e+02   4.1043889e+02
   3.4716094e+02   4.0403411e+02
   3.7205116e+02   3.8607109e+02
   3.9566942e+02   3.6682210e+02
   4.1473237e+02   3.4294422e+02
   4.2697073e+02   3.1497025e+02
   4.3212853e+02   2.8461271e+02
   4.3646041e+02   2.5443768e+02
   4.3793609e+02   2.2397815e+02
   2.3060996e+02   1.8371484e+02
   2.4524124e+02   1.7375381e+02
   2.6319360e+02   1.7207830e+02
   2.8096008e+02   1.7420381e+02
   2.9675429e+02   1.8213742e+02
   3.5325342e+02   1.8217228e+02
   3.7046284e+02   1.7774899e+02
   3.8814510e+02   1.7653234e+02
   4.0567610e+02   1.7800941e+02
   4.1819680e+02   1.8959839e+02
   3.2979328e+02   2.1472871e+02
   3.2939867e+02   2.3294673e+02
   3.2967068e+02   2.5101490e+02
   3.2931834e+02   2.6902188e+02
   3.0700605e+02   2.8554036e+02
   3.1682400e+02   2.8786620e+02
   3.2669444e+02   2.8864442e+02
   3.3608681e+02   2.8845151e+02
   3.4524566e+02   2.8673265e+02
   2.5287317e+02   2.1670951e+02
   2.6716969e+02   2.0793566e+02
   2.8407713e+02   2.0921330e+02
   2.9986991e+02   2.1564091e+02
   2.8425414e+02   2.1944529e+02
   2.6832646e+02   2.2038302e+02
   3.5034766e+02   2.1856849e+02
   3.6572551e+02   2.1133515e+02
   3.8265206e+02   2.1193726e+02
   3.9695281e+02   2.2093044e+02
   3.8134253e+02   2.2362676e+02
   3.6574278e+02   2.2196206e+02
   2.8245658e+02   3.2578132e+02
   2.9566070e+02   3.1639007e+02
   3.0975027e+02   3.0908664e+02
   3.2430150e+02   3.1325310e+02
   3.3823659e+02   3.0965165e+02
   3.4999239e+02   3.1918660e+02
   3.6091115e+02   3.2947589e+02
   3.4865720e+02   3.3802878e+02
   3.3449980e+02   3.4276594e+02
   3.1967182e+02   3.4334619e+02
   3.0571375e+02   3.4143725e+02
   2.9359030e+02   3.3440857e+02
   2.9254157e+02   3.2050562e+02
   3.0262656e+02   3.2045212e+02
   3.2297029e+02   3.2356655e+02
   3.4262849e+02   3.2311232e+02
   3.5176982e+02   3.2323200e+02
   3.4242940e+02   3.2335168e+02
   3.2314449e+02   3.2359884e+02
   3.0257828e+02   3.2055913e+02
