   2.1064084e+02   2.1293376e+02
   2.0845419e+02   2.4447468e+02
   2.1315086e+02   2.7606547e+02
   2.1667962e+02   3.0775077e+02
   2.2488288e+02   3.3826522e+02
   2.4190024e+02   3.6517401e+02
   2.6464785e+02   3.8747352e+02
   2.9156709e+02   4.0426318e+02
   3.2235826e+02   4.0907674e+02
   3.5120893e+02   4.0119074e+02
   3.7546683e+02   3.8291158e+02
   4.0024985e+02   3.6520654e+02
   4.1881911e+02   3.4150069e+02
   4.2732896e+02   3.1228209e+02
   4.3212536e+02   2.8245193e+02
   4.3635339e+02   2.5231919e+02
   4.3751756e+02   2.2207933e+02
   2.3496957e+02   1.8542450e+02
   2.4943713e+02   1.7868384e+02
   2.6530926e+02   1.7764217e+02
   2.8123999e+02   1.7888349e+02
   2.9668615e+02   1.8245947e+02
   3.5420361e+02   1.8320073e+02
   3.6967927e+02   1.8290903e+02
   3.8492830e+02   1.8153639e+02
   4.0018339e+02   1.8294074e+02
   4.1345000e+02   1.9023180e+02
   3.2966828e+02   2.1472503e+02
   3.2929647e+02   2.3289290e+02
   3.2958904e+02   2.5091090e+02
   3.2931025e+02   2.6886049e+02
   3.0458807e+02   2.7984537e+02
   3.1547815e+02   2.8316218e+02
   3.2643323e+02   2.8613797e+02
   3.3951477e+02   2.8399662e+02
   3.5124244e+02   2.7836864e+02
   2.5274593e+02   2.1615605e+02
   2.6723358e+02   2.0815887e+02
   2.8376849e+02   2.0847273e+02
   2.9903185e+02   2.1467408e+02
   2.8358766e+02   2.1545959e+02
   2.6814833e+02   2.1605604e+02
   3.5124071e+02   2.1689658e+02
   3.6672164e+02   2.1049814e+02
   3.8324371e+02   2.1139059e+02
   3.9671090e+02   2.2081881e+02
   3.8136237e+02   2.2165839e+02
   3.6631877e+02   2.1937038e+02
   2.8089045e+02   3.2094610e+02
   2.9212780e+02   3.0735477e+02
   3.0775273e+02   2.9989097e+02
   3.2310172e+02   3.0650609e+02
   3.3853669e+02   3.0437754e+02
   3.5222403e+02   3.1225051e+02
   3.6124083e+02   3.2501906e+02
   3.4992144e+02   3.3706652e+02
   3.3588175e+02   3.4531679e+02
   3.1976756e+02   3.4575401e+02
   3.0426178e+02   3.4226739e+02
   2.9164422e+02   3.3258472e+02
   2.9135464e+02   3.1626001e+02
   3.0181884e+02   3.1599666e+02
   3.2272923e+02   3.1983571e+02
   3.4238567e+02   3.1957318e+02
   3.5181325e+02   3.1969337e+02
   3.4216521e+02   3.1981356e+02
   3.2273249e+02   3.2057586e+02
   3.0169030e+02   3.1652335e+02
