   2.5212319e+02   2.3013791e+02
   2.5497106e+02   2.5484513e+02
   2.5926542e+02   2.7926428e+02
   2.6600642e+02   3.0305039e+02
   2.7709865e+02   3.2493821e+02
   2.9375216e+02   3.4322543e+02
   3.1232983e+02   3.5947150e+02
   3.3410619e+02   3.7117341e+02
   3.5829018e+02   3.7461255e+02
   3.8182003e+02   3.7058438e+02
   4.0211839e+02   3.5760452e+02
   4.1966163e+02   3.4130310e+02
   4.3348082e+02   3.2141430e+02
   4.4285455e+02   2.9927696e+02
   4.4729124e+02   2.7576986e+02
   4.5078435e+02   2.5195496e+02
   4.5302258e+02   2.2803987e+02
   2.7112221e+02   1.9077373e+02
   2.8657893e+02   1.7967215e+02
   3.0426165e+02   1.7309717e+02
   3.2310293e+02   1.7324047e+02
   3.3723732e+02   1.8488160e+02
   3.7149182e+02   1.8436918e+02
   3.8578808e+02   1.7277934e+02
   4.0417399e+02   1.7149983e+02
   4.2133515e+02   1.7824652e+02
   4.3639569e+02   1.8900625e+02
   3.5435208e+02   2.0924229e+02
   3.5443902e+02   2.2379388e+02
   3.5467767e+02   2.3832443e+02
   3.5493150e+02   2.5277631e+02
   3.3202609e+02   2.6902675e+02
   3.4308950e+02   2.7266354e+02
   3.5452989e+02   2.7361151e+02
   3.6507066e+02   2.7266636e+02
   3.7478585e+02   2.6891222e+02
   2.9150129e+02   2.0879243e+02
   3.0274446e+02   2.0087037e+02
   3.1645477e+02   2.0005636e+02
   3.2771728e+02   2.0755627e+02
   3.1572942e+02   2.0969743e+02
   3.0349806e+02   2.1012202e+02
   3.7751679e+02   2.0903512e+02
   3.8837730e+02   2.0045223e+02
   4.0234738e+02   2.0120326e+02
   4.1325361e+02   2.0976678e+02
   4.0130358e+02   2.1127129e+02
   3.8924592e+02   2.1100117e+02
   3.1693188e+02   3.0636995e+02
   3.2678406e+02   2.9668756e+02
   3.3999929e+02   2.9289662e+02
   3.5363977e+02   2.9385009e+02
   3.6688555e+02   2.9297771e+02
   3.7920365e+02   2.9791501e+02
   3.8931713e+02   3.0641049e+02
   3.7937256e+02   3.1526470e+02
   3.6754111e+02   3.2090621e+02
   3.5455836e+02   3.2236310e+02
   3.4054391e+02   3.2093946e+02
   3.2766382e+02   3.1530480e+02
   3.2856281e+02   3.0503215e+02
   3.4109440e+02   3.0292067e+02
   3.5363367e+02   3.0443011e+02
   3.6551903e+02   3.0292829e+02
   3.7700538e+02   3.0546019e+02
   3.6573778e+02   3.0900615e+02
   3.5414291e+02   3.1074122e+02
   3.4104092e+02   3.0877718e+02
