   2.5186419e+02   2.2964013e+02
   2.5468505e+02   2.5440922e+02
   2.5920603e+02   2.7901004e+02
   2.6656808e+02   3.0275831e+02
   2.7765058e+02   3.2487618e+02
   2.9432256e+02   3.4320477e+02
   3.1263764e+02   3.5991460e+02
   3.3398909e+02   3.7251347e+02
   3.5835092e+02   3.7605028e+02
   3.8176238e+02   3.7090718e+02
   4.0189114e+02   3.5762403e+02
   4.1916839e+02   3.4097342e+02
   4.3264974e+02   3.2086820e+02
   4.4218021e+02   2.9875331e+02
   4.4744982e+02   2.7536012e+02
   4.5160051e+02   2.5163569e+02
   4.5385481e+02   2.2768110e+02
   2.7036416e+02   1.8938763e+02
   2.8466527e+02   1.7802877e+02
   3.0157578e+02   1.7145214e+02
   3.1958009e+02   1.7189130e+02
   3.3425256e+02   1.8190249e+02
   3.7218922e+02   1.8289558e+02
   3.8702427e+02   1.7187446e+02
   4.0552878e+02   1.7117648e+02
   4.2267344e+02   1.7833959e+02
   4.3706262e+02   1.9004558e+02
   3.5390436e+02   2.0927056e+02
   3.5405332e+02   2.2455974e+02
   3.5405486e+02   2.3985260e+02
   3.5405796e+02   2.5494241e+02
   3.3252864e+02   2.7034808e+02
   3.4307343e+02   2.7341148e+02
   3.5393147e+02   2.7420576e+02
   3.6409933e+02   2.7353392e+02
   3.7372642e+02   2.7060942e+02
   2.9101432e+02   2.0898814e+02
   3.0226047e+02   2.0105259e+02
   3.1591657e+02   2.0026610e+02
   3.2710065e+02   2.0778563e+02
   3.1513810e+02   2.0993643e+02
   3.0298600e+02   2.1028516e+02
   3.7731688e+02   2.0948973e+02
   3.8838711e+02   2.0141665e+02
   4.0207667e+02   2.0171551e+02
   4.1244266e+02   2.1045529e+02
   4.0061067e+02   2.1216038e+02
   3.8876082e+02   2.1218310e+02
   3.1945404e+02   3.0721126e+02
   3.2831393e+02   2.9790869e+02
   3.4029536e+02   2.9388971e+02
   3.5280024e+02   2.9608659e+02
   3.6522849e+02   2.9400030e+02
   3.7683078e+02   2.9920273e+02
   3.8726893e+02   3.0666338e+02
   3.7779662e+02   3.1505412e+02
   3.6618707e+02   3.1973442e+02
   3.5374445e+02   3.2060773e+02
   3.4098896e+02   3.1950901e+02
   3.2893547e+02   3.1542770e+02
   3.3233056e+02   3.0550366e+02
   3.4289791e+02   3.0515517e+02
   3.5335980e+02   3.0553941e+02
   3.6322552e+02   3.0493939e+02
   3.7306729e+02   3.0552270e+02
   3.6326665e+02   3.0772274e+02
   3.5336587e+02   3.0891836e+02
   3.4274092e+02   3.0775160e+02
