   1.8976037e+02   2.2052957e+02
   1.9345081e+02   2.4808210e+02
   1.9996479e+02   2.7498515e+02
   2.0964158e+02   3.0120079e+02
   2.1897861e+02   3.2721218e+02
   2.3321891e+02   3.5096498e+02
   2.5581132e+02   3.6681867e+02
   2.8173451e+02   3.7614064e+02
   3.0917658e+02   3.7721975e+02
   3.3683101e+02   3.7547182e+02
   3.6233239e+02   3.6581010e+02
   3.8266239e+02   3.4736433e+02
   3.9702098e+02   3.2378700e+02
   4.0591310e+02   2.9794785e+02
   4.0914965e+02   2.7049382e+02
   4.1612599e+02   2.4378907e+02
   4.2017559e+02   2.1687381e+02
   2.1337771e+02   1.8900819e+02
   2.2590180e+02   1.8006424e+02
   2.3978120e+02   1.7427548e+02
   2.5495658e+02   1.7476632e+02
   2.7007154e+02   1.7637378e+02
   3.2562699e+02   1.7831954e+02
   3.4228168e+02   1.7201075e+02
   3.6009877e+02   1.7121330e+02
   3.7793034e+02   1.7239551e+02
   3.9180009e+02   1.8262032e+02
   3.0870477e+02   2.0826220e+02
   3.0832964e+02   2.2529174e+02
   3.0907206e+02   2.4213971e+02
   3.0978615e+02   2.5896984e+02
   2.8747335e+02   2.7523673e+02
   2.9835060e+02   2.7640440e+02
   3.0913143e+02   2.7640240e+02
   3.1714563e+02   2.7563933e+02
   3.2498755e+02   2.7432254e+02
   2.3623213e+02   2.0908482e+02
   2.5025761e+02   1.9978724e+02
   2.6721851e+02   2.0063784e+02
   2.8034709e+02   2.1103297e+02
   2.6554093e+02   2.1578438e+02
   2.5003823e+02   2.1575661e+02
   3.3039126e+02   2.1086677e+02
   3.4182667e+02   1.9800293e+02
   3.5902674e+02   1.9657593e+02
   3.7251313e+02   2.0705864e+02
   3.5907773e+02   2.1183216e+02
   3.4465355e+02   2.1172836e+02
   2.6964922e+02   3.1650885e+02
   2.8186568e+02   3.0659892e+02
   2.9598755e+02   2.9999931e+02
   3.1139014e+02   2.9940202e+02
   3.2503926e+02   2.9761160e+02
   3.3782507e+02   3.0276226e+02
   3.4946598e+02   3.1033100e+02
   3.3687852e+02   3.1349672e+02
   3.2480226e+02   3.1806109e+02
   3.1208442e+02   3.1930672e+02
   2.9784147e+02   3.1907714e+02
   2.8378040e+02   3.1744759e+02
   2.8651862e+02   3.1154073e+02
   2.9865848e+02   3.0758109e+02
   3.1135831e+02   3.0700365e+02
   3.2173211e+02   3.0654235e+02
   3.3201973e+02   3.0699651e+02
   3.2143819e+02   3.0731950e+02
   3.1103351e+02   3.0779019e+02
   2.9849111e+02   3.0859083e+02
