   2.3619315e+02   2.2593094e+02
   2.3833724e+02   2.5281259e+02
   2.4170937e+02   2.7952344e+02
   2.4707416e+02   3.0592571e+02
   2.5509217e+02   3.3179997e+02
   2.6745932e+02   3.5554980e+02
   2.8414276e+02   3.7655472e+02
   3.0700174e+02   3.9037539e+02
   3.3317762e+02   3.9577402e+02
   3.5958230e+02   3.9069767e+02
   3.8362642e+02   3.7881808e+02
   4.0190996e+02   3.5937558e+02
   4.1299260e+02   3.3470529e+02
   4.2034556e+02   3.0891044e+02
   4.2632040e+02   2.8267110e+02
   4.3066223e+02   2.5620769e+02
   4.3371424e+02   2.2962251e+02
   2.5675485e+02   2.1038952e+02
   2.7293256e+02   2.0441170e+02
   2.9008902e+02   2.0359863e+02
   3.0711586e+02   2.0643620e+02
   3.2420672e+02   2.0697133e+02
   3.5123495e+02   2.0709163e+02
   3.6775226e+02   2.0683378e+02
   3.8399835e+02   2.0484154e+02
   4.0041006e+02   2.0530782e+02
   4.1469497e+02   2.1258026e+02
   3.3451567e+02   2.2662022e+02
   3.3430562e+02   2.4251320e+02
   3.3435727e+02   2.5814693e+02
   3.3431178e+02   2.7388096e+02
   3.0929100e+02   2.9165977e+02
   3.2138485e+02   2.9502404e+02
   3.3385382e+02   2.9573639e+02
   3.4750321e+02   2.9505155e+02
   3.6080511e+02   2.9210277e+02
   2.7531945e+02   2.3175195e+02
   2.8816321e+02   2.2650386e+02
   3.0177084e+02   2.2702604e+02
   3.1271463e+02   2.3498400e+02
   2.9991021e+02   2.3846045e+02
   2.8678345e+02   2.3784923e+02
   3.5955470e+02   2.3649208e+02
   3.7074885e+02   2.2753504e+02
   3.8534178e+02   2.2803038e+02
   3.9825129e+02   2.3457039e+02
   3.8613487e+02   2.4059561e+02
   3.7261654e+02   2.4021281e+02
   2.9631276e+02   3.2396678e+02
   3.0829612e+02   3.1762464e+02
   3.2019784e+02   3.1128313e+02
   3.3238947e+02   3.1514340e+02
   3.4546792e+02   3.1166642e+02
   3.5786583e+02   3.1783581e+02
   3.6996484e+02   3.2475161e+02
   3.5954931e+02   3.3554409e+02
   3.4645884e+02   3.4298085e+02
   3.3177100e+02   3.4392282e+02
   3.1699575e+02   3.4285838e+02
   3.0392731e+02   3.3628555e+02
   3.0083905e+02   3.2457704e+02
   3.1655746e+02   3.2351097e+02
   3.3217496e+02   3.2523990e+02
   3.4709615e+02   3.2436308e+02
   3.6182526e+02   3.2643764e+02
   3.4697150e+02   3.2488122e+02
   3.3221548e+02   3.2559926e+02
   3.1647575e+02   3.2414939e+02
