   2.2340438e+02   1.9298054e+02
   2.2343960e+02   2.2354464e+02
   2.2645479e+02   2.5367677e+02
   2.3510781e+02   2.8260562e+02
   2.4680439e+02   3.1051239e+02
   2.6496963e+02   3.3468479e+02
   2.8868495e+02   3.5316977e+02
   3.1702662e+02   3.6417502e+02
   3.4622803e+02   3.7112641e+02
   3.7777122e+02   3.6730577e+02
   4.0733146e+02   3.5661422e+02
   4.3130446e+02   3.3648252e+02
   4.4779128e+02   3.0951010e+02
   4.5811141e+02   2.7972657e+02
   4.6573353e+02   2.4903983e+02
   4.6917863e+02   2.1777883e+02
   4.6939772e+02   1.8635659e+02
   2.4547931e+02   1.6828280e+02
   2.5832763e+02   1.5466542e+02
   2.7650301e+02   1.4897903e+02
   2.9543200e+02   1.4710425e+02
   3.1433051e+02   1.4789173e+02
   3.7544380e+02   1.4207630e+02
   3.9279759e+02   1.4009135e+02
   4.1019216e+02   1.4154027e+02
   4.2743394e+02   1.4401082e+02
   4.4166271e+02   1.5345591e+02
   3.4726151e+02   1.7862425e+02
   3.4641887e+02   1.9858822e+02
   3.4597691e+02   2.1827232e+02
   3.4599300e+02   2.3795863e+02
   3.2434779e+02   2.5615976e+02
   3.3555281e+02   2.6021110e+02
   3.4730418e+02   2.6091188e+02
   3.5879391e+02   2.5897320e+02
   3.6938854e+02   2.5440403e+02
   2.7493771e+02   1.8385887e+02
   2.8968117e+02   1.7267354e+02
   3.0830822e+02   1.7301962e+02
   3.2041380e+02   1.8643384e+02
   3.0478512e+02   1.9159349e+02
   2.8852669e+02   1.9223399e+02
   3.7498237e+02   1.8424008e+02
   3.8731131e+02   1.6991646e+02
   4.0647820e+02   1.6881589e+02
   4.2218701e+02   1.7945158e+02
   4.0779573e+02   1.8779533e+02
   3.9113025e+02   1.8871191e+02
   3.0625435e+02   2.9851337e+02
   3.1814719e+02   2.8712682e+02
   3.3308946e+02   2.8110038e+02
   3.4867745e+02   2.8472340e+02
   3.6404521e+02   2.8102910e+02
   3.7863613e+02   2.8827587e+02
   3.9156035e+02   2.9797637e+02
   3.7878898e+02   3.0628757e+02
   3.6440655e+02   3.1097965e+02
   3.4958172e+02   3.1357938e+02
   3.3435000e+02   3.1103318e+02
   3.1993680e+02   3.0554676e+02
   3.2492202e+02   2.9719642e+02
   3.3649592e+02   2.9405577e+02
   3.4836887e+02   2.9314031e+02
   3.6090044e+02   2.9359332e+02
   3.7271478e+02   2.9717022e+02
   3.6086272e+02   2.9837998e+02
   3.4906652e+02   2.9858545e+02
   3.3689299e+02   2.9836175e+02
