   2.1915170e+02   2.1699836e+02
   2.2205870e+02   2.4562200e+02
   2.2780664e+02   2.7377031e+02
   2.3724791e+02   3.0075284e+02
   2.4896450e+02   3.2677133e+02
   2.6481923e+02   3.5045000e+02
   2.8625789e+02   3.6936621e+02
   3.1200092e+02   3.8123835e+02
   3.4019248e+02   3.8540710e+02
   3.7002459e+02   3.7969611e+02
   3.9674166e+02   3.6586595e+02
   4.1680018e+02   3.4342958e+02
   4.3097787e+02   3.1703179e+02
   4.4143818e+02   2.8871531e+02
   4.4744320e+02   2.5916749e+02
   4.5260667e+02   2.2922162e+02
   4.5421514e+02   1.9933304e+02
   2.3640542e+02   1.9245493e+02
   2.5269575e+02   1.8351719e+02
   2.7122871e+02   1.8254305e+02
   2.8921112e+02   1.8804511e+02
   3.0647544e+02   1.9506002e+02
   3.4669153e+02   1.8962097e+02
   3.6354469e+02   1.7957726e+02
   3.8265323e+02   1.7439063e+02
   4.0221901e+02   1.7266333e+02
   4.2069318e+02   1.7827034e+02
   3.2779334e+02   2.0476924e+02
   3.2856482e+02   2.2839356e+02
   3.2865924e+02   2.5202293e+02
   3.2872588e+02   2.7530798e+02
   2.9997473e+02   2.8264104e+02
   3.1377798e+02   2.9071450e+02
   3.2943008e+02   2.9337874e+02
   3.4528989e+02   2.9079142e+02
   3.5835735e+02   2.8177958e+02
   2.5980145e+02   2.1751441e+02
   2.7345423e+02   2.1402498e+02
   2.8736204e+02   2.1440886e+02
   3.0088642e+02   2.1763428e+02
   2.8715357e+02   2.1995578e+02
   2.7334009e+02   2.2027780e+02
   3.6481802e+02   2.1285592e+02
   3.7577620e+02   2.0950586e+02
   3.8679494e+02   2.0865532e+02
   3.9788929e+02   2.0944762e+02
   3.8690107e+02   2.1177951e+02
   3.7583737e+02   2.1247288e+02
   2.9131328e+02   3.2365941e+02
   3.0433239e+02   3.1616751e+02
   3.1839237e+02   3.1189241e+02
   3.3299361e+02   3.1279418e+02
   3.4728177e+02   3.1182991e+02
   3.6119512e+02   3.1550154e+02
   3.7494637e+02   3.1921605e+02
   3.6348150e+02   3.2972522e+02
   3.4940635e+02   3.3636266e+02
   3.3412818e+02   3.3844008e+02
   3.1856429e+02   3.3764778e+02
   3.0378737e+02   3.3278036e+02
   2.9850501e+02   3.2396722e+02
   3.1569135e+02   3.2189136e+02
   3.3259488e+02   3.2361335e+02
   3.4974455e+02   3.2109289e+02
   3.6675541e+02   3.2011459e+02
   3.4959433e+02   3.2161013e+02
   3.3264828e+02   3.2390123e+02
   3.1554641e+02   3.2236414e+02
