   2.2076226e+02   2.1079559e+02
   2.2139593e+02   2.4046047e+02
   2.2781053e+02   2.6941747e+02
   2.3770614e+02   2.9735126e+02
   2.4941084e+02   3.2437721e+02
   2.6522196e+02   3.4953695e+02
   2.8661836e+02   3.6960023e+02
   3.1183401e+02   3.8497923e+02
   3.4072651e+02   3.8869313e+02
   3.7003100e+02   3.8176936e+02
   3.9567827e+02   3.6671396e+02
   4.1616164e+02   3.4507713e+02
   4.2958530e+02   3.1850012e+02
   4.4043433e+02   2.9031444e+02
   4.4663574e+02   2.6116336e+02
   4.5195791e+02   2.3178765e+02
   4.5164667e+02   2.0203640e+02
   2.3668366e+02   1.9331935e+02
   2.5291601e+02   1.8475424e+02
   2.7158855e+02   1.8390619e+02
   2.8971454e+02   1.8752750e+02
   3.0588557e+02   1.9625256e+02
   3.4335671e+02   1.9261410e+02
   3.6092933e+02   1.8011682e+02
   3.8148371e+02   1.7402889e+02
   4.0281085e+02   1.7229477e+02
   4.2335116e+02   1.7799320e+02
   3.2910680e+02   2.0524308e+02
   3.2970920e+02   2.2864602e+02
   3.2957203e+02   2.5195929e+02
   3.2951327e+02   2.7506754e+02
   3.0349921e+02   2.8457325e+02
   3.1494473e+02   2.9452591e+02
   3.2973832e+02   2.9742039e+02
   3.4527358e+02   2.9345844e+02
   3.5871234e+02   2.8500900e+02
   2.5748199e+02   2.1787332e+02
   2.7057839e+02   2.0698547e+02
   2.8774387e+02   2.0872275e+02
   3.0130774e+02   2.1942892e+02
   2.8660998e+02   2.2133119e+02
   2.7178407e+02   2.2118347e+02
   3.5963986e+02   2.1482374e+02
   3.7032767e+02   2.0261197e+02
   3.8629590e+02   1.9872204e+02
   4.0191135e+02   2.0315875e+02
   3.8933421e+02   2.1118038e+02
   3.7449175e+02   2.1347601e+02
   2.9595701e+02   3.2755678e+02
   3.0581490e+02   3.1833762e+02
   3.1843323e+02   3.1348123e+02
   3.3180473e+02   3.1396632e+02
   3.4643166e+02   3.1338044e+02
   3.6054660e+02   3.1676964e+02
   3.7454441e+02   3.2095785e+02
   3.6312455e+02   3.3232817e+02
   3.4941618e+02   3.4032721e+02
   3.3382774e+02   3.4310067e+02
   3.1979874e+02   3.4223427e+02
   3.0727410e+02   3.3596522e+02
   3.0208325e+02   3.2567968e+02
   3.1763396e+02   3.2260894e+02
   3.3317616e+02   3.2387799e+02
   3.5008222e+02   3.2202509e+02
   3.6698688e+02   3.2162434e+02
   3.4984569e+02   3.2249566e+02
   3.3294181e+02   3.2410819e+02
   3.1740893e+02   3.2313429e+02
