   2.1932191e+02   2.1900272e+02
   2.2199941e+02   2.4739694e+02
   2.2795515e+02   2.7550442e+02
   2.3791744e+02   3.0207945e+02
   2.4972085e+02   3.2799915e+02
   2.6580262e+02   3.5150264e+02
   2.8742568e+02   3.7022523e+02
   3.1218068e+02   3.8373795e+02
   3.4021895e+02   3.8651532e+02
   3.6931286e+02   3.8036659e+02
   3.9429851e+02   3.6376769e+02
   4.1558083e+02   3.4269488e+02
   4.3068284e+02   3.1687762e+02
   4.4109134e+02   2.8881561e+02
   4.4708707e+02   2.5958139e+02
   4.5227339e+02   2.2998490e+02
   4.5485164e+02   2.0041093e+02
   2.3613456e+02   1.9233289e+02
   2.5210340e+02   1.8354151e+02
   2.7034035e+02   1.8241823e+02
   2.8806151e+02   1.8727927e+02
   3.0516920e+02   1.9337433e+02
   3.4583689e+02   1.8988324e+02
   3.6318136e+02   1.7923703e+02
   3.8297427e+02   1.7388475e+02
   4.0320901e+02   1.7234268e+02
   4.2190569e+02   1.7938999e+02
   3.2863698e+02   2.0285752e+02
   3.2851519e+02   2.2711337e+02
   3.2858440e+02   2.5111042e+02
   3.2862830e+02   2.7504340e+02
   3.0048526e+02   2.8049278e+02
   3.1346925e+02   2.9114525e+02
   3.2967206e+02   2.9485107e+02
   3.4654852e+02   2.9173825e+02
   3.5964093e+02   2.8102355e+02
   2.5774999e+02   2.1509515e+02
   2.7091119e+02   2.0414763e+02
   2.8808711e+02   2.0768586e+02
   3.0154486e+02   2.1903686e+02
   2.8656039e+02   2.2024262e+02
   2.7162926e+02   2.2007975e+02
   3.5960005e+02   2.1435612e+02
   3.7053718e+02   2.0230758e+02
   3.8598859e+02   1.9738285e+02
   4.0081827e+02   2.0309296e+02
   3.8910092e+02   2.1174506e+02
   3.7426461e+02   2.1330362e+02
   2.9503454e+02   3.1980897e+02
   3.0700803e+02   3.1421802e+02
   3.1972317e+02   3.1118105e+02
   3.3253345e+02   3.1281980e+02
   3.4682163e+02   3.0968795e+02
   3.6133377e+02   3.1194268e+02
   3.7526113e+02   3.1644210e+02
   3.6338703e+02   3.2761570e+02
   3.4956298e+02   3.3578621e+02
   3.3383202e+02   3.3913403e+02
   3.1889738e+02   3.3723818e+02
   3.0580681e+02   3.3014366e+02
   3.0181044e+02   3.2112532e+02
   3.1723269e+02   3.2114161e+02
   3.3253067e+02   3.2166229e+02
   3.5095265e+02   3.2039659e+02
   3.6902714e+02   3.1827182e+02
   3.5081472e+02   3.2084534e+02
   3.3253116e+02   3.2218547e+02
   3.1712506e+02   3.2141282e+02
