   1.8421538e+02   1.9234230e+02
   1.8864756e+02   2.2602376e+02
   1.9395929e+02   2.5956555e+02
   2.0163273e+02   2.9252903e+02
   2.1256074e+02   3.2464968e+02
   2.2861103e+02   3.5447161e+02
   2.4961095e+02   3.8092890e+02
   2.7505532e+02   4.0409535e+02
   3.0729365e+02   4.1029737e+02
   3.4058971e+02   4.0254841e+02
   3.6911838e+02   3.8349650e+02
   3.9138608e+02   3.5755122e+02
   4.0378546e+02   3.2520544e+02
   4.1745143e+02   2.9408454e+02
   4.2480499e+02   2.6038473e+02
   4.2939678e+02   2.2663997e+02
   4.3206760e+02   1.9256013e+02
   2.0448290e+02   1.4599522e+02
   2.2003980e+02   1.3671014e+02
   2.3846214e+02   1.3620343e+02
   2.5684376e+02   1.3713610e+02
   2.7068464e+02   1.4813955e+02
   3.2769453e+02   1.4111559e+02
   3.4606710e+02   1.3741159e+02
   3.6465578e+02   1.3627736e+02
   3.8296656e+02   1.3902164e+02
   3.9754205e+02   1.5045138e+02
   2.9821979e+02   1.8875338e+02
   2.9828989e+02   2.0962279e+02
   2.9773843e+02   2.3043684e+02
   2.9717728e+02   2.5127112e+02
   2.7537904e+02   2.5952735e+02
   2.8636156e+02   2.6525071e+02
   2.9831696e+02   2.6823071e+02
   3.1100596e+02   2.6580069e+02
   3.2266234e+02   2.6049022e+02
   2.2049211e+02   1.9012557e+02
   2.3614020e+02   1.9247343e+02
   2.5399005e+02   1.9278245e+02
   2.6960482e+02   1.9237879e+02
   2.5304325e+02   1.9742912e+02
   2.3597378e+02   1.9716310e+02
   3.3363942e+02   1.8958763e+02
   3.4912238e+02   1.9091870e+02
   3.6691692e+02   1.9089953e+02
   3.8255601e+02   1.8882626e+02
   3.6674589e+02   1.9555034e+02
   3.4969778e+02   1.9551359e+02
   2.6738048e+02   3.2257095e+02
   2.6861680e+02   3.0322932e+02
   2.8088169e+02   2.8954493e+02
   2.9847887e+02   2.8954568e+02
   3.1815603e+02   2.8716993e+02
   3.3294632e+02   3.0103556e+02
   3.3896588e+02   3.2153672e+02
   3.3189034e+02   3.4262842e+02
   3.1953154e+02   3.6002941e+02
   3.0012166e+02   3.6729746e+02
   2.8136785e+02   3.6169482e+02
   2.7242502e+02   3.4314568e+02
   2.7002888e+02   3.2041848e+02
   2.7891610e+02   3.0063468e+02
   2.9912811e+02   2.9480176e+02
   3.2346418e+02   2.9836177e+02
   3.3633297e+02   3.2012796e+02
   3.2263497e+02   3.4302801e+02
   2.9933558e+02   3.5138283e+02
   2.7765460e+02   3.4419247e+02
