   1.8438896e+02   1.9094276e+02
   1.8881741e+02   2.2446445e+02
   1.9410558e+02   2.5782135e+02
   2.0173875e+02   2.9065761e+02
   2.1257232e+02   3.2264161e+02
   2.2885567e+02   3.5213157e+02
   2.5006890e+02   3.7819051e+02
   2.7549383e+02   4.0117305e+02
   3.0757090e+02   4.0729609e+02
   3.4082233e+02   3.9987625e+02
   3.6946700e+02   3.8120546e+02
   3.9184637e+02   3.5553857e+02
   4.0401139e+02   3.2322137e+02
   4.1766244e+02   2.9223056e+02
   4.2486513e+02   2.5862824e+02
   4.2942103e+02   2.2501454e+02
   4.3206246e+02   1.9103526e+02
   2.0461664e+02   1.4461533e+02
   2.2020181e+02   1.3533986e+02
   2.3864929e+02   1.3493163e+02
   2.5705223e+02   1.3586456e+02
   2.7065837e+02   1.4720976e+02
   3.2773581e+02   1.3967326e+02
   3.4612395e+02   1.3596081e+02
   3.6468365e+02   1.3466601e+02
   3.8297512e+02   1.3750161e+02
   3.9754055e+02   1.4897433e+02
   2.9830930e+02   1.8729886e+02
   2.9838989e+02   2.0815318e+02
   2.9784934e+02   2.2895249e+02
   2.9729911e+02   2.4977202e+02
   2.7558226e+02   2.5765175e+02
   2.8663405e+02   2.6356153e+02
   2.9872454e+02   2.6665880e+02
   3.1123131e+02   2.6414962e+02
   3.2268263e+02   2.5873519e+02
   2.2028023e+02   1.8877695e+02
   2.3608488e+02   1.9277545e+02
   2.5363320e+02   1.9305759e+02
   2.6961381e+02   1.9105059e+02
   2.5298711e+02   1.9602426e+02
   2.3588419e+02   1.9568899e+02
   3.3372348e+02   1.8796924e+02
   3.4944293e+02   1.9091165e+02
   3.6693924e+02   1.9088562e+02
   3.8258809e+02   1.8732816e+02
   3.6674002e+02   1.9391074e+02
   3.4973612e+02   1.9393033e+02
   2.6765705e+02   3.1990002e+02
   2.6897203e+02   3.0076917e+02
   2.8123566e+02   2.8734307e+02
   2.9863702e+02   2.8752699e+02
   3.1814659e+02   2.8503359e+02
   3.3291373e+02   2.9866222e+02
   3.3913578e+02   3.1892834e+02
   3.3210778e+02   3.3984408e+02
   3.1969257e+02   3.5696772e+02
   3.0043453e+02   3.6418557e+02
   2.8172973e+02   3.5872025e+02
   2.7265640e+02   3.4039851e+02
   2.7032808e+02   3.1764369e+02
   2.7942379e+02   2.9840803e+02
   2.9932792e+02   2.9289377e+02
   3.2344314e+02   2.9610080e+02
   3.3651983e+02   3.1744451e+02
   3.2273972e+02   3.4003430e+02
   2.9956901e+02   3.4809040e+02
   2.7786116e+02   3.4132970e+02
