   1.8382977e+02   1.9217751e+02
   1.8824352e+02   2.2604262e+02
   1.9355262e+02   2.5978817e+02
   2.0123895e+02   2.9291092e+02
   2.1222491e+02   3.2520207e+02
   2.2809461e+02   3.5534225e+02
   2.4897043e+02   3.8213909e+02
   2.7448393e+02   4.0544795e+02
   3.0690148e+02   4.1173744e+02
   3.4029611e+02   4.0376430e+02
   3.6881180e+02   3.8443508e+02
   3.9107647e+02   3.5827858e+02
   4.0375855e+02   3.2590434e+02
   4.1746697e+02   2.9463674e+02
   4.2497164e+02   2.6081258e+02
   4.2962659e+02   2.2691356e+02
   4.3235282e+02   1.9270283e+02
   2.0421449e+02   1.4576444e+02
   2.1979189e+02   1.3647689e+02
   2.3822910e+02   1.3591646e+02
   2.5662594e+02   1.3688116e+02
   2.7068165e+02   1.4763464e+02
   3.2776431e+02   1.4105815e+02
   3.4616128e+02   1.3736072e+02
   3.6480636e+02   1.3634697e+02
   3.8316736e+02   1.3903707e+02
   3.9778592e+02   1.5043731e+02
   2.9814731e+02   1.8872004e+02
   2.9819176e+02   2.0964605e+02
   2.9761303e+02   2.3051577e+02
   2.9702456e+02   2.5140577e+02
   2.7510963e+02   2.5994773e+02
   2.8605856e+02   2.6555078e+02
   2.9793459e+02   2.6845790e+02
   3.1079164e+02   2.6609401e+02
   3.2263367e+02   2.6086151e+02
   2.2051387e+02   1.8994906e+02
   2.3606666e+02   1.9095655e+02
   2.5418737e+02   1.9130509e+02
   2.6952897e+02   1.9223285e+02
   2.5298692e+02   1.9733184e+02
   2.3591765e+02   1.9710775e+02
   3.3362806e+02   1.8972331e+02
   3.4895635e+02   1.8974925e+02
   3.6701891e+02   1.8974650e+02
   3.8268115e+02   1.8889574e+02
   3.6686530e+02   1.9572875e+02
   3.4975079e+02   1.9563444e+02
   2.6694545e+02   3.2363366e+02
   2.6820157e+02   3.0414977e+02
   2.8051167e+02   2.9028507e+02
   2.9828043e+02   2.9017317e+02
   3.1810466e+02   2.8788749e+02
   3.3293283e+02   3.0193692e+02
   3.3883512e+02   3.2259338e+02
   3.3165334e+02   3.4378190e+02
   3.1929298e+02   3.6137334e+02
   2.9974376e+02   3.6866253e+02
   2.8093615e+02   3.6294985e+02
   2.7206501e+02   3.4424274e+02
   2.6966554e+02   3.2156488e+02
   2.7843456e+02   3.0140532e+02
   2.9888588e+02   2.9536641e+02
   3.2338156e+02   2.9920158e+02
   3.3609715e+02   3.2124575e+02
   3.2241820e+02   3.4429403e+02
   2.9901830e+02   3.5284787e+02
   2.7737776e+02   3.4532250e+02
