   1.8510114e+02   1.9026188e+02
   1.8882597e+02   2.2069866e+02
   1.9308017e+02   2.5088752e+02
   1.9912273e+02   2.8075463e+02
   2.0740589e+02   3.1021931e+02
   2.2315822e+02   3.3594488e+02
   2.4829872e+02   3.5359930e+02
   2.7665732e+02   3.6467979e+02
   3.0658514e+02   3.6849207e+02
   3.3756879e+02   3.6603580e+02
   3.6696217e+02   3.5498461e+02
   3.9242983e+02   3.3740095e+02
   4.1153153e+02   3.1354918e+02
   4.2153241e+02   2.8462058e+02
   4.2681384e+02   2.5407920e+02
   4.3108903e+02   2.2344905e+02
   4.3366341e+02   1.9262601e+02
   2.0638633e+02   1.4903344e+02
   2.2249337e+02   1.4182050e+02
   2.4024828e+02   1.4339204e+02
   2.5774189e+02   1.4691499e+02
   2.7212598e+02   1.5671556e+02
   3.2961319e+02   1.5018767e+02
   3.4725694e+02   1.4541051e+02
   3.6475371e+02   1.4079066e+02
   3.8273368e+02   1.4350311e+02
   3.9940322e+02   1.5009741e+02
   2.9946409e+02   1.8764960e+02
   2.9935372e+02   2.0857957e+02
   2.9862048e+02   2.2944863e+02
   2.9787736e+02   2.5033789e+02
   2.7644719e+02   2.5543757e+02
   2.8798489e+02   2.6281534e+02
   3.0105852e+02   2.6689946e+02
   3.1246014e+02   2.6397874e+02
   3.2267871e+02   2.5794406e+02
   2.2409815e+02   1.8890838e+02
   2.3928299e+02   1.8803734e+02
   2.5540960e+02   1.8877837e+02
   2.6992122e+02   1.9193097e+02
   2.5427859e+02   1.9514997e+02
   2.3865549e+02   1.9480799e+02
   3.3215930e+02   1.8962678e+02
   3.4798722e+02   1.8867586e+02
   3.6400101e+02   1.8810083e+02
   3.7955289e+02   1.8803881e+02
   3.6411309e+02   1.9352509e+02
   3.4789890e+02   1.9372009e+02
   2.6217844e+02   2.9781303e+02
   2.7395950e+02   2.8948803e+02
   2.8738968e+02   2.8356915e+02
   3.0104562e+02   2.8706475e+02
   3.1561591e+02   2.8214837e+02
   3.3027670e+02   2.8814607e+02
   3.4441363e+02   2.9536109e+02
   3.3152048e+02   3.0283997e+02
   3.1800493e+02   3.1035300e+02
   3.0346665e+02   3.1448193e+02
   2.8805907e+02   3.1332400e+02
   2.7428746e+02   3.0635850e+02
   2.7818227e+02   2.9600193e+02
   2.8957613e+02   2.9287252e+02
   3.0047921e+02   2.9479222e+02
   3.1401644e+02   2.9230674e+02
   3.2782130e+02   2.9481088e+02
   3.1408414e+02   2.9503267e+02
   3.0042400e+02   2.9658577e+02
   2.8806350e+02   2.9662788e+02
