   1.8522405e+02   1.8935781e+02
   1.8908512e+02   2.1980850e+02
   1.9351872e+02   2.5011966e+02
   1.9972107e+02   2.7983984e+02
   2.0826476e+02   3.0925115e+02
   2.2286173e+02   3.3569318e+02
   2.4746076e+02   3.5373855e+02
   2.7621249e+02   3.6367462e+02
   3.0637647e+02   3.6725550e+02
   3.3690879e+02   3.6366632e+02
   3.6543286e+02   3.5172208e+02
   3.9037772e+02   3.3392391e+02
   4.1123512e+02   3.1127128e+02
   4.2044265e+02   2.8218334e+02
   4.2588132e+02   2.5184868e+02
   4.2999468e+02   2.2126527e+02
   4.3242048e+02   1.9068090e+02
   2.0630569e+02   1.4900660e+02
   2.2212821e+02   1.4199077e+02
   2.3949076e+02   1.4320611e+02
   2.5659519e+02   1.4692859e+02
   2.7219484e+02   1.5461239e+02
   3.2880359e+02   1.5036877e+02
   3.4605968e+02   1.4538100e+02
   3.6335586e+02   1.4096965e+02
   3.8123462e+02   1.4304368e+02
   3.9817401e+02   1.4852936e+02
   2.9894328e+02   1.8628702e+02
   2.9892008e+02   2.0710162e+02
   2.9827720e+02   2.2785821e+02
   2.9762458e+02   2.4863494e+02
   2.7609566e+02   2.5530950e+02
   2.8730242e+02   2.6182190e+02
   2.9975468e+02   2.6533366e+02
   3.1176384e+02   2.6267504e+02
   3.2267187e+02   2.5703302e+02
   2.2618562e+02   1.8758687e+02
   2.4036696e+02   1.7775099e+02
   2.5762299e+02   1.7854825e+02
   2.6998859e+02   1.9021125e+02
   2.5499449e+02   1.9364988e+02
   2.3989967e+02   1.9378208e+02
   3.3096633e+02   1.8897245e+02
   3.4549159e+02   1.7939215e+02
   3.6260473e+02   1.7864112e+02
   3.7793799e+02   1.8628595e+02
   3.6294237e+02   1.9238184e+02
   3.4678118e+02   1.9245492e+02
   2.6110794e+02   2.9839202e+02
   2.7379654e+02   2.9063499e+02
   2.8719181e+02   2.8449104e+02
   3.0114879e+02   2.8740571e+02
   3.1565908e+02   2.8262525e+02
   3.3036096e+02   2.8850621e+02
   3.4463321e+02   2.9483520e+02
   3.3089567e+02   3.0122944e+02
   3.1773213e+02   3.0874060e+02
   3.0331874e+02   3.1276494e+02
   2.8826825e+02   3.1170533e+02
   2.7448077e+02   3.0542630e+02
   2.7877263e+02   2.9710840e+02
   2.8926305e+02   2.9357230e+02
   3.0024919e+02   2.9485585e+02
   3.1321319e+02   2.9315021e+02
   3.2607290e+02   2.9486559e+02
   3.1298274e+02   2.9346651e+02
   3.0024735e+02   2.9568269e+02
   2.8946666e+02   2.9473550e+02
