   2.0034898e+02   2.0666274e+02
   2.0084915e+02   2.3504180e+02
   2.0551947e+02   2.6321647e+02
   2.0829138e+02   2.9149217e+02
   2.2054240e+02   3.1716857e+02
   2.3654686e+02   3.4084756e+02
   2.5710332e+02   3.6024835e+02
   2.8180572e+02   3.7425129e+02
   3.0927346e+02   3.8124603e+02
   3.3578080e+02   3.7297244e+02
   3.5875844e+02   3.5800637e+02
   3.7866152e+02   3.3888456e+02
   3.9445555e+02   3.1624669e+02
   4.0429033e+02   2.9042455e+02
   4.0807104e+02   2.6300924e+02
   4.1206790e+02   2.3576877e+02
   4.1529914e+02   2.0834831e+02
   2.2002043e+02   1.8646798e+02
   2.3637047e+02   1.7637507e+02
   2.5500331e+02   1.7240217e+02
   2.7422662e+02   1.7314359e+02
   2.9319052e+02   1.7445165e+02
   3.4762538e+02   1.7158638e+02
   3.6179194e+02   1.6903556e+02
   3.7597582e+02   1.6740554e+02
   3.8966177e+02   1.7154168e+02
   4.0212105e+02   1.7862743e+02
   3.1381701e+02   2.0833040e+02
   3.1511374e+02   2.2835767e+02
   3.1544757e+02   2.4836785e+02
   3.1628360e+02   2.6815951e+02
   2.9480675e+02   2.7886517e+02
   3.0536352e+02   2.8332858e+02
   3.1627901e+02   2.8631521e+02
   3.2672586e+02   2.8280058e+02
   3.3691545e+02   2.7887670e+02
   2.4410183e+02   2.0706836e+02
   2.5780831e+02   1.9615987e+02
   2.7552347e+02   1.9706896e+02
   2.8575510e+02   2.1078498e+02
   2.7154704e+02   2.1127672e+02
   2.5739865e+02   2.1156184e+02
   3.3814329e+02   2.1079675e+02
   3.5096882e+02   1.9759803e+02
   3.6951108e+02   1.9623829e+02
   3.8353446e+02   2.0790318e+02
   3.6854002e+02   2.1087039e+02
   3.5330199e+02   2.1076137e+02
   2.7214198e+02   3.1523201e+02
   2.8563650e+02   3.0852435e+02
   2.9935338e+02   3.0270629e+02
   3.1257367e+02   3.0822131e+02
   3.2560136e+02   3.0373178e+02
   3.3893977e+02   3.0841617e+02
   3.5174862e+02   3.1438983e+02
   3.3902557e+02   3.1950548e+02
   3.2717761e+02   3.2629967e+02
   3.1380131e+02   3.2761164e+02
   2.9923473e+02   3.2638580e+02
   2.8579083e+02   3.2056963e+02
   2.8988684e+02   3.1317806e+02
   3.0201445e+02   3.1315423e+02
   3.1379522e+02   3.1482022e+02
   3.2330935e+02   3.1358751e+02
   3.3275975e+02   3.1440431e+02
   3.2316701e+02   3.1408794e+02
   3.1379890e+02   3.1523173e+02
   3.0177543e+02   3.1373147e+02
