   2.0520353e+02   2.2169646e+02
   2.0769735e+02   2.4918872e+02
   2.1238049e+02   2.7636777e+02
   2.2004395e+02   3.0273357e+02
   2.3140430e+02   3.2783015e+02
   2.4618152e+02   3.5103501e+02
   2.6404622e+02   3.7199109e+02
   2.8527076e+02   3.8932976e+02
   3.1161353e+02   3.9532415e+02
   3.3658868e+02   3.8756079e+02
   3.5508159e+02   3.6880591e+02
   3.6838733e+02   3.4618876e+02
   3.7835975e+02   3.2153188e+02
   3.8724286e+02   2.9666337e+02
   3.9198217e+02   2.7050674e+02
   3.9472218e+02   2.4422124e+02
   3.9654475e+02   2.1795862e+02
   2.2608429e+02   1.9310787e+02
   2.3931575e+02   1.8500147e+02
   2.5409428e+02   1.8042930e+02
   2.6951935e+02   1.8090362e+02
   2.8402309e+02   1.8605519e+02
   3.1912698e+02   1.8700968e+02
   3.3226116e+02   1.7988225e+02
   3.4705959e+02   1.7745391e+02
   3.6181904e+02   1.7950429e+02
   3.7551196e+02   1.8517661e+02
   3.0568545e+02   2.1780946e+02
   3.0643845e+02   2.3082346e+02
   3.0690982e+02   2.4388891e+02
   3.0716571e+02   2.5687918e+02
   2.8433023e+02   2.7522837e+02
   2.9628198e+02   2.7854103e+02
   3.0855910e+02   2.7912198e+02
   3.1819175e+02   2.7824139e+02
   3.2701877e+02   2.7471688e+02
   2.4123164e+02   2.1813892e+02
   2.5201350e+02   2.0771157e+02
   2.6734588e+02   2.0767657e+02
   2.7854732e+02   2.1762547e+02
   2.6651740e+02   2.2287429e+02
   2.5331298e+02   2.2304834e+02
   3.2573740e+02   2.1737084e+02
   3.3703671e+02   2.0591679e+02
   3.5311779e+02   2.0489702e+02
   3.6441540e+02   2.1594411e+02
   3.5212115e+02   2.2125260e+02
   3.3866608e+02   2.2106714e+02
   2.7814758e+02   3.2434295e+02
   2.7935141e+02   3.0718374e+02
   2.9102872e+02   2.9438191e+02
   3.0794204e+02   2.9308945e+02
   3.2361863e+02   2.9430629e+02
   3.3392687e+02   3.0640753e+02
   3.3565938e+02   3.2202424e+02
   3.3060479e+02   3.3724537e+02
   3.2465093e+02   3.5194252e+02
   3.1111271e+02   3.5877450e+02
   2.9523647e+02   3.5376709e+02
   2.8551953e+02   3.3976684e+02
   2.8426173e+02   3.2335319e+02
   2.8865106e+02   3.0329579e+02
   3.0814123e+02   2.9687233e+02
   3.2499529e+02   3.0455577e+02
   3.2926704e+02   3.2226931e+02
   3.2252169e+02   3.3761918e+02
   3.1051953e+02   3.4907040e+02
   2.9437268e+02   3.3913648e+02
