   2.0550058e+02   2.2141907e+02
   2.0776968e+02   2.4755549e+02
   2.1201356e+02   2.7325879e+02
   2.1880729e+02   2.9842647e+02
   2.2911609e+02   3.2249686e+02
   2.4284157e+02   3.4461323e+02
   2.6138946e+02   3.6272165e+02
   2.8364668e+02   3.7624907e+02
   3.0891915e+02   3.8094232e+02
   3.3332407e+02   3.7483309e+02
   3.5353358e+02   3.5972650e+02
   3.6917815e+02   3.4016978e+02
   3.7957989e+02   3.1717153e+02
   3.8780819e+02   2.9315739e+02
   3.9190007e+02   2.6818295e+02
   3.9452806e+02   2.4290938e+02
   3.9625977e+02   2.1781477e+02
   2.2445294e+02   1.9476888e+02
   2.3816763e+02   1.8679872e+02
   2.5370739e+02   1.8412469e+02
   2.6964086e+02   1.8432411e+02
   2.8431079e+02   1.8982465e+02
   3.1694978e+02   1.8993400e+02
   3.3064238e+02   1.8304135e+02
   3.4585903e+02   1.8052555e+02
   3.6103548e+02   1.8226225e+02
   3.7516473e+02   1.8804293e+02
   3.0320701e+02   2.1981038e+02
   3.0384451e+02   2.3273962e+02
   3.0430272e+02   2.4573091e+02
   3.0447677e+02   2.5860175e+02
   2.8298839e+02   2.7613239e+02
   2.9405052e+02   2.7969427e+02
   3.0557966e+02   2.8077982e+02
   3.1579180e+02   2.7913619e+02
   3.2510763e+02   2.7500044e+02
   2.3952638e+02   2.1895898e+02
   2.5159352e+02   2.1088604e+02
   2.6631126e+02   2.1082026e+02
   2.7761623e+02   2.1966176e+02
   2.6503837e+02   2.2401418e+02
   2.5170810e+02   2.2386778e+02
   3.2447749e+02   2.1941397e+02
   3.3559039e+02   2.0890805e+02
   3.5100280e+02   2.0819318e+02
   3.6282104e+02   2.1764489e+02
   3.5083578e+02   2.2366070e+02
   3.3731335e+02   2.2340164e+02
   2.7359047e+02   3.1654399e+02
   2.7883859e+02   3.0281772e+02
   2.9103679e+02   2.9442068e+02
   3.0582457e+02   2.9476365e+02
   3.1975577e+02   2.9416212e+02
   3.3098034e+02   3.0211019e+02
   3.3559144e+02   3.1502935e+02
   3.3003770e+02   3.2872910e+02
   3.2105271e+02   3.3996655e+02
   3.0756098e+02   3.4436657e+02
   2.9239900e+02   3.4136018e+02
   2.8153965e+02   3.3006812e+02
   2.8062281e+02   3.1627318e+02
   2.8874373e+02   3.0102709e+02
   3.0588084e+02   2.9894055e+02
   3.2109883e+02   3.0112875e+02
   3.2915786e+02   3.1396544e+02
   3.2011524e+02   3.2574581e+02
   3.0710440e+02   3.3237370e+02
   2.9213744e+02   3.2680349e+02
