   2.0386883e+02   2.2522986e+02
   2.0789181e+02   2.4923024e+02
   2.1189763e+02   2.7299328e+02
   2.1796013e+02   2.9654978e+02
   2.2674823e+02   3.1896139e+02
   2.4228877e+02   3.3746230e+02
   2.6189093e+02   3.5140061e+02
   2.8445748e+02   3.6019019e+02
   3.0830826e+02   3.6306935e+02
   3.3162652e+02   3.5977466e+02
   3.5226250e+02   3.4816998e+02
   3.6967306e+02   3.3220973e+02
   3.8233238e+02   3.1243772e+02
   3.8950678e+02   2.8987346e+02
   3.9292896e+02   2.6643712e+02
   3.9534299e+02   2.4276236e+02
   3.9699481e+02   2.1932470e+02
   2.2448177e+02   1.9749529e+02
   2.3818129e+02   1.9120256e+02
   2.5323627e+02   1.8920011e+02
   2.6832107e+02   1.9049320e+02
   2.8264518e+02   1.9494153e+02
   3.1937567e+02   1.9451212e+02
   3.3311849e+02   1.8952910e+02
   3.4749421e+02   1.8801023e+02
   3.6197026e+02   1.8951949e+02
   3.7611510e+02   1.9235866e+02
   3.0183542e+02   2.2129781e+02
   3.0226839e+02   2.3497798e+02
   3.0296384e+02   2.4869293e+02
   3.0325494e+02   2.6221558e+02
   2.8263107e+02   2.7844378e+02
   2.9338500e+02   2.8175999e+02
   3.0450410e+02   2.8261410e+02
   3.1465955e+02   2.8160438e+02
   3.2358473e+02   2.7691849e+02
   2.3860487e+02   2.2154598e+02
   2.5092564e+02   2.1413535e+02
   2.6544072e+02   2.1437658e+02
   2.7732032e+02   2.2224693e+02
   2.6439624e+02   2.2485298e+02
   2.5124284e+02   2.2481134e+02
   3.2565411e+02   2.2216163e+02
   3.3632311e+02   2.1361214e+02
   3.4994748e+02   2.1271323e+02
   3.6125910e+02   2.2003498e+02
   3.4989624e+02   2.2473020e+02
   3.3758794e+02   2.2468519e+02
   2.7290192e+02   3.0671026e+02
   2.8194930e+02   2.9926920e+02
   2.9342362e+02   2.9652403e+02
   3.0511163e+02   2.9854964e+02
   3.1591357e+02   2.9606983e+02
   3.2670796e+02   2.9861757e+02
   3.3573560e+02   3.0472630e+02
   3.2651729e+02   3.1017101e+02
   3.1671249e+02   3.1494743e+02
   3.0592788e+02   3.1559113e+02
   2.9420376e+02   3.1534117e+02
   2.8316736e+02   3.1174365e+02
   2.8666503e+02   3.0529736e+02
   2.9561723e+02   3.0339041e+02
   3.0529282e+02   3.0346741e+02
   3.1538084e+02   3.0257642e+02
   3.2490891e+02   3.0402083e+02
   3.1539378e+02   3.0624621e+02
   3.0550618e+02   3.0758298e+02
   2.9593879e+02   3.0680460e+02
