   2.0575374e+02   2.2162794e+02
   2.0819493e+02   2.4926200e+02
   2.1288977e+02   2.7659689e+02
   2.2062149e+02   3.0308311e+02
   2.3208121e+02   3.2828818e+02
   2.4687833e+02   3.5166157e+02
   2.6456118e+02   3.7302552e+02
   2.8557303e+02   3.9091737e+02
   3.1199951e+02   3.9712900e+02
   3.3700994e+02   3.8915412e+02
   3.5525492e+02   3.6994968e+02
   3.6822631e+02   3.4695729e+02
   3.7810091e+02   3.2210628e+02
   3.8709543e+02   2.9718003e+02
   3.9194971e+02   2.7092152e+02
   3.9473452e+02   2.4455172e+02
   3.9659878e+02   2.1818308e+02
   2.2681530e+02   1.9292883e+02
   2.3996204e+02   1.8480858e+02
   2.5462246e+02   1.8002012e+02
   2.6996092e+02   1.8052338e+02
   2.8440544e+02   1.8565986e+02
   3.1962694e+02   1.8677244e+02
   3.3266467e+02   1.7961120e+02
   3.4739284e+02   1.7719790e+02
   3.6207350e+02   1.7930561e+02
   3.7566775e+02   1.8503129e+02
   3.0630221e+02   2.1765166e+02
   3.0705490e+02   2.3062521e+02
   3.0750442e+02   2.4364904e+02
   3.0775024e+02   2.5660472e+02
   2.8476875e+02   2.7500387e+02
   2.9679975e+02   2.7829742e+02
   3.0914350e+02   2.7883543e+02
   3.1868125e+02   2.7805008e+02
   3.2743742e+02   2.7463406e+02
   2.4191893e+02   2.1801793e+02
   2.5252042e+02   2.0732929e+02
   2.6789115e+02   2.0731122e+02
   2.7902430e+02   2.1740513e+02
   2.6709566e+02   2.2277219e+02
   2.5393872e+02   2.2296567e+02
   3.2609454e+02   2.1720819e+02
   3.3741022e+02   2.0564063e+02
   3.5357001e+02   2.0461076e+02
   3.6477009e+02   2.1588546e+02
   3.5245058e+02   2.2110535e+02
   3.3901423e+02   2.2090727e+02
   2.7894544e+02   3.2531137e+02
   2.7958632e+02   3.0764249e+02
   2.9119840e+02   2.9422557e+02
   3.0839588e+02   2.9271981e+02
   3.2431196e+02   2.9421778e+02
   3.3447465e+02   3.0692870e+02
   3.3573272e+02   3.2298683e+02
   3.3081420e+02   3.3852689e+02
   3.2524979e+02   3.5374181e+02
   3.1167578e+02   3.6091886e+02
   2.9568561e+02   3.5559839e+02
   2.8615661e+02   3.4112210e+02
   2.8478421e+02   3.2426922e+02
   2.8870819e+02   3.0339054e+02
   3.0860431e+02   2.9642796e+02
   3.2571779e+02   3.0485512e+02
   3.2945881e+02   3.2337604e+02
   3.2300645e+02   3.3932213e+02
   3.1108001e+02   3.5143524e+02
   2.9472538e+02   3.4086640e+02
