   1.9958722e+02   2.0486625e+02
   2.0161218e+02   2.3384671e+02
   2.0320195e+02   2.6272407e+02
   2.0860353e+02   2.9119331e+02
   2.1803998e+02   3.1860913e+02
   2.3342419e+02   3.4286292e+02
   2.5552010e+02   3.6136508e+02
   2.8226851e+02   3.7266852e+02
   3.1032779e+02   3.7861168e+02
   3.3868020e+02   3.7651227e+02
   3.6490606e+02   3.6547772e+02
   3.8651643e+02   3.4696105e+02
   4.0289680e+02   3.2360782e+02
   4.1355677e+02   2.9726230e+02
   4.2256523e+02   2.7021901e+02
   4.2891884e+02   2.4240525e+02
   4.3334129e+02   2.1438413e+02
   2.3687124e+02   1.5455385e+02
   2.4953715e+02   1.4725811e+02
   2.6420122e+02   1.4512318e+02
   2.7883096e+02   1.4463776e+02
   2.9350094e+02   1.4555535e+02
   3.5539761e+02   1.4859154e+02
   3.7061554e+02   1.4930646e+02
   3.8557218e+02   1.5127646e+02
   3.9980977e+02   1.5621604e+02
   4.1119775e+02   1.6582634e+02
   3.2479383e+02   1.7186435e+02
   3.2321656e+02   1.9370715e+02
   3.2177577e+02   2.1543010e+02
   3.2068696e+02   2.3706668e+02
   3.0199339e+02   2.5544281e+02
   3.1115487e+02   2.5529175e+02
   3.2016738e+02   2.5589805e+02
   3.2807873e+02   2.5775747e+02
   3.3569013e+02   2.6029017e+02
   2.5212100e+02   1.8470992e+02
   2.6430822e+02   1.7681528e+02
   2.7870100e+02   1.7664234e+02
   2.9023978e+02   1.8505126e+02
   2.7748547e+02   1.8676978e+02
   2.6462591e+02   1.8704782e+02
   3.5275961e+02   1.9048749e+02
   3.6552880e+02   1.8254451e+02
   3.8055703e+02   1.8311221e+02
   3.9166265e+02   1.9270576e+02
   3.7866933e+02   1.9435648e+02
   3.6578409e+02   1.9169540e+02
   2.7824648e+02   2.9102831e+02
   2.8962681e+02   2.8229734e+02
   3.0278327e+02   2.7669829e+02
   3.1680251e+02   2.7775636e+02
   3.3120942e+02   2.7934061e+02
   3.4333479e+02   2.8777467e+02
   3.5383496e+02   2.9790294e+02
   3.4100497e+02   3.0061047e+02
   3.2798436e+02   3.0261995e+02
   3.1503315e+02   3.0211287e+02
   3.0257439e+02   2.9906962e+02
   2.9043199e+02   2.9467950e+02
   2.8758779e+02   2.8592623e+02
   2.9692910e+02   2.8567203e+02
   3.1601846e+02   2.8694300e+02
   3.3583219e+02   2.8963637e+02
   3.4483358e+02   2.8984144e+02
   3.3557201e+02   2.9004650e+02
   3.1601834e+02   2.8732597e+02
   2.9674757e+02   2.8618042e+02
