   2.0092073e+02   2.0326418e+02
   2.0106980e+02   2.3225751e+02
   2.0432678e+02   2.6120714e+02
   2.1132342e+02   2.8925397e+02
   2.1885177e+02   3.1732359e+02
   2.3500439e+02   3.4091107e+02
   2.5642101e+02   3.6043385e+02
   2.8294923e+02   3.7177295e+02
   3.1140471e+02   3.7657649e+02
   3.4040561e+02   3.7409429e+02
   3.6769347e+02   3.6378946e+02
   3.8977423e+02   3.4532869e+02
   4.0531699e+02   3.2068093e+02
   4.1622662e+02   2.9367863e+02
   4.2378612e+02   2.6578084e+02
   4.3096122e+02   2.3751015e+02
   4.3668393e+02   2.0917551e+02
   2.3676100e+02   1.5226893e+02
   2.4904157e+02   1.4376659e+02
   2.6356793e+02   1.4043411e+02
   2.7852109e+02   1.4007262e+02
   2.9330130e+02   1.4229087e+02
   3.5944529e+02   1.4673324e+02
   3.7580251e+02   1.4601113e+02
   3.9180868e+02   1.4821346e+02
   4.0663637e+02   1.5495002e+02
   4.1709461e+02   1.6706390e+02
   3.2692740e+02   1.6927247e+02
   3.2514246e+02   1.9025034e+02
   3.2367426e+02   2.1117302e+02
   3.2212618e+02   2.3208775e+02
   3.0179653e+02   2.5277959e+02
   3.1189491e+02   2.5336513e+02
   3.2175252e+02   2.5500260e+02
   3.3018314e+02   2.5623210e+02
   3.3838602e+02   2.5795809e+02
   2.5302222e+02   1.8109276e+02
   2.6538597e+02   1.7378061e+02
   2.7985616e+02   1.7439859e+02
   2.9145331e+02   1.8257182e+02
   2.7850024e+02   1.8567215e+02
   2.6543080e+02   1.8537455e+02
   3.5464116e+02   1.8885713e+02
   3.6768449e+02   1.7985068e+02
   3.8347602e+02   1.8011265e+02
   3.9492451e+02   1.9070407e+02
   3.8159264e+02   1.9342163e+02
   3.6797985e+02   1.9153254e+02
   2.7888523e+02   2.9121533e+02
   2.9139755e+02   2.8306385e+02
   3.0484436e+02   2.7650631e+02
   3.1916351e+02   2.7828275e+02
   3.3372123e+02   2.7846683e+02
   3.4534610e+02   2.8762511e+02
   3.5500742e+02   2.9897778e+02
   3.4238928e+02   3.0142558e+02
   3.2963120e+02   3.0308739e+02
   3.1694556e+02   3.0304398e+02
   3.0390831e+02   2.9984788e+02
   2.9132378e+02   2.9560748e+02
   2.8884663e+02   2.8808862e+02
   2.9880802e+02   2.8793093e+02
   3.1879418e+02   2.8752271e+02
   3.3780623e+02   2.9077120e+02
   3.4640682e+02   2.9102184e+02
   3.3745151e+02   2.9127249e+02
   3.1879419e+02   2.8789221e+02
   2.9866808e+02   2.8824631e+02
