   2.0308177e+02   1.8702497e+02
   2.0351157e+02   2.1911067e+02
   2.0773991e+02   2.5073481e+02
   2.1397218e+02   2.8216439e+02
   2.2559123e+02   3.1181238e+02
   2.3885121e+02   3.4065593e+02
   2.6209377e+02   3.6237552e+02
   2.8934199e+02   3.7901441e+02
   3.2047236e+02   3.8228923e+02
   3.5273804e+02   3.7888866e+02
   3.7996093e+02   3.6194751e+02
   4.0036795e+02   3.3683851e+02
   4.1860336e+02   3.0996722e+02
   4.2861644e+02   2.7893163e+02
   4.3654675e+02   2.4775488e+02
   4.4071398e+02   2.1550118e+02
   4.4093299e+02   1.8311923e+02
   2.2912151e+02   1.5878432e+02
   2.4453641e+02   1.4928922e+02
   2.6231430e+02   1.4607487e+02
   2.8047002e+02   1.4550963e+02
   2.9773535e+02   1.5037964e+02
   3.5670142e+02   1.5435830e+02
   3.7180618e+02   1.4952097e+02
   3.8753845e+02   1.5007365e+02
   4.0287072e+02   1.5392876e+02
   4.1764933e+02   1.5932848e+02
   3.2498087e+02   1.8358627e+02
   3.2237028e+02   2.0597232e+02
   3.2012836e+02   2.2828631e+02
   3.1901818e+02   2.5048019e+02
   2.9869973e+02   2.5889906e+02
   3.0980730e+02   2.6512603e+02
   3.2198693e+02   2.6831969e+02
   3.3446185e+02   2.6509691e+02
   3.4527886e+02   2.5841498e+02
   2.5412144e+02   1.8307334e+02
   2.6684930e+02   1.7198477e+02
   2.8381535e+02   1.7437728e+02
   2.9524874e+02   1.8704761e+02
   2.8085187e+02   1.8989195e+02
   2.6643951e+02   1.9018729e+02
   3.5768406e+02   1.8854951e+02
   3.6905692e+02   1.7654548e+02
   3.8571121e+02   1.7677681e+02
   3.9831705e+02   1.8756845e+02
   3.8579768e+02   1.9474623e+02
   3.7132783e+02   1.9358997e+02
   2.7392284e+02   3.0710413e+02
   2.8764201e+02   2.9630989e+02
   3.0331171e+02   2.8912544e+02
   3.1990942e+02   2.9162338e+02
   3.3939676e+02   2.9100330e+02
   3.5729996e+02   2.9909094e+02
   3.7222747e+02   3.1117667e+02
   3.5668269e+02   3.0529342e+02
   3.3998744e+02   3.1277832e+02
   3.2253216e+02   3.1474949e+02
   3.0508372e+02   3.1182478e+02
   2.8942323e+02   3.0287345e+02
   2.9881461e+02   2.9621222e+02
   3.1052283e+02   2.9606354e+02
   3.2193912e+02   2.9794586e+02
   3.3256086e+02   2.9694514e+02
   3.4316453e+02   2.9773881e+02
   3.3252158e+02   2.9753219e+02
   3.2196399e+02   2.9806570e+02
   3.1042840e+02   2.9669565e+02
