   2.0369926e+02   1.8581570e+02
   2.0408150e+02   2.1789519e+02
   2.0826214e+02   2.4951885e+02
   2.1444658e+02   2.8095095e+02
   2.2601928e+02   3.1060982e+02
   2.3923375e+02   3.3946683e+02
   2.6243921e+02   3.6121619e+02
   2.8965700e+02   3.7789185e+02
   3.2077589e+02   3.8121204e+02
   3.5303973e+02   3.7785994e+02
   3.8028188e+02   3.6096268e+02
   4.0072171e+02   3.3588923e+02
   4.1899299e+02   3.0905065e+02
   4.2904986e+02   2.7803650e+02
   4.3702461e+02   2.4687813e+02
   4.4123868e+02   2.1463747e+02
   4.4150556e+02   1.8226275e+02
   2.2850075e+02   1.5725809e+02
   2.4452614e+02   1.4836106e+02
   2.6261458e+02   1.4500062e+02
   2.8095574e+02   1.4440887e+02
   2.9838690e+02   1.4931824e+02
   3.5733450e+02   1.5338331e+02
   3.7244321e+02   1.4856936e+02
   3.8817130e+02   1.4914520e+02
   4.0349460e+02   1.5302218e+02
   4.1826206e+02   1.5844262e+02
   3.2557747e+02   1.8255811e+02
   3.2293431e+02   2.0493552e+02
   3.2065985e+02   2.2724144e+02
   3.1951706e+02   2.4942894e+02
   2.9919049e+02   2.5781595e+02
   3.1028647e+02   2.6405804e+02
   3.2245878e+02   2.6726903e+02
   3.3493581e+02   2.6406540e+02
   3.4576041e+02   2.5740090e+02
   2.5473390e+02   1.8194043e+02
   2.6747546e+02   1.7087307e+02
   2.8443435e+02   1.7329017e+02
   2.9584655e+02   1.8597472e+02
   2.8144854e+02   1.8879715e+02
   2.6703882e+02   1.8907109e+02
   3.5826634e+02   1.8756869e+02
   3.6965454e+02   1.7558405e+02
   3.8630494e+02   1.7583997e+02
   3.9889213e+02   1.8664796e+02
   3.8636480e+02   1.9380568e+02
   3.7189975e+02   1.9262826e+02
   2.7449769e+02   3.0292357e+02
   2.8923153e+02   2.9379418e+02
   3.0434930e+02   2.8543932e+02
   3.2106203e+02   2.8708700e+02
   3.3974108e+02   2.8726325e+02
   3.5704858e+02   2.9437331e+02
   3.7218188e+02   3.0572613e+02
   3.5519422e+02   3.0381407e+02
   3.3895573e+02   3.0975689e+02
   3.2210461e+02   3.1102889e+02
   3.0563204e+02   3.0943553e+02
   2.9092014e+02   3.0081861e+02
   2.9995594e+02   2.9389153e+02
   3.1087640e+02   2.9450605e+02
   3.2183802e+02   2.9350547e+02
   3.3269386e+02   2.9408924e+02
   3.4332265e+02   2.9527735e+02
   3.3256390e+02   2.9460588e+02
   3.2174428e+02   2.9420376e+02
   3.1075154e+02   2.9492448e+02
