   2.0331558e+02   1.8676752e+02
   2.0374690e+02   2.1884827e+02
   2.0797615e+02   2.5046734e+02
   2.1420902e+02   2.8189177e+02
   2.2582775e+02   3.1153464e+02
   2.3908711e+02   3.4037309e+02
   2.6232717e+02   3.6208819e+02
   2.8957202e+02   3.7872318e+02
   3.2069777e+02   3.8199596e+02
   3.5295832e+02   3.7859432e+02
   3.8017619e+02   3.6165442e+02
   4.0057883e+02   3.3654827e+02
   4.1881010e+02   3.0968022e+02
   4.2882011e+02   2.7864891e+02
   4.3674766e+02   2.4747656e+02
   4.4091266e+02   2.1522761e+02
   4.4113003e+02   1.8285063e+02
   2.2910195e+02   1.5846011e+02
   2.4463084e+02   1.4907695e+02
   2.6246598e+02   1.4582844e+02
   2.8065551e+02   1.4525192e+02
   2.9795279e+02   1.5012315e+02
   3.5690999e+02   1.5409828e+02
   3.7201219e+02   1.4926095e+02
   3.8774207e+02   1.4981277e+02
   4.0307217e+02   1.5366653e+02
   4.1784877e+02   1.5906469e+02
   3.2519576e+02   1.8332333e+02
   3.2258668e+02   2.0570606e+02
   3.2034621e+02   2.2801674e+02
   3.1923730e+02   2.5020725e+02
   2.9892239e+02   2.5862584e+02
   3.1002856e+02   2.6485130e+02
   3.2220647e+02   2.6804386e+02
   3.3467931e+02   2.6482096e+02
   3.4549433e+02   2.5813953e+02
   2.5434720e+02   1.8281398e+02
   2.6707256e+02   1.7172649e+02
   2.8403612e+02   1.7411779e+02
   2.9546837e+02   1.8678561e+02
   2.8107386e+02   1.8963022e+02
   2.6666373e+02   1.8992622e+02
   3.5789417e+02   1.8828419e+02
   3.6926469e+02   1.7628145e+02
   3.8591643e+02   1.7651192e+02
   3.9852087e+02   1.8730128e+02
   3.8600377e+02   1.9447856e+02
   3.7153609e+02   1.9332320e+02
   2.7385753e+02   3.0655871e+02
   2.8782571e+02   2.9583805e+02
   3.0341589e+02   2.8810777e+02
   3.2021236e+02   2.9026826e+02
   3.3969020e+02   2.8997096e+02
   3.5756682e+02   2.9799617e+02
   3.7250997e+02   3.1040952e+02
   3.5650311e+02   3.0476620e+02
   3.3977235e+02   3.1168267e+02
   3.2243424e+02   3.1344618e+02
   3.0519575e+02   3.1094651e+02
   2.8971685e+02   3.0211447e+02
   2.9930933e+02   2.9546124e+02
   3.1073229e+02   2.9544379e+02
   3.2196600e+02   2.9648129e+02
   3.3266659e+02   2.9596839e+02
   3.4327978e+02   2.9690675e+02
   3.3259286e+02   2.9652845e+02
   3.2193548e+02   2.9670965e+02
   3.1062646e+02   2.9600512e+02
