   1.7677823e+02   1.9892254e+02
   1.7995938e+02   2.2623614e+02
   1.8369387e+02   2.5347170e+02
   1.8922828e+02   2.8030685e+02
   2.0067805e+02   3.0500956e+02
   2.1924633e+02   3.2492076e+02
   2.4116490e+02   3.4125936e+02
   2.6683885e+02   3.5062616e+02
   2.9370976e+02   3.5486384e+02
   3.1990821e+02   3.5039399e+02
   3.4352593e+02   3.3797443e+02
   3.6428325e+02   3.2138305e+02
   3.8226530e+02   3.0214105e+02
   3.9127080e+02   2.7728907e+02
   3.9428272e+02   2.5078395e+02
   3.9778659e+02   2.2437770e+02
   3.9775803e+02   1.9796731e+02
   1.9630395e+02   1.5701233e+02
   2.1191635e+02   1.4891403e+02
   2.2893536e+02   1.4501983e+02
   2.4645122e+02   1.4586160e+02
   2.6345505e+02   1.4986776e+02
   3.2012875e+02   1.4986706e+02
   3.3463698e+02   1.4477344e+02
   3.5013241e+02   1.4462794e+02
   3.6553241e+02   1.4664371e+02
   3.8061244e+02   1.4939006e+02
   2.9012530e+02   1.7177491e+02
   2.9113964e+02   1.8922901e+02
   2.9173143e+02   2.0646832e+02
   2.9155469e+02   2.2368610e+02
   2.6714276e+02   2.4329802e+02
   2.7910442e+02   2.4455619e+02
   2.9107715e+02   2.4390071e+02
   3.0221796e+02   2.4386381e+02
   3.1321990e+02   2.4270122e+02
   2.2487923e+02   1.8177696e+02
   2.3785213e+02   1.7136332e+02
   2.5444275e+02   1.7073269e+02
   2.6631294e+02   1.8177645e+02
   2.5241631e+02   1.8528284e+02
   2.3829544e+02   1.8611671e+02
   3.1584290e+02   1.8177584e+02
   3.2728244e+02   1.6910626e+02
   3.4444807e+02   1.6828314e+02
   3.5680034e+02   1.7987033e+02
   3.4321848e+02   1.8225505e+02
   3.2955386e+02   1.8176335e+02
   2.5195185e+02   2.8541597e+02
   2.6449811e+02   2.7421074e+02
   2.7756772e+02   2.6389118e+02
   2.9371434e+02   2.6195598e+02
   3.1025519e+02   2.6184588e+02
   3.2370093e+02   2.7213586e+02
   3.3641824e+02   2.8307019e+02
   3.2574228e+02   2.9474308e+02
   3.1115747e+02   3.0127010e+02
   2.9606278e+02   3.0604802e+02
   2.7997798e+02   3.0244662e+02
   2.6529977e+02   2.9495969e+02
   2.6214817e+02   2.8154638e+02
   2.7234450e+02   2.7564424e+02
   2.9464895e+02   2.7322207e+02
   3.1648215e+02   2.7415981e+02
   3.2645019e+02   2.8034254e+02
   3.1539577e+02   2.8652527e+02
   2.9418238e+02   2.8727002e+02
   2.7281639e+02   2.8744852e+02
