   2.3039270e+02   1.8702312e+02
   2.3003915e+02   2.1328507e+02
   2.3454825e+02   2.3902332e+02
   2.3815449e+02   2.6501991e+02
   2.4584041e+02   2.9014793e+02
   2.6175421e+02   3.1097436e+02
   2.8133133e+02   3.2799151e+02
   3.0611411e+02   3.3619674e+02
   3.3190890e+02   3.4078011e+02
   3.5882462e+02   3.4130056e+02
   3.8489158e+02   3.3698351e+02
   4.0553693e+02   3.2055252e+02
   4.2177425e+02   2.9949225e+02
   4.3357574e+02   2.7539725e+02
   4.4119368e+02   2.4992900e+02
   4.4870240e+02   2.2431321e+02
   4.5387547e+02   1.9840472e+02
   2.4969698e+02   1.4642197e+02
   2.6355909e+02   1.3775032e+02
   2.7968010e+02   1.3515620e+02
   2.9568215e+02   1.3800448e+02
   3.1115164e+02   1.4305574e+02
   3.7372554e+02   1.4753858e+02
   3.8900481e+02   1.4311401e+02
   4.0479584e+02   1.4255926e+02
   4.2048847e+02   1.4433793e+02
   4.3415809e+02   1.5189989e+02
   3.4232751e+02   1.7596271e+02
   3.4156509e+02   1.9137420e+02
   3.4109847e+02   2.0680530e+02
   3.3997267e+02   2.2207820e+02
   3.1664773e+02   2.3334407e+02
   3.2738954e+02   2.3749999e+02
   3.3847271e+02   2.4007706e+02
   3.5033498e+02   2.3937392e+02
   3.6188569e+02   2.3652663e+02
   2.7256400e+02   1.7676618e+02
   2.8493942e+02   1.6974692e+02
   2.9904872e+02   1.7142077e+02
   3.1032960e+02   1.8002113e+02
   2.9725869e+02   1.8287945e+02
   2.8402129e+02   1.8295230e+02
   3.7131524e+02   1.8272544e+02
   3.8522345e+02   1.7481990e+02
   4.0114388e+02   1.7443684e+02
   4.1366949e+02   1.8383010e+02
   3.9972217e+02   1.8856917e+02
   3.8512828e+02   1.8751055e+02
   2.8587516e+02   2.6409996e+02
   3.0178735e+02   2.5916355e+02
   3.1791911e+02   2.5557590e+02
   3.3427674e+02   2.5739834e+02
   3.5251455e+02   2.5797472e+02
   3.7017256e+02   2.6263846e+02
   3.8696766e+02   2.6923899e+02
   3.7185196e+02   2.8107982e+02
   3.5451530e+02   2.8898045e+02
   3.3566617e+02   2.8985321e+02
   3.1688034e+02   2.8567279e+02
   3.0009624e+02   2.7667090e+02
   2.9333962e+02   2.6507092e+02
   3.1417854e+02   2.6373560e+02
   3.3490948e+02   2.6533374e+02
   3.5684152e+02   2.6505118e+02
   3.7777480e+02   2.7015942e+02
   3.5651741e+02   2.7570267e+02
   3.3495445e+02   2.7684014e+02
   3.1313974e+02   2.7422324e+02
