   2.2995440e+02   1.8737612e+02
   2.2962244e+02   2.1364635e+02
   2.3415415e+02   2.3939216e+02
   2.3778270e+02   2.6539368e+02
   2.4549431e+02   2.9051856e+02
   2.6143329e+02   3.1133661e+02
   2.8103606e+02   3.2834024e+02
   3.0583631e+02   3.3652024e+02
   3.3163877e+02   3.4110177e+02
   3.5855596e+02   3.4159074e+02
   3.8461717e+02   3.3723109e+02
   4.0524985e+02   3.2077526e+02
   4.2146852e+02   2.9969917e+02
   4.3324778e+02   2.7559511e+02
   4.4084599e+02   2.5011592e+02
   4.4833423e+02   2.2449268e+02
   4.5348625e+02   1.9857853e+02
   2.4922920e+02   1.4675208e+02
   2.6309063e+02   1.3806618e+02
   2.7921157e+02   1.3544752e+02
   2.9521943e+02   1.3829360e+02
   3.1070222e+02   1.4332393e+02
   3.7322641e+02   1.4774364e+02
   3.8852322e+02   1.4331658e+02
   4.0433393e+02   1.4274187e+02
   4.2004835e+02   1.4450682e+02
   4.3372765e+02   1.5208139e+02
   3.4190020e+02   1.7622297e+02
   3.4115015e+02   1.9163783e+02
   3.4069595e+02   2.0707205e+02
   3.3958234e+02   2.2234860e+02
   3.1626184e+02   2.3368457e+02
   3.2700508e+02   2.3778142e+02
   3.3808259e+02   2.4032003e+02
   3.4992182e+02   2.3933262e+02
   3.6144804e+02   2.3648437e+02
   2.7212490e+02   1.7708315e+02
   2.8448590e+02   1.7039725e+02
   2.9835244e+02   1.7218629e+02
   3.0960682e+02   1.8052011e+02
   2.9654848e+02   1.8323433e+02
   2.8338419e+02   1.8348943e+02
   3.7048992e+02   1.8353579e+02
   3.8448237e+02   1.7561576e+02
   4.0046844e+02   1.7489643e+02
   4.1326129e+02   1.8403391e+02
   3.9925100e+02   1.8896966e+02
   3.8453038e+02   1.8802973e+02
   2.8449944e+02   2.6400269e+02
   3.0101350e+02   2.5972267e+02
   3.1735015e+02   2.5596488e+02
   3.3396065e+02   2.5777716e+02
   3.5249821e+02   2.5837699e+02
   3.7049930e+02   2.6295763e+02
   3.8787661e+02   2.6905883e+02
   3.7274863e+02   2.8130690e+02
   3.5532535e+02   2.8966036e+02
   3.3621646e+02   2.9044804e+02
   3.1680457e+02   2.8606312e+02
   2.9942360e+02   2.7676757e+02
   2.9131905e+02   2.6491898e+02
   3.1302991e+02   2.6414027e+02
   3.3456426e+02   2.6570710e+02
   3.5792612e+02   2.6514785e+02
   3.8030404e+02   2.7009893e+02
   3.5780650e+02   2.7648580e+02
   3.3489992e+02   2.7775044e+02
   3.1202114e+02   2.7475900e+02
