   2.5790420e+02   2.4112417e+02
   2.6064857e+02   2.7394139e+02
   2.6718567e+02   3.0614926e+02
   2.7506353e+02   3.3808542e+02
   2.8976581e+02   3.6747840e+02
   3.0920080e+02   3.9418456e+02
   3.3639901e+02   4.1208637e+02
   3.6818449e+02   4.2074672e+02
   4.0072477e+02   4.2216226e+02
   4.3231243e+02   4.1656838e+02
   4.6077990e+02   4.0298424e+02
   4.8306229e+02   3.8029773e+02
   4.9964748e+02   3.5292709e+02
   5.0965881e+02   3.2264871e+02
   5.1577198e+02   2.9135097e+02
   5.1908946e+02   2.5980509e+02
   5.2068369e+02   2.2804844e+02
   2.7750127e+02   2.0891702e+02
   2.9899036e+02   1.9604808e+02
   3.2370944e+02   1.9303628e+02
   3.4867850e+02   1.9585877e+02
   3.7270128e+02   2.0233726e+02
   4.1290238e+02   2.0235051e+02
   4.3483310e+02   1.9543814e+02
   4.5726583e+02   1.8982674e+02
   4.8005976e+02   1.8848028e+02
   5.0168375e+02   1.9501655e+02
   3.9557980e+02   2.2752767e+02
   3.9599399e+02   2.4346918e+02
   3.9694265e+02   2.5945669e+02
   3.9749105e+02   2.7524554e+02
   3.7223812e+02   3.0089062e+02
   3.8442963e+02   3.0242565e+02
   3.9649663e+02   3.0230532e+02
   4.0792108e+02   3.0150399e+02
   4.1890349e+02   2.9907901e+02
   3.0418106e+02   2.3314738e+02
   3.2140950e+02   2.2006858e+02
   3.4330245e+02   2.2024082e+02
   3.6254972e+02   2.3057508e+02
   3.4315280e+02   2.3363111e+02
   3.2368817e+02   2.3406375e+02
   4.2075608e+02   2.2761317e+02
   4.3793552e+02   2.1533256e+02
   4.5898438e+02   2.1499314e+02
   4.7832109e+02   2.2375652e+02
   4.5919304e+02   2.2712018e+02
   4.4001082e+02   2.2813449e+02
   3.4522502e+02   3.4714064e+02
   3.6066653e+02   3.3469546e+02
   3.7947827e+02   3.2843541e+02
   3.9888965e+02   3.3036479e+02
   4.1582434e+02   3.2795439e+02
   4.3230056e+02   3.3281728e+02
   4.4603454e+02   3.4290683e+02
   4.3177463e+02   3.5170271e+02
   4.1601662e+02   3.5722266e+02
   3.9953523e+02   3.5956183e+02
   3.8085933e+02   3.5832009e+02
   3.6255372e+02   3.5390717e+02
   3.6426978e+02   3.4330088e+02
   3.8160562e+02   3.4043991e+02
   3.9890980e+02   3.4013377e+02
   4.1336300e+02   3.4068367e+02
   4.2771590e+02   3.4185694e+02
   4.1327297e+02   3.4305681e+02
   3.9883425e+02   3.4361574e+02
   3.8155813e+02   3.4314371e+02
