   2.5628568e+02   2.4184511e+02
   2.5905334e+02   2.7472846e+02
   2.6496256e+02   3.0697393e+02
   2.7365503e+02   3.3859516e+02
   2.8799878e+02   3.6793296e+02
   3.0838444e+02   3.9380873e+02
   3.3511110e+02   4.1268531e+02
   3.6597633e+02   4.2328705e+02
   3.9855350e+02   4.2569329e+02
   4.3012462e+02   4.1950277e+02
   4.5892864e+02   4.0533813e+02
   4.8123918e+02   3.8211654e+02
   4.9885373e+02   3.5530386e+02
   5.0929018e+02   3.2491962e+02
   5.1454092e+02   2.9304466e+02
   5.1819396e+02   2.6125484e+02
   5.1984106e+02   2.2924189e+02
   2.7833304e+02   2.1231135e+02
   3.0077932e+02   2.0409903e+02
   3.2430038e+02   2.0200767e+02
   3.4775651e+02   2.0544286e+02
   3.7065390e+02   2.1157230e+02
   4.1330297e+02   2.1206025e+02
   4.3416875e+02   2.0434073e+02
   4.5506331e+02   1.9745820e+02
   4.7686960e+02   1.9483062e+02
   4.9883817e+02   1.9713117e+02
   3.9477509e+02   2.3310540e+02
   3.9545219e+02   2.4706393e+02
   3.9614607e+02   2.6103638e+02
   3.9641412e+02   2.7481469e+02
   3.7070030e+02   2.9797446e+02
   3.8322755e+02   3.0115495e+02
   3.9598205e+02   3.0230617e+02
   4.0786437e+02   3.0079266e+02
   4.1875022e+02   2.9607663e+02
   3.0021397e+02   2.3463769e+02
   3.2002149e+02   2.2599069e+02
   3.4171085e+02   2.2517727e+02
   3.6239112e+02   2.3108479e+02
   3.4170954e+02   2.3369160e+02
   3.2085513e+02   2.3440753e+02
   4.2099981e+02   2.2836934e+02
   4.4005552e+02   2.2054217e+02
   4.6020405e+02   2.1929524e+02
   4.7958177e+02   2.2543938e+02
   4.6000722e+02   2.2747263e+02
   4.4052442e+02   2.2818176e+02
   3.4702517e+02   3.4601384e+02
   3.5834109e+02   3.2945261e+02
   3.7794957e+02   3.2449757e+02
   3.9816891e+02   3.2649908e+02
   4.1552328e+02   3.2450072e+02
   4.3228491e+02   3.2794832e+02
   4.4289712e+02   3.4102793e+02
   4.3072854e+02   3.5179293e+02
   4.1511406e+02   3.5697532e+02
   3.9877326e+02   3.5908615e+02
   3.8019641e+02   3.5833363e+02
   3.6223881e+02   3.5499624e+02
   3.5920393e+02   3.4299529e+02
   3.7795307e+02   3.3612981e+02
   3.9779325e+02   3.3550411e+02
   4.1395081e+02   3.3568671e+02
   4.2886449e+02   3.4108349e+02
   4.1353761e+02   3.4400633e+02
   3.9797162e+02   3.4536201e+02
   3.7830266e+02   3.4450899e+02
