   1.7062238e+02   2.1190098e+02
   1.7303899e+02   2.4471809e+02
   1.7907317e+02   2.7713573e+02
   1.8606715e+02   3.0921698e+02
   1.9870392e+02   3.3956321e+02
   2.1550847e+02   3.6753943e+02
   2.3891717e+02   3.9029876e+02
   2.6754545e+02   4.0647404e+02
   2.9948899e+02   4.1157773e+02
   3.3036937e+02   4.0192085e+02
   3.5812094e+02   3.8541212e+02
   3.7749145e+02   3.5992402e+02
   3.9026325e+02   3.3036511e+02
   3.9884432e+02   2.9915728e+02
   4.0271469e+02   2.6715119e+02
   4.0602191e+02   2.3510489e+02
   4.0774818e+02   2.0293640e+02
   1.8351457e+02   2.0011529e+02
   1.9981690e+02   1.8899158e+02
   2.1967078e+02   1.8733135e+02
   2.3919621e+02   1.9082905e+02
   2.5893116e+02   1.9352745e+02
   3.0850499e+02   1.9198945e+02
   3.2819818e+02   1.8375908e+02
   3.4837388e+02   1.7675830e+02
   3.6922089e+02   1.7898023e+02
   3.8470066e+02   1.9277750e+02
   2.8742950e+02   2.2440948e+02
   2.8740910e+02   2.4657412e+02
   2.8770968e+02   2.6866578e+02
   2.8813496e+02   2.9079156e+02
   2.5616664e+02   3.0800843e+02
   2.7297480e+02   3.0951113e+02
   2.8960820e+02   3.1212561e+02
   3.0663844e+02   3.0758207e+02
   3.2335901e+02   3.0293574e+02
   2.0809673e+02   2.2615793e+02
   2.2378044e+02   2.1724549e+02
   2.4148815e+02   2.2121924e+02
   2.5304434e+02   2.3494835e+02
   2.3667551e+02   2.3744451e+02
   2.2046533e+02   2.3611599e+02
   3.2027296e+02   2.3020209e+02
   3.3139132e+02   2.1587015e+02
   3.4870390e+02   2.1051926e+02
   3.6436603e+02   2.1847833e+02
   3.5279023e+02   2.2933938e+02
   3.3653193e+02   2.3069360e+02
   2.5057921e+02   3.4323157e+02
   2.6501439e+02   3.3813617e+02
   2.7879622e+02   3.3125872e+02
   2.9304343e+02   3.3494879e+02
   3.0650373e+02   3.2966567e+02
   3.2090638e+02   3.3340162e+02
   3.3545868e+02   3.3612265e+02
   3.2289746e+02   3.4681581e+02
   3.1057534e+02   3.5757890e+02
   2.9485024e+02   3.6065859e+02
   2.7892759e+02   3.5899294e+02
   2.6487753e+02   3.5074578e+02
   2.6220894e+02   3.4417503e+02
   2.7834648e+02   3.4453016e+02
   2.9412623e+02   3.4574916e+02
   3.0908695e+02   3.4284762e+02
   3.2409893e+02   3.4048735e+02
   3.0891157e+02   3.4333062e+02
   2.9396636e+02   3.4620828e+02
   2.7808661e+02   3.4472976e+02
