   2.6136363e+02   2.3837246e+02
   2.6313069e+02   2.7167910e+02
   2.6905723e+02   3.0409571e+02
   2.7838913e+02   3.3595712e+02
   2.9364167e+02   3.6546261e+02
   3.1381405e+02   3.9157255e+02
   3.3993229e+02   4.1186835e+02
   3.7072887e+02   4.2449958e+02
   4.0343300e+02   4.2625687e+02
   4.3534957e+02   4.2082949e+02
   4.6201448e+02   4.0167190e+02
   4.8570201e+02   3.7898236e+02
   5.0408485e+02   3.5201278e+02
   5.1652649e+02   3.2179754e+02
   5.2175679e+02   2.8925782e+02
   5.2504030e+02   2.5673159e+02
   5.2452175e+02   2.2405332e+02
   2.8179677e+02   2.0970809e+02
   3.0253654e+02   1.9387329e+02
   3.2811754e+02   1.8888599e+02
   3.5420495e+02   1.9046320e+02
   3.7809403e+02   2.0068402e+02
   4.1439178e+02   1.9888621e+02
   4.3716969e+02   1.8930583e+02
   4.6141420e+02   1.8443475e+02
   4.8592423e+02   1.8561941e+02
   5.0800136e+02   1.9576227e+02
   4.0000628e+02   2.2361018e+02
   4.0086093e+02   2.4121686e+02
   4.0120277e+02   2.5894090e+02
   4.0256758e+02   2.7636134e+02
   3.7242533e+02   3.0244185e+02
   3.8752322e+02   3.0499460e+02
   4.0254453e+02   3.0540121e+02
   4.1520132e+02   3.0406653e+02
   4.2735390e+02   3.0119518e+02
   3.0205251e+02   2.2992550e+02
   3.2340347e+02   2.1920745e+02
   3.4720017e+02   2.1762562e+02
   3.6880495e+02   2.2721586e+02
   3.4654565e+02   2.2882510e+02
   3.2411273e+02   2.2855551e+02
   4.2194153e+02   2.2576953e+02
   4.4123321e+02   2.1178705e+02
   4.6504288e+02   2.1081546e+02
   4.8600815e+02   2.2168903e+02
   4.6453429e+02   2.2390838e+02
   4.4333869e+02   2.2516654e+02
   3.2579451e+02   3.2590105e+02
   3.5147292e+02   3.2131729e+02
   3.7727134e+02   3.1980692e+02
   4.0297255e+02   3.2012898e+02
   4.2383912e+02   3.1971500e+02
   4.4471076e+02   3.2116522e+02
   4.6523351e+02   3.2400687e+02
   4.4963772e+02   3.4526294e+02
   4.2790370e+02   3.5985038e+02
   4.0244631e+02   3.6548830e+02
   3.7205977e+02   3.6201110e+02
   3.4483850e+02   3.4920756e+02
   3.3374381e+02   3.2848434e+02
   3.6801570e+02   3.2716706e+02
   4.0206280e+02   3.2760668e+02
   4.3120671e+02   3.2717233e+02
   4.6023145e+02   3.2625262e+02
   4.3431802e+02   3.4567480e+02
   4.0290898e+02   3.5103401e+02
   3.6510395e+02   3.4936264e+02
