   1.9009020e+02   1.8007149e+02
   1.9286984e+02   2.1074940e+02
   1.9717394e+02   2.4090971e+02
   2.0142474e+02   2.7131773e+02
   2.1026972e+02   3.0077055e+02
   2.2710855e+02   3.2602752e+02
   2.5162106e+02   3.4408655e+02
   2.8060705e+02   3.5411990e+02
   3.1060245e+02   3.5894544e+02
   3.4151871e+02   3.5610523e+02
   3.6985340e+02   3.4351535e+02
   3.9551070e+02   3.2599445e+02
   4.1552614e+02   3.0218133e+02
   4.2492302e+02   2.7280699e+02
   4.2908282e+02   2.4179955e+02
   4.3252838e+02   2.1084188e+02
   4.3454194e+02   1.8008533e+02
   2.1138615e+02   1.4046640e+02
   2.2575894e+02   1.3111418e+02
   2.4327420e+02   1.3173803e+02
   2.6049474e+02   1.3491964e+02
   2.7697076e+02   1.4047011e+02
   3.3446384e+02   1.3919575e+02
   3.5198176e+02   1.3584423e+02
   3.6959097e+02   1.3254117e+02
   3.8726329e+02   1.3243641e+02
   4.0345545e+02   1.3919965e+02
   3.0507674e+02   1.7070877e+02
   3.0507899e+02   1.9379128e+02
   3.0460996e+02   2.1703309e+02
   3.0412786e+02   2.3993252e+02
   2.8271126e+02   2.4851513e+02
   2.9364627e+02   2.5560025e+02
   3.0629166e+02   2.5798339e+02
   3.1872901e+02   2.5440997e+02
   3.2946740e+02   2.4763521e+02
   2.3105270e+02   1.7897147e+02
   2.4590793e+02   1.8219367e+02
   2.6121777e+02   1.8171192e+02
   2.7642286e+02   1.8101604e+02
   2.6116033e+02   1.8391570e+02
   2.4559253e+02   1.8383196e+02
   3.3801065e+02   1.8101796e+02
   3.5505399e+02   1.8269370e+02
   3.7234090e+02   1.8304625e+02
   3.8907957e+02   1.7988796e+02
   3.7236395e+02   1.8526686e+02
   3.5503838e+02   1.8489310e+02
   2.5428473e+02   2.6957873e+02
   2.7152868e+02   2.6901773e+02
   2.8862796e+02   2.6641498e+02
   3.0542653e+02   2.6905390e+02
   3.2449471e+02   2.6723381e+02
   3.4365515e+02   2.6906161e+02
   3.6276847e+02   2.6959439e+02
   3.4483792e+02   2.7915512e+02
   3.2619944e+02   2.8706716e+02
   3.0633113e+02   2.8827521e+02
   2.8748320e+02   2.8705612e+02
   2.6986428e+02   2.8023028e+02
   2.7610334e+02   2.7440573e+02
   2.9111020e+02   2.7449173e+02
   3.0587264e+02   2.7574247e+02
   3.2124488e+02   2.7488798e+02
   3.3660102e+02   2.7485053e+02
   3.2099245e+02   2.7575923e+02
   3.0543228e+02   2.7663270e+02
   2.9076802e+02   2.7528085e+02
