   1.9006079e+02   1.7991950e+02
   1.9282933e+02   2.1060139e+02
   1.9736062e+02   2.4086102e+02
   2.0240299e+02   2.7095267e+02
   2.1019601e+02   3.0063054e+02
   2.2702860e+02   3.2590326e+02
   2.5153677e+02   3.4397312e+02
   2.8052182e+02   3.5401817e+02
   3.1051831e+02   3.5885529e+02
   3.4144317e+02   3.5623598e+02
   3.6972296e+02   3.4347925e+02
   3.9542124e+02   3.2595545e+02
   4.1550671e+02   3.0217168e+02
   4.2487553e+02   2.7278458e+02
   4.2905347e+02   2.4174207e+02
   4.3251084e+02   2.1078271e+02
   4.3453600e+02   1.8002395e+02
   2.1137347e+02   1.4031851e+02
   2.2575110e+02   1.3097072e+02
   2.4311669e+02   1.3162953e+02
   2.6048271e+02   1.3483219e+02
   2.7696437e+02   1.4034653e+02
   3.3446344e+02   1.3909335e+02
   3.5198429e+02   1.3574800e+02
   3.6961502e+02   1.3244834e+02
   3.8727868e+02   1.3230472e+02
   4.0346167e+02   1.3912283e+02
   3.0506184e+02   1.7059850e+02
   3.0505520e+02   1.9375595e+02
   3.0457514e+02   2.1710550e+02
   3.0417364e+02   2.4008985e+02
   2.8209516e+02   2.4846307e+02
   2.9342266e+02   2.5541168e+02
   3.0624982e+02   2.5806233e+02
   3.1849801e+02   2.5459506e+02
   3.2906013e+02   2.4769552e+02
   2.3147701e+02   1.7687154e+02
   2.4667904e+02   1.6869649e+02
   2.6393532e+02   1.6973872e+02
   2.7657721e+02   1.8090438e+02
   2.6112495e+02   1.8443651e+02
   2.4527418e+02   1.8375167e+02
   3.3772744e+02   1.8093278e+02
   3.5165363e+02   1.6872927e+02
   3.7040689e+02   1.6773726e+02
   3.8570894e+02   1.7807355e+02
   3.7049658e+02   1.8439967e+02
   3.5396432e+02   1.8438121e+02
   2.6130259e+02   2.7872663e+02
   2.7601333e+02   2.7466108e+02
   2.9085966e+02   2.7145168e+02
   3.0568791e+02   2.7384914e+02
   3.2260737e+02   2.7012999e+02
   3.3980721e+02   2.7353628e+02
   3.5690276e+02   2.7722878e+02
   3.4138707e+02   2.8474458e+02
   3.2605032e+02   2.9235664e+02
   3.0940594e+02   2.9553844e+02
   2.9226622e+02   2.9348857e+02
   2.7643158e+02   2.8683911e+02
   2.8381058e+02   2.7992801e+02
   2.9497575e+02   2.7894673e+02
   3.0607615e+02   2.7912202e+02
   3.1965569e+02   2.7847786e+02
   3.3307090e+02   2.7878066e+02
   3.1948405e+02   2.7936880e+02
   3.0597635e+02   2.8000693e+02
   2.9486226e+02   2.7993003e+02
