   2.1031082e+02   2.0478317e+02
   2.1327609e+02   2.3352368e+02
   2.1940883e+02   2.6194122e+02
   2.2707130e+02   2.8983784e+02
   2.3697842e+02   3.1687677e+02
   2.5223312e+02   3.4135254e+02
   2.7273188e+02   3.6160961e+02
   2.9905383e+02   3.7312209e+02
   3.2749367e+02   3.7668339e+02
   3.5568247e+02   3.7364521e+02
   3.8092319e+02   3.6115287e+02
   4.0166943e+02   3.4181308e+02
   4.1715758e+02   3.1809279e+02
   4.2477691e+02   2.9082885e+02
   4.2964766e+02   2.6285340e+02
   4.3235914e+02   2.3453301e+02
   4.3368635e+02   2.0640007e+02
   2.2832096e+02   1.9410292e+02
   2.4569233e+02   1.8523737e+02
   2.6528778e+02   1.8331238e+02
   2.8495936e+02   1.8192586e+02
   3.0439558e+02   1.8014093e+02
   3.3401846e+02   1.7760690e+02
   3.5335069e+02   1.7641435e+02
   3.7272039e+02   1.7628887e+02
   3.9199506e+02   1.7506881e+02
   4.0993772e+02   1.8073185e+02
   3.2255623e+02   1.9576940e+02
   3.2213622e+02   2.1690648e+02
   3.2157152e+02   2.3792031e+02
   3.2081506e+02   2.5883032e+02
   3.0252658e+02   2.7596644e+02
   3.1300665e+02   2.7861449e+02
   3.2373709e+02   2.7909674e+02
   3.3493459e+02   2.7834461e+02
   3.4556993e+02   2.7533736e+02
   2.5255454e+02   2.0745845e+02
   2.6648225e+02   2.0087070e+02
   2.8277384e+02   2.0011541e+02
   2.9593520e+02   2.0687976e+02
   2.8119343e+02   2.0830368e+02
   2.6660280e+02   2.1072173e+02
   3.4946259e+02   2.0499091e+02
   3.6278019e+02   1.9794311e+02
   3.7875262e+02   1.9487390e+02
   3.9302424e+02   1.9998571e+02
   3.7968087e+02   2.0566169e+02
   3.6448835e+02   2.0514591e+02
   2.8835742e+02   3.0745921e+02
   2.9564035e+02   2.9906942e+02
   3.1042932e+02   2.9377986e+02
   3.2542652e+02   2.9418568e+02
   3.3989553e+02   2.9367866e+02
   3.5404089e+02   2.9730911e+02
   3.6306173e+02   3.0616982e+02
   3.5356778e+02   3.1683050e+02
   3.3997001e+02   3.2158626e+02
   3.2548657e+02   3.2194574e+02
   3.1157013e+02   3.2174512e+02
   2.9859381e+02   3.1667054e+02
   2.9768799e+02   3.0328267e+02
   3.0701856e+02   3.0312764e+02
   3.2590721e+02   3.0509974e+02
   3.4479331e+02   3.0209392e+02
   3.5392752e+02   3.0218023e+02
   3.4457839e+02   3.0226653e+02
   3.2585325e+02   3.0549182e+02
   3.0688701e+02   3.0343770e+02
