   2.0999725e+02   2.0443638e+02
   2.1303384e+02   2.3320226e+02
   2.1925712e+02   2.6169284e+02
   2.2700075e+02   2.8960194e+02
   2.3701119e+02   3.1663002e+02
   2.5217013e+02   3.4118744e+02
   2.7266483e+02   3.6149404e+02
   2.9907100e+02   3.7287886e+02
   3.2760047e+02   3.7635999e+02
   3.5581023e+02   3.7330137e+02
   3.8114169e+02   3.6069523e+02
   4.0209225e+02   3.4144580e+02
   4.1727639e+02   3.1763240e+02
   4.2476325e+02   2.9016379e+02
   4.2951351e+02   2.6219539e+02
   4.3191807e+02   2.3372255e+02
   4.3318436e+02   2.0555476e+02
   2.2760598e+02   1.9349642e+02
   2.4445549e+02   1.8414261e+02
   2.6379378e+02   1.8209192e+02
   2.8316624e+02   1.8039700e+02
   3.0230313e+02   1.7756578e+02
   3.3454527e+02   1.7489177e+02
   3.5371288e+02   1.7424893e+02
   3.7286189e+02   1.7430662e+02
   3.9193358e+02   1.7310539e+02
   4.0940506e+02   1.7941902e+02
   3.2216107e+02   1.9475427e+02
   3.2186538e+02   2.1618707e+02
   3.2165003e+02   2.3747291e+02
   3.2136051e+02   2.5865745e+02
   3.0297782e+02   2.7674711e+02
   3.1313115e+02   2.7970673e+02
   3.2359628e+02   2.8021825e+02
   3.3445400e+02   2.7940156e+02
   3.4480425e+02   2.7664349e+02
   2.5287887e+02   2.0663165e+02
   2.6643841e+02   1.9786468e+02
   2.8332774e+02   1.9818225e+02
   2.9596824e+02   2.0759933e+02
   2.8127267e+02   2.0881587e+02
   2.6669678e+02   2.1068473e+02
   3.4918344e+02   2.0569579e+02
   3.6167325e+02   1.9521725e+02
   3.7823670e+02   1.9120725e+02
   3.9250417e+02   1.9873644e+02
   3.7962916e+02   2.0579248e+02
   3.6430275e+02   2.0555206e+02
   2.8830857e+02   3.0922623e+02
   2.9742894e+02   3.0072482e+02
   3.1145252e+02   2.9590476e+02
   3.2564488e+02   2.9737901e+02
   3.3965856e+02   2.9542251e+02
   3.5343150e+02   2.9921940e+02
   3.6406117e+02   3.0703936e+02
   3.5474763e+02   3.1879274e+02
   3.4050592e+02   3.2398186e+02
   3.2529451e+02   3.2445383e+02
   3.1123687e+02   3.2424691e+02
   2.9820405e+02   3.1896070e+02
   2.9761079e+02   3.0558800e+02
   3.0691302e+02   3.0544809e+02
   3.2574617e+02   3.0708895e+02
   3.4502439e+02   3.0427474e+02
   3.5454278e+02   3.0438294e+02
   3.4481109e+02   3.0449114e+02
   3.2572197e+02   3.0742578e+02
   3.0685294e+02   3.0572791e+02
