   2.0915731e+02   2.0360732e+02
   2.1213565e+02   2.3264906e+02
   2.1826943e+02   2.6121032e+02
   2.2597606e+02   2.8940454e+02
   2.3589021e+02   3.1678109e+02
   2.5176962e+02   3.4127061e+02
   2.7268116e+02   3.6154140e+02
   2.9919238e+02   3.7340975e+02
   3.2778800e+02   3.7707255e+02
   3.5628322e+02   3.7388080e+02
   3.8164931e+02   3.6130218e+02
   4.0196865e+02   3.4129192e+02
   4.1828513e+02   3.1753022e+02
   4.2673827e+02   2.9043956e+02
   4.3170448e+02   2.6211373e+02
   4.3475869e+02   2.3373235e+02
   4.3610555e+02   2.0530716e+02
   2.2847172e+02   1.9340841e+02
   2.4749246e+02   1.8570179e+02
   2.6806226e+02   1.8449065e+02
   2.8880623e+02   1.8385283e+02
   3.0933707e+02   1.8434612e+02
   3.3199270e+02   1.8195502e+02
   3.5208429e+02   1.7966957e+02
   3.7228427e+02   1.7834517e+02
   3.9240572e+02   1.7693234e+02
   4.1195883e+02   1.8074502e+02
   3.2368607e+02   1.9551853e+02
   3.2272084e+02   2.1623260e+02
   3.2145246e+02   2.3685445e+02
   3.2005654e+02   2.5736072e+02
   3.0092504e+02   2.7202973e+02
   3.1248547e+02   2.7378089e+02
   3.2411017e+02   2.7412691e+02
   3.3640857e+02   2.7348343e+02
   3.4797460e+02   2.6967592e+02
   2.5050850e+02   2.0769680e+02
   2.6549159e+02   2.0671736e+02
   2.8025746e+02   2.0284485e+02
   2.9500228e+02   2.0221960e+02
   2.8000691e+02   2.0430054e+02
   2.6533489e+02   2.0840227e+02
   3.4972598e+02   2.0077060e+02
   3.6495357e+02   2.0007692e+02
   3.8000317e+02   2.0015375e+02
   3.9489627e+02   2.0018396e+02
   3.7996317e+02   2.0166158e+02
   3.6478440e+02   2.0092276e+02
   2.8843710e+02   2.9970863e+02
   2.9026962e+02   2.8872824e+02
   3.0766257e+02   2.8314155e+02
   3.2538207e+02   2.8204610e+02
   3.4212330e+02   2.8371270e+02
   3.5835527e+02   2.8730150e+02
   3.6242831e+02   3.0014334e+02
   3.5233816e+02   3.0901697e+02
   3.3970329e+02   3.1334147e+02
   3.2630456e+02   3.1365684e+02
   3.1230965e+02   3.1346692e+02
   2.9924842e+02   3.0846825e+02
   2.9778331e+02   2.9356609e+02
   3.0712953e+02   2.9336302e+02
   3.2634271e+02   2.9588059e+02
   3.4516579e+02   2.9274543e+02
   3.5379705e+02   2.9283639e+02
   3.4493675e+02   2.9292735e+02
   3.2631499e+02   2.9632949e+02
   3.0693131e+02   2.9376916e+02
