   1.6016618e+02   1.8346714e+02
   1.6330186e+02   2.1615655e+02
   1.7049569e+02   2.4830609e+02
   1.7743754e+02   2.8040140e+02
   1.8656241e+02   3.1203001e+02
   2.0619319e+02   3.3804747e+02
   2.3157779e+02   3.5918814e+02
   2.6003296e+02   3.7535117e+02
   2.9208466e+02   3.7963827e+02
   3.2338781e+02   3.7092066e+02
   3.5080163e+02   3.5416832e+02
   3.7293535e+02   3.3065079e+02
   3.9122665e+02   3.0395258e+02
   4.0033012e+02   2.7295730e+02
   4.0534523e+02   2.4094677e+02
   4.0891750e+02   2.0897036e+02
   4.1099768e+02   1.7677818e+02
   1.7952262e+02   1.5218800e+02
   1.9647972e+02   1.4096203e+02
   2.1645815e+02   1.3667533e+02
   2.3673730e+02   1.3849184e+02
   2.5685039e+02   1.4166882e+02
   3.0379744e+02   1.3756689e+02
   3.2445730e+02   1.3290657e+02
   3.4547292e+02   1.3195914e+02
   3.6620598e+02   1.3452818e+02
   3.8433186e+02   1.4453922e+02
   2.8168158e+02   1.6654252e+02
   2.7938890e+02   1.9091437e+02
   2.7842390e+02   2.1500542e+02
   2.7793755e+02   2.3925578e+02
   2.5952046e+02   2.4844465e+02
   2.6974747e+02   2.5308546e+02
   2.8068595e+02   2.5444575e+02
   2.9438358e+02   2.5225537e+02
   3.0746569e+02   2.4786118e+02
   2.0803290e+02   1.8028646e+02
   2.2067827e+02   1.6663441e+02
   2.3945842e+02   1.6598634e+02
   2.5497995e+02   1.7618453e+02
   2.3952714e+02   1.8019488e+02
   2.2373048e+02   1.8181728e+02
   3.1112924e+02   1.7485186e+02
   3.2448577e+02   1.6335751e+02
   3.4205141e+02   1.6167970e+02
   3.5577396e+02   1.7212865e+02
   3.4150709e+02   1.7771228e+02
   3.2612254e+02   1.7782219e+02
   2.4007136e+02   2.8845932e+02
   2.5394856e+02   2.8146369e+02
   2.6902497e+02   2.7773711e+02
   2.8414584e+02   2.8012766e+02
   3.0057425e+02   2.7598626e+02
   3.1696486e+02   2.8123787e+02
   3.3294638e+02   2.8705623e+02
   3.1879109e+02   3.0080959e+02
   3.0190302e+02   3.1094099e+02
   2.8294820e+02   3.1528143e+02
   2.6557653e+02   3.1170414e+02
   2.5077054e+02   3.0228272e+02
   2.5328902e+02   2.9104064e+02
   2.6868141e+02   2.9149624e+02
   2.8401151e+02   2.9194703e+02
   3.0035900e+02   2.9093215e+02
   3.1651261e+02   2.9028933e+02
   3.0045076e+02   2.9183172e+02
   2.8442881e+02   2.9290785e+02
   2.6872167e+02   2.9242898e+02
