   1.7571837e+02   2.1539121e+02
   1.7693610e+02   2.4643237e+02
   1.8098982e+02   2.7693097e+02
   1.8507608e+02   3.0736512e+02
   1.8871165e+02   3.3780142e+02
   2.0135945e+02   3.6586308e+02
   2.2235974e+02   3.8820121e+02
   2.4970352e+02   4.0227896e+02
   2.7991446e+02   4.0575363e+02
   3.1005372e+02   4.0545832e+02
   3.3891353e+02   3.9751350e+02
   3.6453711e+02   3.8188550e+02
   3.8073185e+02   3.5669473e+02
   3.9096807e+02   3.2868091e+02
   3.9814775e+02   2.9929461e+02
   4.0357530e+02   2.6978811e+02
   4.0624267e+02   2.4004830e+02
   1.8737172e+02   2.1446391e+02
   1.9746774e+02   1.9473037e+02
   2.2024805e+02   1.9088782e+02
   2.4318243e+02   1.9550868e+02
   2.6345202e+02   2.0671767e+02
   2.9743114e+02   2.0913985e+02
   3.1950281e+02   2.0289782e+02
   3.4165808e+02   1.9801863e+02
   3.6407687e+02   1.9962871e+02
   3.8265844e+02   2.1203798e+02
   2.8467481e+02   2.1530207e+02
   2.8315184e+02   2.3774498e+02
   2.8168393e+02   2.6036378e+02
   2.7971223e+02   2.8252883e+02
   2.5547577e+02   2.9579363e+02
   2.6677935e+02   3.0109676e+02
   2.7904355e+02   3.0235442e+02
   2.9162133e+02   3.0235990e+02
   3.0338010e+02   2.9797686e+02
   2.0827105e+02   2.2242940e+02
   2.2539434e+02   2.1405757e+02
   2.4418800e+02   2.1799957e+02
   2.5916403e+02   2.3013315e+02
   2.4164935e+02   2.2869503e+02
   2.2412599e+02   2.2885796e+02
   3.0838767e+02   2.3374205e+02
   3.2442780e+02   2.2162092e+02
   3.4433020e+02   2.1935910e+02
   3.6193422e+02   2.2846058e+02
   3.4540553e+02   2.3612731e+02
   3.2681096e+02   2.3378351e+02
   2.4392410e+02   3.3069808e+02
   2.5038711e+02   3.1692401e+02
   2.6585172e+02   3.1431392e+02
   2.8076486e+02   3.1943310e+02
   2.9633969e+02   3.1581182e+02
   3.1113228e+02   3.2160954e+02
   3.2044013e+02   3.3435361e+02
   3.0757333e+02   3.3975491e+02
   2.9421309e+02   3.4344787e+02
   2.8056006e+02   3.4300463e+02
   2.6767879e+02   3.4114328e+02
   2.5570462e+02   3.3610361e+02
   2.5295465e+02   3.2531155e+02
   2.6198520e+02   3.2511011e+02
   2.8013893e+02   3.3008716e+02
   3.0093928e+02   3.2755992e+02
   3.1068971e+02   3.2778300e+02
   3.0074044e+02   3.2800607e+02
   2.8053268e+02   3.3022349e+02
   2.6205787e+02   3.2551299e+02
