   2.4607411e+02   2.5238819e+02
   2.5116114e+02   2.8271289e+02
   2.5975149e+02   3.1240984e+02
   2.6702995e+02   3.4229432e+02
   2.7765744e+02   3.7116857e+02
   2.9633093e+02   3.9535202e+02
   3.1989027e+02   4.1498808e+02
   3.4646015e+02   4.3079878e+02
   3.7636763e+02   4.3470625e+02
   4.0701625e+02   4.2859422e+02
   4.3418575e+02   4.1298141e+02
   4.5711789e+02   3.9174968e+02
   4.7454881e+02   3.6582315e+02
   4.8320494e+02   3.3571525e+02
   4.8856026e+02   3.0493022e+02
   4.9398734e+02   2.7382645e+02
   4.9679412e+02   2.4289791e+02
   2.6583745e+02   2.1498461e+02
   2.8416242e+02   2.0466003e+02
   3.0455005e+02   2.0012429e+02
   3.2522437e+02   2.0197627e+02
   3.4504514e+02   2.0828984e+02
   3.9390619e+02   2.0545278e+02
   4.1327573e+02   1.9682117e+02
   4.3413478e+02   1.9317891e+02
   4.5483077e+02   1.9665872e+02
   4.7355999e+02   2.0631723e+02
   3.6970315e+02   2.3875346e+02
   3.7003414e+02   2.5794340e+02
   3.7063297e+02   2.7687585e+02
   3.7109414e+02   2.9579779e+02
   3.4903884e+02   3.2048890e+02
   3.6063857e+02   3.2303246e+02
   3.7227935e+02   3.2395113e+02
   3.8393939e+02   3.2288197e+02
   3.9514053e+02   3.1977061e+02
   2.8575003e+02   2.4255700e+02
   2.9994877e+02   2.3059627e+02
   3.1882181e+02   2.2961190e+02
   3.3388304e+02   2.4005083e+02
   3.1813972e+02   2.4555603e+02
   3.0167176e+02   2.4674627e+02
   4.0358813e+02   2.3797940e+02
   4.1856540e+02   2.2541765e+02
   4.3857137e+02   2.2537781e+02
   4.5492071e+02   2.3624648e+02
   4.3814306e+02   2.4146065e+02
   4.2068248e+02   2.4169567e+02
   3.2557506e+02   3.5958023e+02
   3.4045811e+02   3.5129115e+02
   3.5661214e+02   3.4530036e+02
   3.7357054e+02   3.4555115e+02
   3.9047509e+02   3.4653541e+02
   4.0633809e+02   3.5260050e+02
   4.2129690e+02   3.5991466e+02
   4.0715549e+02   3.6840610e+02
   3.9128154e+02   3.7296802e+02
   3.7493255e+02   3.7418332e+02
   3.5741392e+02   3.7283490e+02
   3.4072923e+02   3.6812887e+02
   3.4813950e+02   3.5860398e+02
   3.6116640e+02   3.5690219e+02
   3.7431850e+02   3.5647384e+02
   3.8617488e+02   3.5719262e+02
   3.9778792e+02   3.5898764e+02
   3.8616750e+02   3.6043393e+02
   3.7458143e+02   3.6091233e+02
   3.6121357e+02   3.6028746e+02
