   2.4623499e+02   2.5218106e+02
   2.5131288e+02   2.8252879e+02
   2.5984740e+02   3.1224244e+02
   2.6710922e+02   3.4214954e+02
   2.7776314e+02   3.7102604e+02
   2.9643986e+02   3.9522664e+02
   3.2001046e+02   4.1487810e+02
   3.4652123e+02   4.3079358e+02
   3.7642713e+02   4.3473498e+02
   4.0707098e+02   4.2862871e+02
   4.3415562e+02   4.1289967e+02
   4.5706937e+02   3.9165483e+02
   4.7446305e+02   3.6569451e+02
   4.8309327e+02   3.3559101e+02
   4.8845604e+02   3.0480420e+02
   4.9390780e+02   2.7370467e+02
   4.9673001e+02   2.4278406e+02
   2.6597108e+02   2.1473990e+02
   2.8421784e+02   2.0434599e+02
   3.0453139e+02   1.9969829e+02
   3.2518934e+02   2.0154750e+02
   3.4501693e+02   2.0780399e+02
   3.9432433e+02   2.0480293e+02
   4.1364000e+02   1.9629046e+02
   4.3439082e+02   1.9272772e+02
   4.5491959e+02   1.9635665e+02
   4.7347782e+02   2.0605834e+02
   3.6982356e+02   2.3856013e+02
   3.7012882e+02   2.5775561e+02
   3.7072942e+02   2.7669570e+02
   3.7118240e+02   2.9563160e+02
   3.4903391e+02   3.2027199e+02
   3.6064589e+02   3.2284575e+02
   3.7230720e+02   3.2378773e+02
   3.8397334e+02   3.2269360e+02
   3.9518393e+02   3.1957881e+02
   2.8595950e+02   2.4243900e+02
   3.0019772e+02   2.3033574e+02
   3.1907495e+02   2.2934879e+02
   3.3413061e+02   2.3999341e+02
   3.1836646e+02   2.4542895e+02
   3.0189118e+02   2.4660202e+02
   4.0354524e+02   2.3801316e+02
   4.1851636e+02   2.2518699e+02
   4.3856158e+02   2.2506871e+02
   4.5491550e+02   2.3619251e+02
   4.3812547e+02   2.4139261e+02
   4.2066270e+02   2.4160489e+02
   3.2537858e+02   3.5930560e+02
   3.4038454e+02   3.5109694e+02
   3.5659693e+02   3.4507150e+02
   3.7359708e+02   3.4537088e+02
   3.9053359e+02   3.4629517e+02
   4.0643671e+02   3.5238240e+02
   4.2146063e+02   3.5967776e+02
   4.0733485e+02   3.6829701e+02
   3.9141330e+02   3.7293975e+02
   3.7500213e+02   3.7412094e+02
   3.5736593e+02   3.7280440e+02
   3.4057630e+02   3.6800335e+02
   3.4835059e+02   3.5834184e+02
   3.6131827e+02   3.5665196e+02
   3.7438832e+02   3.5622674e+02
   3.8614474e+02   3.5694967e+02
   3.9768253e+02   3.5874251e+02
   3.8614240e+02   3.6021502e+02
   3.7464110e+02   3.6067729e+02
   3.6135667e+02   3.6005175e+02
