   2.4308581e+02   2.4437043e+02
   2.4848757e+02   2.7996225e+02
   2.5638282e+02   3.1489769e+02
   2.6765468e+02   3.4885445e+02
   2.8389635e+02   3.8105292e+02
   3.0178185e+02   4.1180927e+02
   3.2214359e+02   4.4132861e+02
   3.4931097e+02   4.6476249e+02
   3.8308771e+02   4.7428895e+02
   4.1392238e+02   4.5740070e+02
   4.3787614e+02   4.3174240e+02
   4.5785266e+02   4.0275676e+02
   4.7185998e+02   3.7065202e+02
   4.8465198e+02   3.3776618e+02
   4.9412167e+02   3.0396851e+02
   4.9861230e+02   2.6907663e+02
   4.9947698e+02   2.3419828e+02
   2.6942115e+02   1.9903554e+02
   2.8192639e+02   1.8257436e+02
   3.0130278e+02   1.7544340e+02
   3.2188010e+02   1.7805398e+02
   3.4083231e+02   1.8639872e+02
   4.0208412e+02   1.7780210e+02
   4.2092306e+02   1.7012618e+02
   4.4074587e+02   1.6616754e+02
   4.5822704e+02   1.7604901e+02
   4.7280311e+02   1.9007822e+02
   3.7065200e+02   2.3062419e+02
   3.7151927e+02   2.5031245e+02
   3.7227058e+02   2.6995539e+02
   3.7265593e+02   2.8958397e+02
   3.4780010e+02   3.1520666e+02
   3.6126747e+02   3.1800742e+02
   3.7475736e+02   3.1856717e+02
   3.8664925e+02   3.1724271e+02
   3.9800130e+02   3.1358338e+02
   2.8319411e+02   2.3834117e+02
   2.9921907e+02   2.2409963e+02
   3.2131678e+02   2.2513689e+02
   3.4002116e+02   2.3629648e+02
   3.2136465e+02   2.4195375e+02
   3.0200239e+02   2.4296660e+02
   4.0317047e+02   2.3654239e+02
   4.1916892e+02   2.2071422e+02
   4.4200015e+02   2.2010883e+02
   4.6037623e+02   2.3334564e+02
   4.4168840e+02   2.3865805e+02
   4.2231552e+02   2.3896596e+02
   3.2532848e+02   3.6878959e+02
   3.3442038e+02   3.4959405e+02
   3.5359193e+02   3.4037702e+02
   3.7474191e+02   3.4101087e+02
   3.9611170e+02   3.4196563e+02
   4.1423632e+02   3.5335673e+02
   4.2351683e+02   3.7243398e+02
   4.1434144e+02   3.9783859e+02
   4.0217970e+02   4.2178245e+02
   3.8016457e+02   4.3595085e+02
   3.5310442e+02   4.2255240e+02
   3.3634489e+02   3.9711223e+02
   3.3129892e+02   3.6924453e+02
   3.4961596e+02   3.5083230e+02
   3.7513497e+02   3.4783937e+02
   4.0193287e+02   3.5275950e+02
   4.1919206e+02   3.7365372e+02
   4.0508492e+02   4.0107506e+02
   3.7981686e+02   4.1851317e+02
   3.4987876e+02   3.9921396e+02
