   1.9280365e+02   1.6702601e+02
   1.9447696e+02   1.9989710e+02
   1.9778513e+02   2.3213350e+02
   2.0714449e+02   2.6338913e+02
   2.2108086e+02   2.9320167e+02
   2.3574482e+02   3.2233107e+02
   2.5363643e+02   3.4952565e+02
   2.7796839e+02   3.7137595e+02
   3.0775067e+02   3.8292490e+02
   3.3911186e+02   3.7053938e+02
   3.6142194e+02   3.4515839e+02
   3.7848477e+02   3.1569872e+02
   3.9273387e+02   2.8463955e+02
   4.0777458e+02   2.5418581e+02
   4.1497983e+02   2.2098538e+02
   4.1607928e+02   1.8684157e+02
   4.1762379e+02   1.5298364e+02
   2.1613078e+02   1.3222926e+02
   2.2582845e+02   1.1727101e+02
   2.4163702e+02   1.0856979e+02
   2.5901143e+02   1.0414109e+02
   2.7679771e+02   1.0591738e+02
   3.4086643e+02   1.0589957e+02
   3.5741686e+02   1.0386334e+02
   3.7346126e+02   1.0927282e+02
   3.8903783e+02   1.1566010e+02
   3.9938546e+02   1.2836267e+02
   3.1242266e+02   1.3815210e+02
   3.1255797e+02   1.5899065e+02
   3.1198449e+02   1.7961011e+02
   3.1202934e+02   2.0009837e+02
   2.9207966e+02   2.2300546e+02
   3.0184140e+02   2.2257967e+02
   3.1160090e+02   2.2257559e+02
   3.2135706e+02   2.2257126e+02
   3.3111032e+02   2.2256688e+02
   2.3861644e+02   1.5556225e+02
   2.5013308e+02   1.4462314e+02
   2.6628359e+02   1.4568651e+02
   2.7934420e+02   1.5512910e+02
   2.6609370e+02   1.6131423e+02
   2.5165546e+02   1.6174192e+02
   3.3958375e+02   1.5639063e+02
   3.4987041e+02   1.4499676e+02
   3.6551443e+02   1.4449050e+02
   3.7776069e+02   1.5383675e+02
   3.6277566e+02   1.6280799e+02
   3.4719239e+02   1.6995162e+02
   2.6874002e+02   2.7728930e+02
   2.7220110e+02   2.5726974e+02
   2.8710195e+02   2.4353118e+02
   3.0694279e+02   2.4293307e+02
   3.2736060e+02   2.4656466e+02
   3.4136780e+02   2.6226596e+02
   3.4425289e+02   2.8279006e+02
   3.3814021e+02   3.0724163e+02
   3.2738454e+02   3.2991661e+02
   3.0520297e+02   3.3922463e+02
   2.8265485e+02   3.2760994e+02
   2.7351332e+02   3.0292709e+02
   2.7624828e+02   2.8064874e+02
   2.8375654e+02   2.5894465e+02
   3.0651975e+02   2.5311396e+02
   3.3114555e+02   2.6096119e+02
   3.3769922e+02   2.8364828e+02
   3.3108488e+02   3.0633538e+02
   3.0689714e+02   3.1800587e+02
   2.8253792e+02   3.0235283e+02
