   1.9127443e+02   1.7087529e+02
   1.9278968e+02   2.0265950e+02
   1.9707303e+02   2.3376780e+02
   2.0273168e+02   2.6455855e+02
   2.1310717e+02   2.9438302e+02
   2.2424318e+02   3.2398249e+02
   2.4209080e+02   3.4998314e+02
   2.6685159e+02   3.6955770e+02
   2.9661479e+02   3.7815610e+02
   3.2902438e+02   3.7073518e+02
   3.5386448e+02   3.4879292e+02
   3.7201602e+02   3.2054362e+02
   3.8840015e+02   2.9123767e+02
   3.9923896e+02   2.5954758e+02
   4.0633820e+02   2.2682263e+02
   4.0946852e+02   1.9348285e+02
   4.1160898e+02   1.6019697e+02
   2.1360787e+02   1.3531607e+02
   2.2322481e+02   1.2037484e+02
   2.3889937e+02   1.1167097e+02
   2.5654835e+02   1.0956891e+02
   2.7398442e+02   1.1286227e+02
   3.4053684e+02   1.1310299e+02
   3.5615226e+02   1.1168745e+02
   3.7157528e+02   1.1379071e+02
   3.8593027e+02   1.1972594e+02
   3.9583361e+02   1.3155390e+02
   3.0870649e+02   1.4325900e+02
   3.0869071e+02   1.6628260e+02
   3.0911479e+02   1.8905356e+02
   3.0870901e+02   2.1166860e+02
   2.8618036e+02   2.2981278e+02
   2.9657020e+02   2.3062261e+02
   3.0691016e+02   2.3080826e+02
   3.1710286e+02   2.3050090e+02
   3.2716829e+02   2.2936675e+02
   2.3533659e+02   1.6035014e+02
   2.4805957e+02   1.5150301e+02
   2.6360029e+02   1.5257063e+02
   2.7618556e+02   1.6174636e+02
   2.6268196e+02   1.6715024e+02
   2.4821846e+02   1.6682655e+02
   3.3604644e+02   1.6388652e+02
   3.4753582e+02   1.5388095e+02
   3.6270980e+02   1.5285924e+02
   3.7488974e+02   1.6174181e+02
   3.6260404e+02   1.6907122e+02
   3.4845261e+02   1.6982819e+02
   2.6271747e+02   2.7354638e+02
   2.7157014e+02   2.5808431e+02
   2.8667093e+02   2.4882784e+02
   3.0391443e+02   2.5022304e+02
   3.2304182e+02   2.5229740e+02
   3.3810678e+02   2.6385012e+02
   3.4132108e+02   2.8289117e+02
   3.3526536e+02   3.0603552e+02
   3.2259804e+02   3.2619484e+02
   3.0076540e+02   3.3207131e+02
   2.7845845e+02   3.2086684e+02
   2.6606134e+02   2.9876963e+02
   2.7213173e+02   2.8052863e+02
   2.8154600e+02   2.6235870e+02
   3.0317004e+02   2.6014194e+02
   3.2618777e+02   2.6449338e+02
   3.3375442e+02   2.8406446e+02
   3.2602186e+02   3.0363555e+02
   3.0200708e+02   3.0935806e+02
   2.7638065e+02   2.9869857e+02
