   1.9215177e+02   1.6932435e+02
   1.9359489e+02   2.0177438e+02
   1.9724021e+02   2.3356574e+02
   2.0465206e+02   2.6474279e+02
   2.1675573e+02   2.9472691e+02
   2.2948810e+02   3.2431672e+02
   2.4717621e+02   3.5119226e+02
   2.7161320e+02   3.7222980e+02
   3.0139948e+02   3.8257311e+02
   3.3346723e+02   3.7273039e+02
   3.5717489e+02   3.4893954e+02
   3.7486367e+02   3.1992734e+02
   3.9037690e+02   2.8966932e+02
   4.0359408e+02   2.5858401e+02
   4.1101172e+02   2.2554031e+02
   4.1324944e+02   1.9165523e+02
   4.1527210e+02   1.5795467e+02
   2.1521711e+02   1.3400590e+02
   2.2492448e+02   1.1900012e+02
   2.4073516e+02   1.1026330e+02
   2.5832959e+02   1.0701011e+02
   2.7599478e+02   1.0966384e+02
   3.4152911e+02   1.0999059e+02
   3.5765044e+02   1.0834759e+02
   3.7336591e+02   1.1224629e+02
   3.8830613e+02   1.1856228e+02
   3.9831406e+02   1.3098674e+02
   3.1106187e+02   1.4147856e+02
   3.1102302e+02   1.6340892e+02
   3.1085249e+02   1.8509082e+02
   3.1058121e+02   2.0664039e+02
   2.8919400e+02   2.2724407e+02
   2.9929176e+02   2.2743453e+02
   3.0935329e+02   2.2754075e+02
   3.1932437e+02   2.2744436e+02
   3.2924065e+02   2.2698041e+02
   2.3724983e+02   1.5841400e+02
   2.4941659e+02   1.4853617e+02
   2.6527293e+02   1.4967674e+02
   2.7809473e+02   1.5902621e+02
   2.6468489e+02   1.6483096e+02
   2.5020990e+02   1.6480257e+02
   3.3830611e+02   1.6100379e+02
   3.4928577e+02   1.5035538e+02
   3.6471367e+02   1.4968157e+02
   3.7688026e+02   1.5888535e+02
   3.6316003e+02   1.6699492e+02
   3.4819989e+02   1.7089478e+02
   2.6548879e+02   2.7646667e+02
   2.7165091e+02   2.5851292e+02
   2.8676582e+02   2.4696174e+02
   3.0540248e+02   2.4743779e+02
   3.2527683e+02   2.5046217e+02
   3.3976801e+02   2.6431950e+02
   3.4254167e+02   2.8439003e+02
   3.3644717e+02   3.0845945e+02
   3.2464181e+02   3.3014265e+02
   3.0242846e+02   3.3774741e+02
   2.7988350e+02   3.2606447e+02
   2.6926664e+02   3.0228719e+02
   2.7398816e+02   2.8181998e+02
   2.8248753e+02   2.6151064e+02
   3.0476894e+02   2.5751193e+02
   3.2862295e+02   2.6385029e+02
   3.3558231e+02   2.8537349e+02
   3.2827426e+02   3.0689669e+02
   3.0400153e+02   3.1560778e+02
   2.7898966e+02   3.0212933e+02
