   1.9115091e+02   1.7024687e+02
   1.9259188e+02   2.0166525e+02
   1.9694765e+02   2.3244460e+02
   2.0201129e+02   2.6299693e+02
   2.1165659e+02   2.9267240e+02
   2.2273333e+02   3.2185956e+02
   2.4102352e+02   3.4701079e+02
   2.6608445e+02   3.6547362e+02
   2.9575767e+02   3.7323070e+02
   3.2802641e+02   3.6668345e+02
   3.5337607e+02   3.4609113e+02
   3.7219152e+02   3.1895313e+02
   3.8874012e+02   2.9024987e+02
   3.9860684e+02   2.5862438e+02
   4.0522777e+02   2.2621251e+02
   4.0884001e+02   1.9336220e+02
   4.1099585e+02   1.6049352e+02
   2.1328302e+02   1.3563474e+02
   2.2312942e+02   1.2110095e+02
   2.3882087e+02   1.1291852e+02
   2.5638779e+02   1.1140555e+02
   2.7366471e+02   1.1470934e+02
   3.3996394e+02   1.1549999e+02
   3.5552268e+02   1.1413323e+02
   3.7097374e+02   1.1562374e+02
   3.8534196e+02   1.2117703e+02
   3.9560726e+02   1.3247611e+02
   3.0838918e+02   1.4352595e+02
   3.0836060e+02   1.6701679e+02
   3.0887147e+02   1.9028352e+02
   3.0838712e+02   2.1336454e+02
   2.8550217e+02   2.3034204e+02
   2.9597124e+02   2.3153916e+02
   3.0641666e+02   2.3191744e+02
   3.1677858e+02   2.3151352e+02
   3.2693533e+02   2.2994793e+02
   2.3498633e+02   1.6049563e+02
   2.4802887e+02   1.5195461e+02
   2.6360047e+02   1.5307086e+02
   2.7602783e+02   1.6246459e+02
   2.6235385e+02   1.6744390e+02
   2.4783582e+02   1.6709625e+02
   3.3561930e+02   1.6483199e+02
   3.4717423e+02   1.5482248e+02
   3.6237962e+02   1.5368014e+02
   3.7468551e+02   1.6246509e+02
   3.6270852e+02   1.6950793e+02
   3.4875930e+02   1.6952590e+02
   2.6182598e+02   2.7179889e+02
   2.7183667e+02   2.5777329e+02
   2.8692796e+02   2.4951740e+02
   3.0365197e+02   2.5125644e+02
   3.2220246e+02   2.5284091e+02
   3.3730365e+02   2.6324903e+02
   3.4153016e+02   2.8087303e+02
   3.3479825e+02   3.0249788e+02
   3.2169203e+02   3.2092732e+02
   3.0048284e+02   3.2588619e+02
   2.7890545e+02   3.1548155e+02
   2.6592790e+02   2.9528664e+02
   2.7160228e+02   2.7856148e+02
   2.8137858e+02   2.6253867e+02
   3.0286311e+02   2.6112266e+02
   3.2556110e+02   2.6458349e+02
   3.3354563e+02   2.8193049e+02
   3.2539083e+02   2.9927748e+02
   3.0167119e+02   3.0378515e+02
   2.7622925e+02   2.9458429e+02
