   1.9341019e+02   1.6777360e+02
   1.9501924e+02   2.0055956e+02
   1.9833901e+02   2.3270909e+02
   2.0739696e+02   2.6393790e+02
   2.2104365e+02   2.9376301e+02
   2.3541244e+02   3.2294167e+02
   2.5324062e+02   3.5007928e+02
   2.7754719e+02   3.7181446e+02
   3.0729105e+02   3.8321314e+02
   3.3873422e+02   3.7121205e+02
   3.6124286e+02   3.4609548e+02
   3.7840994e+02   3.1674623e+02
   3.9284682e+02   2.8583662e+02
   4.0765070e+02   2.5534288e+02
   4.1490441e+02   2.2220078e+02
   4.1619127e+02   1.8812393e+02
   4.1783003e+02   1.5432021e+02
   2.1671293e+02   1.3296928e+02
   2.2642024e+02   1.1803059e+02
   2.4222425e+02   1.0935227e+02
   2.5961869e+02   1.0510504e+02
   2.7737221e+02   1.0701302e+02
   3.4157940e+02   1.0710422e+02
   3.5806119e+02   1.0513852e+02
   3.7404112e+02   1.1035257e+02
   3.8951437e+02   1.1673669e+02
   3.9979972e+02   1.2939641e+02
   3.1286226e+02   1.3918274e+02
   3.1295673e+02   1.6015377e+02
   3.1242062e+02   1.8090064e+02
   3.1240548e+02   2.0151779e+02
   2.9225274e+02   2.2407230e+02
   3.0205318e+02   2.2374110e+02
   3.1184585e+02   2.2376227e+02
   3.2162392e+02   2.2375346e+02
   3.3139069e+02   2.2369251e+02
   2.3909951e+02   1.5644509e+02
   2.5070810e+02   1.4566845e+02
   2.6680563e+02   1.4675730e+02
   2.7981308e+02   1.5619465e+02
   2.6654422e+02   1.6230765e+02
   2.5211142e+02   1.6266091e+02
   3.3999576e+02   1.5760887e+02
   3.5037820e+02   1.4633159e+02
   3.6598101e+02   1.4581732e+02
   3.7819880e+02   1.5514744e+02
   3.6338706e+02   1.6397779e+02
   3.4788903e+02   1.7066250e+02
   2.6882191e+02   2.7759542e+02
   2.7267255e+02   2.5787965e+02
   2.8760603e+02   2.4446634e+02
   3.0726784e+02   2.4403533e+02
   3.2758596e+02   2.4759851e+02
   3.4162776e+02   2.6304272e+02
   3.4448609e+02   2.8347724e+02
   3.3834984e+02   3.0783606e+02
   3.2743622e+02   3.3033427e+02
   3.0526376e+02   3.3937843e+02
   2.8275360e+02   3.2775161e+02
   2.7344338e+02   3.0322356e+02
   2.7647065e+02   2.8122554e+02
   2.8411939e+02   2.5974562e+02
   3.0680709e+02   2.5419300e+02
   3.3129659e+02   2.6184894e+02
   3.3789134e+02   2.8433962e+02
   3.3115027e+02   3.0683030e+02
   3.0695835e+02   3.1806382e+02
   2.8255379e+02   3.0270546e+02
