   1.8602805e+02   2.4306236e+02
   1.8456919e+02   2.7804383e+02
   1.8400796e+02   3.1336341e+02
   1.8741474e+02   3.4804726e+02
   2.0278948e+02   3.7919688e+02
   2.2792307e+02   4.0318031e+02
   2.5575245e+02   4.2477518e+02
   2.8590802e+02   4.4240850e+02
   3.1980040e+02   4.4821319e+02
   3.5532988e+02   4.4411021e+02
   3.8663649e+02   4.2639820e+02
   4.1391709e+02   4.0257685e+02
   4.3879389e+02   3.7646785e+02
   4.5090819e+02   3.4266722e+02
   4.5441091e+02   3.0709358e+02
   4.5546262e+02   2.7095760e+02
   4.5395307e+02   2.3502475e+02
   2.0126481e+02   1.7827881e+02
   2.1996869e+02   1.6432255e+02
   2.4270988e+02   1.5976003e+02
   2.6611103e+02   1.5939359e+02
   2.8921723e+02   1.6303045e+02
   3.4383448e+02   1.6213303e+02
   3.7071700e+02   1.5777034e+02
   3.9747344e+02   1.5664870e+02
   4.2371491e+02   1.6290339e+02
   4.4250234e+02   1.8130838e+02
   3.1957025e+02   1.9961895e+02
   3.1901138e+02   2.2654680e+02
   3.1843755e+02   2.5316257e+02
   3.1799884e+02   2.7972423e+02
   2.8499265e+02   3.0429656e+02
   3.0131823e+02   3.0334078e+02
   3.1756009e+02   3.0359991e+02
   3.3508018e+02   3.0407780e+02
   3.5245646e+02   3.0580640e+02
   2.2827212e+02   2.2076948e+02
   2.4697323e+02   2.1037333e+02
   2.6859462e+02   2.1200418e+02
   2.8799142e+02   2.2127603e+02
   2.6765150e+02   2.2356471e+02
   2.4747701e+02   2.2660307e+02
   3.5349293e+02   2.2329606e+02
   3.7209396e+02   2.1162159e+02
   3.9382524e+02   2.0904693e+02
   4.1226165e+02   2.1977316e+02
   3.9333919e+02   2.2584923e+02
   3.7338284e+02   2.2392285e+02
   2.5903877e+02   3.4650671e+02
   2.7526897e+02   3.3641563e+02
   2.9319213e+02   3.3084279e+02
   3.1158723e+02   3.3355308e+02
   3.3566769e+02   3.3071697e+02
   3.5888720e+02   3.3879325e+02
   3.7844701e+02   3.5322553e+02
   3.5954762e+02   3.6657341e+02
   3.3655827e+02   3.7008031e+02
   3.1351139e+02   3.6937040e+02
   2.9287889e+02   3.6859850e+02
   2.7381504e+02   3.6078318e+02
   2.7256906e+02   3.4657286e+02
   2.8609934e+02   3.4623866e+02
   3.1256998e+02   3.4768136e+02
   3.4617157e+02   3.4647752e+02
   3.6230929e+02   3.4667593e+02
   3.4562018e+02   3.4687433e+02
   3.1253852e+02   3.4814065e+02
   2.8562513e+02   3.4690705e+02
