   1.8572860e+02   2.4329774e+02
   1.8430789e+02   2.7871268e+02
   1.8379931e+02   3.1391154e+02
   1.8741760e+02   3.4890012e+02
   2.0297519e+02   3.8022838e+02
   2.2778194e+02   4.0502353e+02
   2.5596310e+02   4.2598388e+02
   2.8608122e+02   4.4406351e+02
   3.2045779e+02   4.4905110e+02
   3.5599934e+02   4.4479732e+02
   3.8764674e+02   4.2690415e+02
   4.1522091e+02   4.0355255e+02
   4.3948457e+02   3.7686761e+02
   4.5128593e+02   3.4292009e+02
   4.5476815e+02   3.0726492e+02
   4.5571416e+02   2.7114033e+02
   4.5424930e+02   2.3501610e+02
   1.9984172e+02   1.8297218e+02
   2.1617295e+02   1.6574574e+02
   2.3999397e+02   1.6107214e+02
   2.6426788e+02   1.6013609e+02
   2.8836808e+02   1.6351553e+02
   3.4382162e+02   1.6205335e+02
   3.7148770e+02   1.5776148e+02
   3.9904309e+02   1.5703969e+02
   4.2578667e+02   1.6441897e+02
   4.4306393e+02   1.8490622e+02
   3.1901252e+02   1.9805495e+02
   3.1920581e+02   2.2518361e+02
   3.1901766e+02   2.5199461e+02
   3.1901464e+02   2.7880285e+02
   2.8496738e+02   3.0458617e+02
   3.0183154e+02   3.0360302e+02
   3.1851335e+02   3.0361276e+02
   3.3570154e+02   3.0408334e+02
   3.5258416e+02   3.0604251e+02
   2.2804886e+02   2.2091910e+02
   2.4678325e+02   2.1048381e+02
   2.6845464e+02   2.1210009e+02
   2.8787356e+02   2.2141551e+02
   2.6749971e+02   2.2369224e+02
   2.4729250e+02   2.2674993e+02
   3.5355338e+02   2.2334576e+02
   3.7175938e+02   2.1207712e+02
   3.9288020e+02   2.0930880e+02
   4.1047192e+02   2.2042662e+02
   3.9188489e+02   2.2529362e+02
   3.7271305e+02   2.2385242e+02
   2.5966838e+02   3.5172527e+02
   2.7607988e+02   3.3733680e+02
   2.9670859e+02   3.3008212e+02
   3.1800179e+02   3.3328237e+02
   3.4232769e+02   3.2985392e+02
   3.6519761e+02   3.3960601e+02
   3.8415887e+02   3.5563439e+02
   3.6375729e+02   3.6686464e+02
   3.4115202e+02   3.7124194e+02
   3.1803585e+02   3.7073031e+02
   2.9709929e+02   3.6982819e+02
   2.7716738e+02   3.6314230e+02
   2.7420774e+02   3.4763848e+02
   2.8874710e+02   3.4740016e+02
   3.1801292e+02   3.4979616e+02
   3.5175308e+02   3.4791693e+02
   3.6795598e+02   3.4814861e+02
   3.5142655e+02   3.4838030e+02
   3.1802730e+02   3.5028141e+02
   2.8855698e+02   3.4787681e+02
