   2.2142347e+02   2.0767074e+02
   2.2251519e+02   2.3786578e+02
   2.2766224e+02   2.6714974e+02
   2.3575076e+02   2.9608597e+02
   2.4574914e+02   3.2411629e+02
   2.6273845e+02   3.4879549e+02
   2.8591287e+02   3.6780435e+02
   3.1112910e+02   3.8371280e+02
   3.4017666e+02   3.8830823e+02
   3.6997981e+02   3.8198979e+02
   3.9558244e+02   3.6533441e+02
   4.1654459e+02   3.4326497e+02
   4.3209780e+02   3.1698006e+02
   4.4360517e+02   2.8834041e+02
   4.5055106e+02   2.5860481e+02
   4.5367216e+02   2.2834779e+02
   4.5501476e+02   1.9788643e+02
   2.4044447e+02   1.9023115e+02
   2.5630973e+02   1.8298429e+02
   2.7345095e+02   1.8152405e+02
   2.9028410e+02   1.8520964e+02
   3.0573003e+02   1.9279009e+02
   3.4787268e+02   1.9169550e+02
   3.6442817e+02   1.8014944e+02
   3.8392546e+02   1.7495146e+02
   4.0422576e+02   1.7441282e+02
   4.2425018e+02   1.7658042e+02
   3.3041978e+02   2.0895256e+02
   3.3058516e+02   2.3077959e+02
   3.3040788e+02   2.5228970e+02
   3.3028275e+02   2.7389146e+02
   3.0402874e+02   2.8028710e+02
   3.1615887e+02   2.9124566e+02
   3.3172735e+02   2.9538586e+02
   3.4953421e+02   2.9166294e+02
   3.6334100e+02   2.8013094e+02
   2.6047959e+02   2.1533308e+02
   2.7346200e+02   2.0613457e+02
   2.8986158e+02   2.0862080e+02
   3.0315103e+02   2.1756072e+02
   2.8870283e+02   2.1809093e+02
   2.7438633e+02   2.1820536e+02
   3.6202740e+02   2.1543563e+02
   3.7309586e+02   2.0530210e+02
   3.8812959e+02   2.0255656e+02
   4.0280824e+02   2.0645772e+02
   3.9018139e+02   2.1236782e+02
   3.7596374e+02   2.1384399e+02
   2.9100244e+02   3.1661759e+02
   3.0336962e+02   3.0848319e+02
   3.1842073e+02   3.0695784e+02
   3.3328959e+02   3.0758835e+02
   3.5030640e+02   3.0667544e+02
   3.6702390e+02   3.0772331e+02
   3.8395128e+02   3.1006381e+02
   3.7374836e+02   3.2872415e+02
   3.5631915e+02   3.4063560e+02
   3.3560239e+02   3.4351125e+02
   3.1724434e+02   3.4112865e+02
   3.0139974e+02   3.3178724e+02
   2.9625527e+02   3.1660925e+02
   3.1509757e+02   3.1526787e+02
   3.3374352e+02   3.1545179e+02
   3.5717471e+02   3.1381404e+02
   3.8046740e+02   3.1234030e+02
   3.5958468e+02   3.2744183e+02
   3.3515181e+02   3.3075679e+02
   3.1436961e+02   3.2718736e+02
