   2.2180695e+02   2.0820758e+02
   2.2290980e+02   2.3837216e+02
   2.2798621e+02   2.6761059e+02
   2.3569904e+02   2.9659231e+02
   2.4568612e+02   3.2460948e+02
   2.6288635e+02   3.4909851e+02
   2.8613476e+02   3.6795883e+02
   3.1149422e+02   3.8348520e+02
   3.4057986e+02   3.8775981e+02
   3.7027471e+02   3.8141934e+02
   3.9578506e+02   3.6492599e+02
   4.1678751e+02   3.4302218e+02
   4.3223231e+02   3.1684646e+02
   4.4359299e+02   2.8832506e+02
   4.5043075e+02   2.5871504e+02
   4.5350308e+02   2.2855712e+02
   4.5479084e+02   1.9822928e+02
   2.4131685e+02   1.9076103e+02
   2.5722562e+02   1.8415723e+02
   2.7418487e+02   1.8258780e+02
   2.9088507e+02   1.8600462e+02
   3.0622146e+02   1.9330345e+02
   3.4799947e+02   1.9218210e+02
   3.6458259e+02   1.8110573e+02
   3.8383225e+02   1.7606337e+02
   4.0389509e+02   1.7531470e+02
   4.2368142e+02   1.7720383e+02
   3.3042193e+02   2.0965930e+02
   3.3077865e+02   2.3126424e+02
   3.3073873e+02   2.5258211e+02
   3.3081275e+02   2.7396043e+02
   3.0423835e+02   2.8000273e+02
   3.1647579e+02   2.9097578e+02
   3.3214950e+02   2.9514291e+02
   3.4996383e+02   2.9110386e+02
   3.6392265e+02   2.7967298e+02
   2.6077529e+02   2.1498613e+02
   2.7370994e+02   2.0452740e+02
   2.9046958e+02   2.0710750e+02
   3.0365420e+02   2.1753147e+02
   2.8913259e+02   2.1800639e+02
   2.7473556e+02   2.1808192e+02
   3.6208104e+02   2.1533982e+02
   3.7261850e+02   2.0393880e+02
   3.8780248e+02   2.0097235e+02
   4.0253075e+02   2.0583117e+02
   3.9004112e+02   2.1201845e+02
   3.7592573e+02   2.1361755e+02
   2.9072344e+02   3.1570128e+02
   3.0332798e+02   3.0760639e+02
   3.1858248e+02   3.0625242e+02
   3.3363234e+02   3.0681175e+02
   3.5098092e+02   3.0593455e+02
   3.6807034e+02   3.0646920e+02
   3.8507954e+02   3.0931338e+02
   3.7458839e+02   3.2800506e+02
   3.5702127e+02   3.4004539e+02
   3.3609604e+02   3.4276633e+02
   3.1737034e+02   3.4040228e+02
   3.0104987e+02   3.3125984e+02
   2.9550330e+02   3.1579769e+02
   3.1484646e+02   3.1458133e+02
   3.3394160e+02   3.1469391e+02
   3.5795726e+02   3.1284295e+02
   3.8186479e+02   3.1138405e+02
   3.6066558e+02   3.2730144e+02
   3.3548407e+02   3.3032010e+02
   3.1399967e+02   3.2698715e+02
