   1.4784821e+02   1.8052045e+02
   1.4361863e+02   2.1294820e+02
   1.4789541e+02   2.4559937e+02
   1.5544721e+02   2.7740033e+02
   1.6231445e+02   3.0936207e+02
   1.8125238e+02   3.3546839e+02
   2.0989551e+02   3.5135103e+02
   2.3987603e+02   3.6449309e+02
   2.7204981e+02   3.6676066e+02
   3.0540925e+02   3.6140815e+02
   3.3473562e+02   3.4390566e+02
   3.6456183e+02   3.2769329e+02
   3.8310271e+02   2.9927969e+02
   3.8722333e+02   2.6528610e+02
   3.9031052e+02   2.3123948e+02
   3.9176123e+02   1.9726428e+02
   3.8303278e+02   1.6461927e+02
   1.5948002e+02   1.5449678e+02
   1.7810500e+02   1.4339667e+02
   2.0033731e+02   1.4462332e+02
   2.2203649e+02   1.4960220e+02
   2.4183241e+02   1.5910911e+02
   2.8187485e+02   1.5695028e+02
   3.0270622e+02   1.4706841e+02
   3.2408449e+02   1.3898813e+02
   3.4677849e+02   1.3667343e+02
   3.6725398e+02   1.4588993e+02
   2.6387972e+02   1.7293937e+02
   2.6404511e+02   1.9636221e+02
   2.6391911e+02   2.1974527e+02
   2.6499700e+02   2.4297008e+02
   2.4191943e+02   2.6536372e+02
   2.5358528e+02   2.6867024e+02
   2.6541549e+02   2.6994645e+02
   2.7755258e+02   2.6791403e+02
   2.8916965e+02   2.6394873e+02
   1.8221370e+02   1.8479508e+02
   1.9926063e+02   1.7288727e+02
   2.2004430e+02   1.7710645e+02
   2.3524556e+02   1.9179854e+02
   2.1635859e+02   1.9518283e+02
   1.9746299e+02   1.9512318e+02
   2.9568490e+02   1.9046896e+02
   3.0950737e+02   1.7343812e+02
   3.3061023e+02   1.6769455e+02
   3.4813404e+02   1.7961272e+02
   3.3322191e+02   1.9024836e+02
   3.1439906e+02   1.9006766e+02
   2.2606524e+02   3.0204230e+02
   2.3892629e+02   2.9564323e+02
   2.5160503e+02   2.8874340e+02
   2.6549142e+02   2.9009371e+02
   2.8169352e+02   2.8879569e+02
   2.9711340e+02   2.9431397e+02
   3.1275173e+02   2.9910765e+02
   2.9982811e+02   3.0979011e+02
   2.8399829e+02   3.1576531e+02
   2.6743405e+02   3.1723124e+02
   2.5175930e+02   3.1690848e+02
   2.3671005e+02   3.1289127e+02
   2.3614855e+02   3.0125139e+02
   2.4623186e+02   3.0109522e+02
   2.6609703e+02   3.0083931e+02
   2.8962607e+02   3.0051845e+02
   3.0118890e+02   3.0059209e+02
   2.8917778e+02   3.0066574e+02
   2.6595561e+02   3.0098736e+02
   2.4582402e+02   3.0140757e+02
