   1.4802699e+02   1.8063404e+02
   1.4381677e+02   2.1302094e+02
   1.4801760e+02   2.4524827e+02
   1.5403289e+02   2.7740212e+02
   1.6239381e+02   3.0894039e+02
   1.8125620e+02   3.3520499e+02
   2.0983270e+02   3.5086739e+02
   2.3956456e+02   3.6438868e+02
   2.7132742e+02   3.6404952e+02
   3.0484862e+02   3.5933636e+02
   3.3513551e+02   3.4354349e+02
   3.6482296e+02   3.2726756e+02
   3.8315090e+02   2.9872991e+02
   3.8724174e+02   2.6518253e+02
   3.8948936e+02   2.3082293e+02
   3.9192868e+02   1.9707138e+02
   3.8289554e+02   1.6465371e+02
   1.5963244e+02   1.5463964e+02
   1.7815106e+02   1.4316384e+02
   2.0026972e+02   1.4409033e+02
   2.2204455e+02   1.4936851e+02
   2.4187851e+02   1.5921087e+02
   2.8186737e+02   1.5703784e+02
   3.0266714e+02   1.4716010e+02
   3.2401387e+02   1.3908136e+02
   3.4667704e+02   1.3676005e+02
   3.6712952e+02   1.4595572e+02
   2.6390270e+02   1.7301356e+02
   2.6407784e+02   1.9640554e+02
   2.6396196e+02   2.1975790e+02
   2.6504831e+02   2.4295171e+02
   2.4073196e+02   2.6526982e+02
   2.5293459e+02   2.6848344e+02
   2.6547772e+02   2.6989243e+02
   2.7915516e+02   2.6739310e+02
   2.9200826e+02   2.6214358e+02
   1.8234911e+02   1.8488843e+02
   1.9936856e+02   1.7298902e+02
   2.2018578e+02   1.7714284e+02
   2.3531422e+02   1.9186011e+02
   2.1645353e+02   1.9524799e+02
   1.9758275e+02   1.9519645e+02
   2.9567352e+02   1.9050657e+02
   3.0947057e+02   1.7349224e+02
   3.3054323e+02   1.6774725e+02
   3.4804907e+02   1.7964230e+02
   3.3316107e+02   1.9027029e+02
   3.1436290e+02   1.9009783e+02
   2.2096928e+02   2.9715960e+02
   2.3607420e+02   2.9450527e+02
   2.5058376e+02   2.8921946e+02
   2.6556212e+02   2.9001316e+02
   2.8335367e+02   2.8836450e+02
   3.0084775e+02   2.9187634e+02
   3.1853362e+02   2.9334645e+02
   3.0244352e+02   3.0408839e+02
   2.8550023e+02   3.1312648e+02
   2.6669810e+02   3.1547219e+02
   2.4930951e+02   3.1477459e+02
   2.3297155e+02   3.0925722e+02
   2.3228995e+02   2.9940749e+02
   2.4361061e+02   2.9932794e+02
   2.6600766e+02   2.9888033e+02
   2.9259527e+02   2.9783688e+02
   3.0556444e+02   2.9792420e+02
   2.9245757e+02   2.9801151e+02
   2.6614223e+02   2.9913079e+02
   2.4340971e+02   2.9948704e+02
