   1.8411992e+02   1.7099250e+02
   1.8448338e+02   2.0212965e+02
   1.8982395e+02   2.3279198e+02
   1.9635375e+02   2.6337241e+02
   2.0696445e+02   2.9266331e+02
   2.2389455e+02   3.1839031e+02
   2.4806325e+02   3.3793729e+02
   2.7481941e+02   3.5365308e+02
   3.0519845e+02   3.5788853e+02
   3.3464740e+02   3.5198118e+02
   3.5953094e+02   3.3516863e+02
   3.8010719e+02   3.1324621e+02
   3.9734031e+02   2.8857728e+02
   4.0606926e+02   2.5998017e+02
   4.1171049e+02   2.3023439e+02
   4.1521298e+02   2.0061009e+02
   4.1344154e+02   1.7062402e+02
   2.0066687e+02   1.4998821e+02
   2.0820376e+02   1.3483639e+02
   2.2536361e+02   1.3057786e+02
   2.4301452e+02   1.2964940e+02
   2.6077508e+02   1.2963839e+02
   3.3091503e+02   1.2618983e+02
   3.4640113e+02   1.2525056e+02
   3.6167855e+02   1.2518832e+02
   3.7682966e+02   1.2754465e+02
   3.8752553e+02   1.3798265e+02
   2.9319611e+02   1.6164243e+02
   2.9315855e+02   1.8049017e+02
   2.9420982e+02   1.9920504e+02
   2.9451788e+02   2.1796746e+02
   2.6501611e+02   2.3290491e+02
   2.7922271e+02   2.3525416e+02
   2.9361787e+02   2.3540095e+02
   3.0908917e+02   2.3539733e+02
   3.2415732e+02   2.3327915e+02
   2.2569343e+02   1.6921866e+02
   2.3804617e+02   1.5684159e+02
   2.5568551e+02   1.5681521e+02
   2.6905487e+02   1.6789245e+02
   2.5526427e+02   1.7389124e+02
   2.4016006e+02   1.7369622e+02
   3.2089820e+02   1.6789686e+02
   3.3409993e+02   1.5449835e+02
   3.5282836e+02   1.5328696e+02
   3.6650608e+02   1.6569072e+02
   3.5200455e+02   1.7167495e+02
   3.3617677e+02   1.7158118e+02
   2.4981286e+02   2.8155553e+02
   2.6265914e+02   2.7097418e+02
   2.7711860e+02   2.6277479e+02
   2.9281084e+02   2.6572990e+02
   3.0962955e+02   2.6088900e+02
   3.2639562e+02   2.6621646e+02
   3.3989507e+02   2.7769365e+02
   3.3043873e+02   2.9168146e+02
   3.1589971e+02   2.9985770e+02
   2.9929508e+02   3.0033714e+02
   2.8005764e+02   3.0169280e+02
   2.6141258e+02   2.9642698e+02
   2.6402216e+02   2.7950726e+02
   2.7879097e+02   2.7652771e+02
   2.9352651e+02   2.7710160e+02
   3.0880422e+02   2.7619952e+02
   3.2406967e+02   2.7678821e+02
   3.0890257e+02   2.7699050e+02
   2.9388015e+02   2.7790556e+02
   2.7892158e+02   2.7733387e+02
