   1.8530005e+02   1.7105118e+02
   1.8568039e+02   2.0182915e+02
   1.9098013e+02   2.3213440e+02
   1.9745534e+02   2.6235791e+02
   2.0796353e+02   2.9130398e+02
   2.2471587e+02   3.1672296e+02
   2.4861918e+02   3.3602826e+02
   2.7507754e+02   3.5154479e+02
   3.0510925e+02   3.5571087e+02
   3.3421474e+02   3.4985170e+02
   3.5880006e+02   3.3321613e+02
   3.7912429e+02   3.1153251e+02
   3.9614207e+02   2.8713630e+02
   4.0475106e+02   2.5886294e+02
   4.1030714e+02   2.2945623e+02
   4.1374922e+02   2.0017106e+02
   4.1197792e+02   1.7053186e+02
   2.0164206e+02   1.5027782e+02
   2.0908535e+02   1.3529344e+02
   2.2605378e+02   1.3108438e+02
   2.4350825e+02   1.3017301e+02
   2.6107117e+02   1.3016874e+02
   3.3038416e+02   1.2669002e+02
   3.4568540e+02   1.2573597e+02
   3.6092299e+02   1.2566800e+02
   3.7587726e+02   1.2803003e+02
   3.8633859e+02   1.3828429e+02
   2.9311255e+02   1.6173512e+02
   2.9308817e+02   1.8036562e+02
   2.9413997e+02   1.9886404e+02
   2.9445718e+02   2.1740997e+02
   2.6530501e+02   2.3222344e+02
   2.7935242e+02   2.3450821e+02
   2.9357933e+02   2.3464311e+02
   3.0886702e+02   2.3462989e+02
   3.2375923e+02   2.3255708e+02
   2.2639313e+02   1.6926967e+02
   2.3860177e+02   1.5703961e+02
   2.5603081e+02   1.5699830e+02
   2.6925382e+02   1.6792942e+02
   2.5562625e+02   1.7386838e+02
   2.4069602e+02   1.7368583e+02
   3.2051806e+02   1.6789946e+02
   3.3355712e+02   1.5465752e+02
   3.5205988e+02   1.5344249e+02
   3.6558018e+02   1.6568717e+02
   3.5125620e+02   1.7161126e+02
   3.3561700e+02   1.7153224e+02
   2.5277123e+02   2.7742158e+02
   2.6501579e+02   2.6838398e+02
   2.7852684e+02   2.6139768e+02
   2.9324070e+02   2.6263747e+02
   3.0989776e+02   2.5984392e+02
   3.2614337e+02   2.6515372e+02
   3.4072523e+02   2.7376303e+02
   3.3027089e+02   2.8869559e+02
   3.1457930e+02   2.9786481e+02
   2.9652811e+02   2.9967618e+02
   2.7938546e+02   2.9872428e+02
   2.6457739e+02   2.8996258e+02
   2.6522530e+02   2.7588686e+02
   2.7948373e+02   2.7529083e+02
   2.9352000e+02   2.7589416e+02
   3.0740042e+02   2.7501475e+02
   3.2119839e+02   2.7451062e+02
   3.0751876e+02   2.7584007e+02
   2.9387383e+02   2.7669231e+02
   2.7948651e+02   2.7611297e+02
