   1.8874841e+02   1.7226694e+02
   1.9257426e+02   2.0265227e+02
   1.9422988e+02   2.3321853e+02
   1.9529902e+02   2.6386563e+02
   2.0597101e+02   2.9261845e+02
   2.2560352e+02   3.1574570e+02
   2.5110413e+02   3.3277142e+02
   2.7773175e+02   3.4756222e+02
   3.0760620e+02   3.5135135e+02
   3.3785890e+02   3.4626723e+02
   3.6526964e+02   3.3277881e+02
   3.9033146e+02   3.1492448e+02
   4.0982862e+02   2.9169770e+02
   4.2059732e+02   2.6325648e+02
   4.2016815e+02   2.3243403e+02
   4.2200173e+02   2.0193669e+02
   4.2294209e+02   1.7139844e+02
   2.1121055e+02   1.5443644e+02
   2.2543391e+02   1.4669066e+02
   2.4113056e+02   1.4275565e+02
   2.5716428e+02   1.4067411e+02
   2.7325010e+02   1.3956100e+02
   3.2257673e+02   1.4014220e+02
   3.3914629e+02   1.3726050e+02
   3.5583319e+02   1.3891447e+02
   3.7229166e+02   1.4120323e+02
   3.8856893e+02   1.4516634e+02
   2.9604767e+02   1.6364446e+02
   2.9598805e+02   1.8324201e+02
   2.9662163e+02   2.0286813e+02
   2.9679886e+02   2.2230425e+02
   2.7359758e+02   2.3961992e+02
   2.8879684e+02   2.4107729e+02
   3.0398619e+02   2.4242909e+02
   3.1637002e+02   2.4016294e+02
   3.2846349e+02   2.3717039e+02
   2.3042785e+02   1.7817132e+02
   2.4222341e+02   1.6693568e+02
   2.5853750e+02   1.6669482e+02
   2.7086658e+02   1.7699145e+02
   2.5762721e+02   1.8044959e+02
   2.4397040e+02   1.7991637e+02
   3.2774634e+02   1.7353549e+02
   3.3911642e+02   1.6086158e+02
   3.5642770e+02   1.6102107e+02
   3.7051969e+02   1.7100335e+02
   3.5669091e+02   1.7699709e+02
   3.4170571e+02   1.7852874e+02
   2.5371720e+02   2.7466865e+02
   2.6955410e+02   2.6752721e+02
   2.8657255e+02   2.6489528e+02
   3.0381487e+02   2.6609317e+02
   3.2254787e+02   2.6442249e+02
   3.4139277e+02   2.6590413e+02
   3.5842760e+02   2.7311449e+02
   3.4404327e+02   2.8619860e+02
   3.2583779e+02   2.9271600e+02
   3.0655873e+02   2.9457655e+02
   2.8542209e+02   2.9449341e+02
   2.6480707e+02   2.9132871e+02
   2.6391456e+02   2.7603808e+02
   2.8452142e+02   2.7262943e+02
   3.0515656e+02   2.7247417e+02
   3.2701073e+02   2.7167909e+02
   3.4863182e+02   2.7400185e+02
   3.2730864e+02   2.8140771e+02
   3.0513367e+02   2.8294916e+02
   2.8373144e+02   2.8393552e+02
