   1.8999346e+02   1.7360145e+02
   1.9384585e+02   2.0398054e+02
   1.9552422e+02   2.3424746e+02
   1.9856323e+02   2.6444793e+02
   2.0928342e+02   2.9247719e+02
   2.2892515e+02   3.1578568e+02
   2.5272621e+02   3.3420222e+02
   2.7939807e+02   3.4890444e+02
   3.0899867e+02   3.5256379e+02
   3.3896869e+02   3.4755370e+02
   3.6586034e+02   3.3440210e+02
   3.8817135e+02   3.1413121e+02
   4.0759692e+02   2.9092214e+02
   4.1815168e+02   2.6281608e+02
   4.2147934e+02   2.3266653e+02
   4.2329335e+02   2.0247944e+02
   4.2416438e+02   1.7252564e+02
   2.1176562e+02   1.4841017e+02
   2.2662059e+02   1.4181919e+02
   2.4235001e+02   1.3798842e+02
   2.5854653e+02   1.3925085e+02
   2.7423805e+02   1.4284221e+02
   3.2947055e+02   1.4460909e+02
   3.4578388e+02   1.3736490e+02
   3.6340895e+02   1.3616104e+02
   3.8079930e+02   1.4005542e+02
   3.9770209e+02   1.4532625e+02
   3.0364037e+02   1.5436351e+02
   3.0548296e+02   1.7476751e+02
   3.0668831e+02   1.9491871e+02
   3.0668407e+02   2.1518515e+02
   2.8523430e+02   2.4182867e+02
   2.9531805e+02   2.4310809e+02
   3.0528255e+02   2.4365497e+02
   3.1479327e+02   2.4233350e+02
   3.2422843e+02   2.4218525e+02
   2.3743209e+02   1.7644126e+02
   2.4943230e+02   1.6442217e+02
   2.6654889e+02   1.6445281e+02
   2.7654973e+02   1.7768378e+02
   2.6336016e+02   1.8026850e+02
   2.4998078e+02   1.8072909e+02
   3.3338834e+02   1.7554974e+02
   3.4588817e+02   1.6381360e+02
   3.6292566e+02   1.6263382e+02
   3.7591947e+02   1.7343208e+02
   3.6272761e+02   1.8058777e+02
   3.4771333e+02   1.8013455e+02
   2.6521923e+02   2.7983393e+02
   2.7735609e+02   2.7221167e+02
   2.9087933e+02   2.6803277e+02
   3.0482121e+02   2.6998126e+02
   3.2032878e+02   2.6704811e+02
   3.3567888e+02   2.7133543e+02
   3.4997359e+02   2.7825124e+02
   3.3616983e+02   2.8363267e+02
   3.2208088e+02   2.8780997e+02
   3.0738925e+02   2.8871229e+02
   2.9256519e+02   2.8867869e+02
   2.7780951e+02   2.8679738e+02
   2.8098922e+02   2.7703246e+02
   2.9360047e+02   2.7605052e+02
   3.0611274e+02   2.7648632e+02
   3.1843114e+02   2.7605838e+02
   3.3051276e+02   2.7702280e+02
   3.1825384e+02   2.7694372e+02
   3.0610879e+02   2.7782724e+02
   2.9344423e+02   2.7702920e+02
