   1.9297685e+02   1.7218951e+02
   1.9643125e+02   2.0233051e+02
   1.9773155e+02   2.3251280e+02
   1.9920203e+02   2.6270682e+02
   2.0946345e+02   2.9103130e+02
   2.2865240e+02   3.1423475e+02
   2.5306641e+02   3.3193235e+02
   2.7929251e+02   3.4685290e+02
   3.0873711e+02   3.5089691e+02
   3.3865447e+02   3.4623409e+02
   3.6576149e+02   3.3331570e+02
   3.8972219e+02   3.1498716e+02
   4.0927292e+02   2.9220741e+02
   4.2018226e+02   2.6428589e+02
   4.2156124e+02   2.3399889e+02
   4.2371784e+02   2.0392879e+02
   4.2497151e+02   1.7391408e+02
   2.1650582e+02   1.5391990e+02
   2.3111717e+02   1.4655311e+02
   2.4687374e+02   1.4277603e+02
   2.6307376e+02   1.4172542e+02
   2.7922587e+02   1.4183092e+02
   3.2790799e+02   1.4291134e+02
   3.4465267e+02   1.4037679e+02
   3.6138774e+02   1.4095955e+02
   3.7776967e+02   1.4391848e+02
   3.9399505e+02   1.4829696e+02
   3.0263824e+02   1.6917030e+02
   3.0274403e+02   1.8784631e+02
   3.0298089e+02   2.0666163e+02
   3.0242149e+02   2.2529316e+02
   2.7584353e+02   2.3847403e+02
   2.9105413e+02   2.4132390e+02
   3.0635346e+02   2.4296191e+02
   3.1987631e+02   2.4048529e+02
   3.3264838e+02   2.3561375e+02
   2.3720477e+02   1.7983500e+02
   2.4962532e+02   1.7036743e+02
   2.6527005e+02   1.7016753e+02
   2.7844268e+02   1.7858376e+02
   2.6493219e+02   1.8172562e+02
   2.5105796e+02   1.8111338e+02
   3.3308520e+02   1.7741936e+02
   3.4474182e+02   1.6711949e+02
   3.6057834e+02   1.6733500e+02
   3.7416623e+02   1.7539594e+02
   3.6084323e+02   1.8071369e+02
   3.4655659e+02   1.8152452e+02
   2.5515458e+02   2.7540002e+02
   2.7157423e+02   2.6801761e+02
   2.8885025e+02   2.6425868e+02
   3.0659612e+02   2.6530793e+02
   3.2515537e+02   2.6448795e+02
   3.4359646e+02   2.6654834e+02
   3.5905874e+02   2.7590398e+02
   3.4454723e+02   2.8991803e+02
   3.2539471e+02   2.9544868e+02
   3.0562195e+02   2.9557877e+02
   2.8543516e+02   2.9605481e+02
   2.6602126e+02   2.9172624e+02
   2.6416884e+02   2.7628352e+02
   2.8552360e+02   2.7123908e+02
   3.0729974e+02   2.7186569e+02
   3.2951604e+02   2.7110434e+02
   3.5105334e+02   2.7577780e+02
   3.2958083e+02   2.8399038e+02
   3.0714517e+02   2.8509400e+02
   2.8491368e+02   2.8435447e+02
