   1.9269587e+02   2.2023858e+02
   1.9584077e+02   2.5046698e+02
   2.0143388e+02   2.8010356e+02
   2.0505124e+02   3.1011303e+02
   2.1496799e+02   3.3872518e+02
   2.3215893e+02   3.6355233e+02
   2.5490525e+02   3.8338425e+02
   2.8187591e+02   3.9665099e+02
   3.1161269e+02   4.0018349e+02
   3.4082729e+02   3.9410698e+02
   3.6608101e+02   3.7870714e+02
   3.8438852e+02   3.5539919e+02
   3.9955232e+02   3.2996851e+02
   4.0618795e+02   3.0081928e+02
   4.1090066e+02   2.7135015e+02
   4.1539589e+02   2.4192856e+02
   4.1718941e+02   2.1238059e+02
   2.0897230e+02   2.0268421e+02
   2.1550143e+02   1.8400119e+02
   2.3349567e+02   1.7485442e+02
   2.5353479e+02   1.7138043e+02
   2.7387040e+02   1.7244232e+02
   3.3607384e+02   1.6757338e+02
   3.5324551e+02   1.6623437e+02
   3.7012517e+02   1.6489801e+02
   3.8641050e+02   1.6949558e+02
   3.9633518e+02   1.8274793e+02
   3.0499097e+02   1.9244731e+02
   3.0582811e+02   2.1331570e+02
   3.0664682e+02   2.3413211e+02
   3.0785147e+02   2.5490794e+02
   2.8322734e+02   2.7159103e+02
   2.9594358e+02   2.7575151e+02
   3.0911432e+02   2.7668772e+02
   3.2104752e+02   2.7421859e+02
   3.3203933e+02   2.6917124e+02
   2.3690942e+02   2.0716644e+02
   2.5124340e+02   1.9723824e+02
   2.6863330e+02   1.9783131e+02
   2.8045812e+02   2.0998866e+02
   2.6544208e+02   2.1415226e+02
   2.5003303e+02   2.1479680e+02
   3.3069379e+02   2.0353254e+02
   3.4127504e+02   1.9048355e+02
   3.5810682e+02   1.8816954e+02
   3.7195899e+02   1.9742537e+02
   3.6012630e+02   2.0614492e+02
   3.4528743e+02   2.0663285e+02
   2.6959240e+02   3.1708711e+02
   2.8124070e+02   3.0638850e+02
   2.9421940e+02   2.9745820e+02
   3.0916564e+02   2.9946021e+02
   3.2320818e+02   2.9664207e+02
   3.3614256e+02   3.0325488e+02
   3.4686798e+02   3.1318651e+02
   3.3622601e+02   3.2318952e+02
   3.2548689e+02   3.3308901e+02
   3.1148031e+02   3.3481514e+02
   2.9602059e+02   3.3398978e+02
   2.8310069e+02   3.2501898e+02
   2.8258771e+02   3.1632372e+02
   2.9461812e+02   3.0672739e+02
   3.0962439e+02   3.0594316e+02
   3.2426152e+02   3.0566317e+02
   3.3626483e+02   3.1414905e+02
   3.2388213e+02   3.1893041e+02
   3.1100591e+02   3.2156462e+02
   2.9656591e+02   3.1988581e+02
