   1.7803639e+02   2.0969815e+02
   1.8154438e+02   2.3773447e+02
   1.8652994e+02   2.6536971e+02
   1.9251472e+02   2.9290920e+02
   2.0079580e+02   3.1985842e+02
   2.1572108e+02   3.4372659e+02
   2.3518340e+02   3.6389576e+02
   2.5943029e+02   3.7790489e+02
   2.8664137e+02   3.8394828e+02
   3.1497273e+02   3.7746032e+02
   3.3889606e+02   3.6082208e+02
   3.5987988e+02   3.4031892e+02
   3.7413135e+02   3.1496105e+02
   3.8269933e+02   2.8704008e+02
   3.8707878e+02   2.5807936e+02
   3.8955689e+02   2.2889156e+02
   3.9113524e+02   1.9989891e+02
   1.9107709e+02   1.7296289e+02
   2.0726178e+02   1.7067743e+02
   2.2359945e+02   1.7039853e+02
   2.3981576e+02   1.7180145e+02
   2.5548685e+02   1.7577314e+02
   3.0072066e+02   1.7411894e+02
   3.1701763e+02   1.6803316e+02
   3.3405617e+02   1.6487171e+02
   3.5136499e+02   1.6644589e+02
   3.6854848e+02   1.6700234e+02
   2.7912907e+02   1.9333614e+02
   2.7909549e+02   2.1305477e+02
   2.7918440e+02   2.3279143e+02
   2.7911281e+02   2.5234785e+02
   2.5555165e+02   2.6535254e+02
   2.6661471e+02   2.7230411e+02
   2.7953593e+02   2.7501888e+02
   2.9526510e+02   2.7254145e+02
   3.0892118e+02   2.6488958e+02
   2.0534027e+02   2.0264832e+02
   2.1865449e+02   2.0262285e+02
   2.3170239e+02   2.0111230e+02
   2.4432675e+02   1.9824840e+02
   2.3155828e+02   2.0171217e+02
   2.1843941e+02   2.0314258e+02
   3.1541603e+02   1.9701775e+02
   3.2822515e+02   1.9969570e+02
   3.4123022e+02   2.0045243e+02
   3.5428065e+02   1.9993134e+02
   3.4119419e+02   2.0136064e+02
   3.2805723e+02   2.0039439e+02
   2.5022317e+02   3.0247243e+02
   2.5924344e+02   2.9725084e+02
   2.6943909e+02   2.9516181e+02
   2.7980906e+02   2.9579613e+02
   2.9171516e+02   2.9518205e+02
   3.0338593e+02   2.9695192e+02
   3.1385430e+02   3.0222509e+02
   3.0324758e+02   3.0677660e+02
   2.9182532e+02   3.0867503e+02
   2.8044964e+02   3.0970613e+02
   2.6967280e+02   3.1039602e+02
   2.5916941e+02   3.0821739e+02
   2.5942310e+02   3.0222967e+02
   2.6971613e+02   3.0048853e+02
   2.8004110e+02   3.0100216e+02
   2.9137753e+02   2.9993611e+02
   3.0256434e+02   3.0122729e+02
   2.9124482e+02   3.0077974e+02
   2.8008197e+02   3.0155220e+02
   2.6966451e+02   3.0123589e+02
