   1.7335209e+02   2.0447781e+02
   1.7738363e+02   2.3282756e+02
   1.8205546e+02   2.6079753e+02
   1.8868618e+02   2.8846335e+02
   1.9670061e+02   3.1556018e+02
   2.1007258e+02   3.4036435e+02
   2.2981675e+02   3.6068579e+02
   2.5395665e+02   3.7542804e+02
   2.8144238e+02   3.8148187e+02
   3.1058272e+02   3.7675557e+02
   3.3533719e+02   3.6069662e+02
   3.5667309e+02   3.4002254e+02
   3.7136874e+02   3.1460091e+02
   3.7992930e+02   2.8596679e+02
   3.8567582e+02   2.5685491e+02
   3.8828209e+02   2.2730020e+02
   3.8962088e+02   1.9784372e+02
   1.8364417e+02   1.6280451e+02
   1.9881240e+02   1.5815808e+02
   2.1444306e+02   1.5686993e+02
   2.3041331e+02   1.5669190e+02
   2.4583885e+02   1.5949402e+02
   2.9931390e+02   1.5623123e+02
   3.1630214e+02   1.5238938e+02
   3.3376144e+02   1.5080453e+02
   3.5101345e+02   1.5235201e+02
   3.6775268e+02   1.5651222e+02
   2.7518850e+02   1.9075395e+02
   2.7459423e+02   2.0964340e+02
   2.7397814e+02   2.2837537e+02
   2.7287340e+02   2.4695002e+02
   2.4903163e+02   2.6045525e+02
   2.6035196e+02   2.6752609e+02
   2.7317419e+02   2.7067363e+02
   2.8874014e+02   2.6777366e+02
   3.0210674e+02   2.5976008e+02
   2.0357310e+02   1.9414194e+02
   2.1638862e+02   1.8463278e+02
   2.3216842e+02   1.8330600e+02
   2.4595123e+02   1.9117413e+02
   2.3253711e+02   1.9700718e+02
   2.1777865e+02   1.9779328e+02
   3.0415566e+02   1.9071091e+02
   3.1722247e+02   1.8156908e+02
   3.3302812e+02   1.8081361e+02
   3.4682994e+02   1.8853177e+02
   3.3316530e+02   1.9427174e+02
   3.1827079e+02   1.9494395e+02
   2.3494061e+02   3.0012059e+02
   2.4720075e+02   2.9167753e+02
   2.6142730e+02   2.8775252e+02
   2.7564872e+02   2.9087172e+02
   2.9115765e+02   2.8826133e+02
   3.0657687e+02   2.9128363e+02
   3.2138690e+02   2.9671852e+02
   3.0880717e+02   3.0691177e+02
   2.9319360e+02   3.1153081e+02
   2.7717087e+02   3.1352898e+02
   2.6170645e+02   3.1247867e+02
   2.4669223e+02   3.0951396e+02
   2.4210084e+02   2.9971968e+02
   2.5890329e+02   2.9673298e+02
   2.7579545e+02   2.9632846e+02
   2.9464656e+02   2.9518347e+02
   3.1334447e+02   2.9675533e+02
   2.9451225e+02   2.9612476e+02
   2.7580478e+02   2.9715507e+02
   2.5880218e+02   2.9747513e+02
