   1.7318100e+02   2.0427777e+02
   1.7721296e+02   2.3259580e+02
   1.8196997e+02   2.6057937e+02
   1.8851521e+02   2.8821140e+02
   1.9641753e+02   3.1534851e+02
   2.0996428e+02   3.3998382e+02
   2.2964149e+02   3.6039324e+02
   2.5359182e+02   3.7550697e+02
   2.8098270e+02   3.8153824e+02
   3.1026827e+02   3.7728775e+02
   3.3509391e+02   3.6108555e+02
   3.5653157e+02   3.4038799e+02
   3.7142185e+02   3.1490642e+02
   3.7993493e+02   2.8620129e+02
   3.8588304e+02   2.5697542e+02
   3.8858847e+02   2.2732242e+02
   3.8989727e+02   1.9773966e+02
   1.8317556e+02   1.6188462e+02
   1.9817076e+02   1.5684400e+02
   2.1374610e+02   1.5540725e+02
   2.2966035e+02   1.5510729e+02
   2.4504575e+02   1.5783700e+02
   2.9986986e+02   1.5456029e+02
   3.1684471e+02   1.5088404e+02
   3.3423488e+02   1.4925681e+02
   3.5138567e+02   1.5104062e+02
   3.6798038e+02   1.5582220e+02
   2.7495260e+02   1.9033174e+02
   2.7429421e+02   2.0939542e+02
   2.7359168e+02   2.2830544e+02
   2.7240153e+02   2.4704287e+02
   2.4855749e+02   2.6037810e+02
   2.5993924e+02   2.6744614e+02
   2.7276733e+02   2.7053863e+02
   2.8837553e+02   2.6755109e+02
   3.0172284e+02   2.5935703e+02
   2.0338867e+02   1.9384324e+02
   2.1607938e+02   1.8416999e+02
   2.3197854e+02   1.8320252e+02
   2.4586022e+02   1.9081007e+02
   2.3254185e+02   1.9732209e+02
   2.1766777e+02   1.9795932e+02
   3.0452686e+02   1.9073974e+02
   3.1752387e+02   1.8154712e+02
   3.3327289e+02   1.8064816e+02
   3.4696560e+02   1.8836375e+02
   3.3342491e+02   1.9428125e+02
   3.1856988e+02   1.9501320e+02
   2.3407819e+02   3.0041373e+02
   2.4654180e+02   2.9147561e+02
   2.6109269e+02   2.8720723e+02
   2.7568999e+02   2.9053933e+02
   2.9150650e+02   2.8777935e+02
   3.0723004e+02   2.9105723e+02
   3.2237456e+02   2.9660018e+02
   3.0959228e+02   3.0724111e+02
   2.9364782e+02   3.1220467e+02
   2.7716587e+02   3.1410379e+02
   2.6134545e+02   3.1304807e+02
   2.4598644e+02   3.1012751e+02
   2.4125310e+02   2.9983009e+02
   2.5847342e+02   2.9675578e+02
   2.7576378e+02   2.9618683e+02
   2.9495218e+02   2.9513251e+02
   3.1400950e+02   2.9666137e+02
   2.9484992e+02   2.9616880e+02
   2.7579145e+02   2.9702561e+02
   2.5836147e+02   2.9751103e+02
