   1.7298441e+02   2.0418536e+02
   1.7709433e+02   2.3249128e+02
   1.8186949e+02   2.6049228e+02
   1.8837528e+02   2.8810729e+02
   1.9628137e+02   3.1524734e+02
   2.0999485e+02   3.3976660e+02
   2.2964157e+02   3.6023221e+02
   2.5344946e+02   3.7561306e+02
   2.8081262e+02   3.8156542e+02
   3.1014434e+02   3.7756694e+02
   3.3490899e+02   3.6117585e+02
   3.5638640e+02   3.4045659e+02
   3.7134762e+02   3.1495146e+02
   3.7982327e+02   2.8621063e+02
   3.8581051e+02   2.5691684e+02
   3.8851956e+02   2.2723988e+02
   3.8970726e+02   1.9759166e+02
   1.8266173e+02   1.6151357e+02
   1.9745898e+02   1.5606168e+02
   2.1294385e+02   1.5444840e+02
   2.2878350e+02   1.5402193e+02
   2.4409207e+02   1.5667345e+02
   3.0006913e+02   1.5341860e+02
   3.1705594e+02   1.4991073e+02
   3.3441790e+02   1.4827326e+02
   3.5148591e+02   1.5029796e+02
   3.6796814e+02   1.5556084e+02
   2.7468314e+02   1.9004320e+02
   2.7397988e+02   2.0919349e+02
   2.7321852e+02   2.2820856e+02
   2.7192576e+02   2.4701799e+02
   2.4811753e+02   2.5970207e+02
   2.5951366e+02   2.6707428e+02
   2.7245278e+02   2.7024661e+02
   2.8815928e+02   2.6717649e+02
   3.0141253e+02   2.5857366e+02
   2.0312209e+02   1.9385096e+02
   2.1561130e+02   1.8397968e+02
   2.3153103e+02   1.8322261e+02
   2.4545401e+02   1.9066925e+02
   2.3229226e+02   1.9771321e+02
   2.1738906e+02   1.9829719e+02
   3.0451661e+02   1.9080462e+02
   3.1750662e+02   1.8158421e+02
   3.3327563e+02   1.8057205e+02
   3.4696776e+02   1.8830068e+02
   3.3346598e+02   1.9438125e+02
   3.1856782e+02   1.9513198e+02
   2.3335021e+02   3.0049887e+02
   2.4596557e+02   2.9105813e+02
   2.6081206e+02   2.8649073e+02
   2.7576483e+02   2.8993716e+02
   2.9184434e+02   2.8708978e+02
   3.0783575e+02   2.9059247e+02
   3.2327291e+02   2.9619523e+02
   3.1034397e+02   3.0730365e+02
   2.9409018e+02   3.1254464e+02
   2.7719723e+02   3.1436841e+02
   2.6106985e+02   3.1335770e+02
   2.4542411e+02   3.1045455e+02
   2.4065473e+02   2.9971200e+02
   2.5817563e+02   2.9649324e+02
   2.7577040e+02   2.9582398e+02
   2.9525897e+02   2.9477074e+02
   3.1465177e+02   2.9626001e+02
   2.9516813e+02   2.9585727e+02
   2.7578551e+02   2.9667319e+02
   2.5804801e+02   2.9725107e+02
