   1.7307238e+02   2.0415922e+02
   1.7712859e+02   2.3246810e+02
   1.8190756e+02   2.6046557e+02
   1.8841105e+02   2.8808618e+02
   1.9627954e+02   3.1523883e+02
   2.0992673e+02   3.3979355e+02
   2.2957223e+02   3.6025327e+02
   2.5341752e+02   3.7557187e+02
   2.8077455e+02   3.8157433e+02
   3.1011943e+02   3.7755191e+02
   3.3494763e+02   3.6124710e+02
   3.5643368e+02   3.4053857e+02
   3.7140893e+02   3.1503428e+02
   3.7990300e+02   2.8629588e+02
   3.8592788e+02   2.5701403e+02
   3.8866771e+02   2.2732446e+02
   3.8992964e+02   1.9768162e+02
   1.8287601e+02   1.6146466e+02
   1.9775231e+02   1.5616531e+02
   2.1327937e+02   1.5462503e+02
   2.2915179e+02   1.5424642e+02
   2.4449783e+02   1.5692942e+02
   3.0012650e+02   1.5366790e+02
   3.1710571e+02   1.5010609e+02
   3.3446982e+02   1.4847103e+02
   3.5156372e+02   1.5041096e+02
   3.6807742e+02   1.5554593e+02
   2.7481183e+02   1.9010966e+02
   2.7411423e+02   2.0925063e+02
   2.7336121e+02   2.2824552e+02
   2.7210368e+02   2.4705128e+02
   2.4826749e+02   2.6009261e+02
   2.5967006e+02   2.6727846e+02
   2.7254165e+02   2.7039107e+02
   2.8819952e+02   2.6735240e+02
   3.0150881e+02   2.5895896e+02
   2.0326036e+02   1.9373721e+02
   2.1584507e+02   1.8393077e+02
   2.3178919e+02   1.8313964e+02
   2.4571347e+02   1.9064352e+02
   2.3247490e+02   1.9753382e+02
   2.1755571e+02   1.9810777e+02
   3.0462848e+02   1.9076779e+02
   3.1760856e+02   1.8153134e+02
   3.3335733e+02   1.8055331e+02
   3.4702222e+02   1.8829268e+02
   3.3352459e+02   1.9432318e+02
   3.1865880e+02   1.9507732e+02
   2.3355147e+02   3.0051575e+02
   2.4613452e+02   2.9125608e+02
   2.6089087e+02   2.8678588e+02
   2.7572709e+02   2.9022483e+02
   2.9173119e+02   2.8739314e+02
   3.0764191e+02   2.9082854e+02
   3.2299143e+02   2.9642651e+02
   3.1009387e+02   3.0736817e+02
   2.9393649e+02   3.1252708e+02
   2.7717016e+02   3.1436992e+02
   2.6113195e+02   3.1332245e+02
   2.4556649e+02   3.1041429e+02
   2.4077608e+02   2.9980948e+02
   2.5823238e+02   2.9665967e+02
   2.7575462e+02   2.9601293e+02
   2.9515953e+02   2.9498696e+02
   3.1445186e+02   2.9649517e+02
   2.9506955e+02   2.9606701e+02
   2.7578201e+02   2.9685938e+02
   2.5811142e+02   2.9741928e+02
