   1.7846244e+02   2.0743177e+02
   1.8237644e+02   2.3570540e+02
   1.8690732e+02   2.6354445e+02
   1.9298411e+02   2.9130568e+02
   2.0175835e+02   3.1822270e+02
   2.1676232e+02   3.4239717e+02
   2.3636036e+02   3.6267631e+02
   2.6066529e+02   3.7673968e+02
   2.8828016e+02   3.8254072e+02
   3.1632493e+02   3.7545006e+02
   3.3968611e+02   3.5838603e+02
   3.6061608e+02   3.3787724e+02
   3.7453825e+02   3.1264292e+02
   3.8329113e+02   2.8474776e+02
   3.8710494e+02   2.5583817e+02
   3.8926312e+02   2.2687838e+02
   3.9034503e+02   1.9797290e+02
   1.9114745e+02   1.7227850e+02
   2.0698043e+02   1.6928428e+02
   2.2305856e+02   1.6864362e+02
   2.3913905e+02   1.6986722e+02
   2.5455796e+02   1.7374805e+02
   3.0097680e+02   1.7255626e+02
   3.1753008e+02   1.6687459e+02
   3.3483300e+02   1.6399915e+02
   3.5218426e+02   1.6603850e+02
   3.6938751e+02   1.6678480e+02
   2.7993591e+02   1.9146892e+02
   2.7981994e+02   2.1090692e+02
   2.7984709e+02   2.3045796e+02
   2.7940454e+02   2.4968703e+02
   2.5588436e+02   2.5920337e+02
   2.6676096e+02   2.6828393e+02
   2.8043021e+02   2.7190191e+02
   2.9667159e+02   2.6937936e+02
   3.0988244e+02   2.5997410e+02
   2.0567619e+02   2.0157288e+02
   2.1842752e+02   2.0079461e+02
   2.3115182e+02   1.9891289e+02
   2.4355345e+02   1.9680196e+02
   2.3120246e+02   2.0030320e+02
   2.1837442e+02   2.0204874e+02
   3.1468894e+02   1.9516210e+02
   3.2797834e+02   1.9755070e+02
   3.4158364e+02   1.9833576e+02
   3.5520742e+02   1.9829052e+02
   3.4160899e+02   1.9998136e+02
   3.2784485e+02   1.9880800e+02
   2.5011436e+02   2.9959852e+02
   2.5930227e+02   2.9354397e+02
   2.7000219e+02   2.9126398e+02
   2.8094028e+02   2.9173745e+02
   2.9320812e+02   2.9133738e+02
   3.0524802e+02   2.9342350e+02
   3.1610170e+02   2.9865712e+02
   3.0537813e+02   3.0414602e+02
   2.9337468e+02   3.0611117e+02
   2.8141599e+02   3.0709451e+02
   2.7024106e+02   3.0794848e+02
   2.5942537e+02   3.0551952e+02
   2.6006308e+02   2.9896965e+02
   2.7049001e+02   2.9678809e+02
   2.8107007e+02   2.9757460e+02
   2.9298279e+02   2.9616681e+02
   3.0485348e+02   2.9756232e+02
   2.9275181e+02   2.9685849e+02
   2.8092587e+02   2.9814499e+02
   2.7038433e+02   2.9748711e+02
