   1.6301720e+02   2.3612912e+02
   1.6656651e+02   2.5935947e+02
   1.7079200e+02   2.8244476e+02
   1.7793317e+02   3.0487606e+02
   1.9102089e+02   3.2400932e+02
   2.0705275e+02   3.4118047e+02
   2.2724148e+02   3.5278923e+02
   2.4942644e+02   3.6040106e+02
   2.7238630e+02   3.5956392e+02
   2.9780703e+02   3.5554911e+02
   3.2005883e+02   3.4293893e+02
   3.3863434e+02   3.2506859e+02
   3.5417144e+02   3.0467565e+02
   3.6266303e+02   2.8058200e+02
   3.6496899e+02   2.5483859e+02
   3.6591195e+02   2.2912951e+02
   3.6483804e+02   2.0355265e+02
   1.7328117e+02   1.9544730e+02
   1.8110312e+02   1.8029632e+02
   1.9652316e+02   1.7229002e+02
   2.1392706e+02   1.7139446e+02
   2.3098298e+02   1.7474491e+02
   2.7327568e+02   1.7117852e+02
   2.8894872e+02   1.6499764e+02
   3.0518332e+02   1.6083383e+02
   3.2168767e+02   1.6326818e+02
   3.3555280e+02   1.7251079e+02
   2.5490030e+02   1.9289711e+02
   2.5639401e+02   2.0969317e+02
   2.5698526e+02   2.2639631e+02
   2.5787014e+02   2.4308129e+02
   2.3568954e+02   2.5789434e+02
   2.4771868e+02   2.6236256e+02
   2.6041016e+02   2.6320024e+02
   2.7457437e+02   2.6001049e+02
   2.8660215e+02   2.5233988e+02
   1.9750065e+02   2.0415344e+02
   2.0682206e+02   1.9386986e+02
   2.2104445e+02   1.9367277e+02
   2.3226111e+02   2.0196085e+02
   2.2068923e+02   2.0438264e+02
   2.0898590e+02   2.0586494e+02
   2.8159789e+02   1.9702193e+02
   2.9239370e+02   1.8803864e+02
   3.0618262e+02   1.8671450e+02
   3.1799059e+02   1.9401390e+02
   3.0619449e+02   1.9747379e+02
   2.9388903e+02   1.9844148e+02
   2.1824380e+02   2.8791361e+02
   2.3301696e+02   2.8271039e+02
   2.4728927e+02   2.7621762e+02
   2.6271265e+02   2.7663263e+02
   2.7916663e+02   2.7431160e+02
   2.9506668e+02   2.7738375e+02
   3.1135823e+02   2.8028712e+02
   2.9755087e+02   2.9168368e+02
   2.8249132e+02   3.0158641e+02
   2.6538559e+02   3.0585887e+02
   2.4822328e+02   3.0425019e+02
   2.3196092e+02   2.9803660e+02
   2.3545986e+02   2.8912395e+02
   2.4915824e+02   2.8605360e+02
   2.6317328e+02   2.8687695e+02
   2.7972913e+02   2.8445344e+02
   2.9643339e+02   2.8430427e+02
   2.7995946e+02   2.8646069e+02
   2.6375033e+02   2.8925257e+02
   2.4944949e+02   2.8828059e+02
