   2.3848200e+02   2.2360261e+02
   2.3880500e+02   2.5073964e+02
   2.4288018e+02   2.7729466e+02
   2.4856335e+02   3.0388999e+02
   2.5656112e+02   3.2956470e+02
   2.6738460e+02   3.5441745e+02
   2.8370193e+02   3.7561463e+02
   3.0671708e+02   3.8939297e+02
   3.3307512e+02   3.9468401e+02
   3.5936142e+02   3.8891389e+02
   3.8307064e+02   3.7740440e+02
   4.0105437e+02   3.5764589e+02
   4.1303401e+02   3.3379490e+02
   4.2052908e+02   3.0817480e+02
   4.2582120e+02   2.8212374e+02
   4.3008760e+02   2.5582127e+02
   4.3188646e+02   2.2928161e+02
   2.5597712e+02   2.0724571e+02
   2.7273525e+02   2.0340537e+02
   2.8977479e+02   2.0346012e+02
   3.0662982e+02   2.0683250e+02
   3.2355875e+02   2.0711194e+02
   3.5284271e+02   2.0928311e+02
   3.6889033e+02   2.0898648e+02
   3.8462026e+02   2.0632002e+02
   4.0040318e+02   2.0551719e+02
   4.1491708e+02   2.1151061e+02
   3.3478275e+02   2.2491105e+02
   3.3494476e+02   2.4125669e+02
   3.3534373e+02   2.5739386e+02
   3.3553658e+02   2.7355356e+02
   3.0922092e+02   2.9104084e+02
   3.2190655e+02   2.9328739e+02
   3.3456224e+02   2.9401653e+02
   3.4526367e+02   2.9337136e+02
   3.5577588e+02   2.9258439e+02
   2.7588073e+02   2.3070608e+02
   2.8820774e+02   2.2567119e+02
   3.0143687e+02   2.2592351e+02
   3.1260290e+02   2.3274178e+02
   3.0034686e+02   2.3668080e+02
   2.8753303e+02   2.3598335e+02
   3.5985542e+02   2.3473655e+02
   3.7119625e+02   2.2704227e+02
   3.8492738e+02   2.2733727e+02
   3.9729906e+02   2.3333345e+02
   3.8556191e+02   2.3887554e+02
   3.7252527e+02   2.3815174e+02
   2.9589079e+02   3.2322830e+02
   3.0819298e+02   3.1692101e+02
   3.2052364e+02   3.1100106e+02
   3.3338718e+02   3.1383750e+02
   3.4623442e+02   3.1012439e+02
   3.5835447e+02   3.1665480e+02
   3.6864799e+02   3.2590621e+02
   3.5918604e+02   3.3561913e+02
   3.4684586e+02   3.4126607e+02
   3.3343726e+02   3.4267541e+02
   3.1828251e+02   3.4149048e+02
   3.0457640e+02   3.3534055e+02
   3.0046916e+02   3.2418729e+02
   3.1709222e+02   3.2273404e+02
   3.3354614e+02   3.2346141e+02
   3.4725346e+02   3.2341944e+02
   3.6064693e+02   3.2535335e+02
   3.4712817e+02   3.2383164e+02
   3.3371866e+02   3.2367708e+02
   3.1697781e+02   3.2322149e+02
