   2.3805356e+02   2.2506937e+02
   2.3905694e+02   2.5215257e+02
   2.4217812e+02   2.7900152e+02
   2.4780302e+02   3.0544992e+02
   2.5651992e+02   3.3102802e+02
   2.6815960e+02   3.5556167e+02
   2.8496596e+02   3.7650893e+02
   3.0826898e+02   3.8986194e+02
   3.3483775e+02   3.9304351e+02
   3.6089531e+02   3.8848188e+02
   3.8415684e+02   3.7659481e+02
   4.0331293e+02   3.5842996e+02
   4.1372131e+02   3.3451594e+02
   4.2119194e+02   3.0906223e+02
   4.2580870e+02   2.8319281e+02
   4.3002027e+02   2.5707441e+02
   4.3295397e+02   2.3104620e+02
   2.5635025e+02   2.1042753e+02
   2.7296460e+02   2.0583656e+02
   2.8994945e+02   2.0620408e+02
   3.0673850e+02   2.1015324e+02
   3.2352575e+02   2.0910310e+02
   3.5512340e+02   2.1077140e+02
   3.7054683e+02   2.1000174e+02
   3.8560855e+02   2.0622467e+02
   4.0091342e+02   2.0555489e+02
   4.1503315e+02   2.1140821e+02
   3.3483740e+02   2.2502812e+02
   3.3500155e+02   2.4148210e+02
   3.3528451e+02   2.5792699e+02
   3.3509093e+02   2.7423285e+02
   3.0993974e+02   2.9152043e+02
   3.2223875e+02   2.9324848e+02
   3.3463545e+02   2.9395462e+02
   3.4583445e+02   2.9328858e+02
   3.5689542e+02   2.9211267e+02
   2.7692133e+02   2.3197808e+02
   2.8871637e+02   2.2558540e+02
   3.0222807e+02   2.2616547e+02
   3.1307351e+02   2.3374536e+02
   3.0085127e+02   2.3486407e+02
   2.8866739e+02   2.3491180e+02
   3.5985197e+02   2.3395253e+02
   3.7142621e+02   2.2699816e+02
   3.8501660e+02   2.2730302e+02
   3.9659934e+02   2.3413893e+02
   3.8438272e+02   2.3655150e+02
   3.7204389e+02   2.3610964e+02
   2.9590401e+02   3.2315108e+02
   3.0796003e+02   3.1554282e+02
   3.2091021e+02   3.1000587e+02
   3.3430337e+02   3.1274536e+02
   3.4771725e+02   3.1024717e+02
   3.6046243e+02   3.1592790e+02
   3.7184283e+02   3.2375250e+02
   3.6121196e+02   3.3263125e+02
   3.4852834e+02   3.3799619e+02
   3.3489121e+02   3.3889605e+02
   3.2041344e+02   3.3807652e+02
   3.0705700e+02   3.3243756e+02
   3.0226800e+02   3.2179358e+02
   3.1836175e+02   3.2114350e+02
   3.3430583e+02   3.2315562e+02
   3.4908111e+02   3.2178602e+02
   3.6377858e+02   3.2296206e+02
   3.4894555e+02   3.2197468e+02
   3.3430739e+02   3.2354825e+02
   3.1826865e+02   3.2157039e+02
