   1.7839520e+02   2.2297327e+02
   1.8091886e+02   2.5252185e+02
   1.8422942e+02   2.8147616e+02
   1.8766138e+02   3.1084980e+02
   1.9313489e+02   3.3968434e+02
   2.0655013e+02   3.6568277e+02
   2.2542509e+02   3.8828117e+02
   2.5036409e+02   4.0304875e+02
   2.7924486e+02   4.0721404e+02
   3.0982110e+02   4.0749457e+02
   3.3858490e+02   3.9698955e+02
   3.6331338e+02   3.7891337e+02
   3.8260728e+02   3.5487695e+02
   3.9355803e+02   3.2618688e+02
   4.0097122e+02   2.9625891e+02
   4.0633297e+02   2.6612124e+02
   4.0988594e+02   2.3575164e+02
   1.9087257e+02   2.0255151e+02
   2.0347614e+02   1.8547279e+02
   2.2386013e+02   1.7959016e+02
   2.4393440e+02   1.8708831e+02
   2.6386456e+02   1.9498410e+02
   3.1043390e+02   1.9772077e+02
   3.3140949e+02   1.9164066e+02
   3.5254634e+02   1.8752877e+02
   3.7343020e+02   1.9241625e+02
   3.8766540e+02   2.0804576e+02
   2.8781704e+02   2.1669921e+02
   2.8504008e+02   2.3745910e+02
   2.8263224e+02   2.5793178e+02
   2.8100323e+02   2.7863934e+02
   2.5628884e+02   2.9052740e+02
   2.6855418e+02   2.9497208e+02
   2.8144612e+02   2.9672529e+02
   2.9467130e+02   2.9620624e+02
   3.0723835e+02   2.9278573e+02
   2.1464519e+02   2.1661894e+02
   2.2991537e+02   2.0766602e+02
   2.4750178e+02   2.1113091e+02
   2.5882704e+02   2.2466452e+02
   2.4322156e+02   2.2477324e+02
   2.2782016e+02   2.2410570e+02
   3.1698692e+02   2.2685604e+02
   3.2986539e+02   2.1581817e+02
   3.4668910e+02   2.1379489e+02
   3.6015646e+02   2.2351835e+02
   3.4690636e+02   2.3013579e+02
   3.3186334e+02   2.2921842e+02
   2.3605204e+02   3.1875565e+02
   2.5238612e+02   3.1822138e+02
   2.6831227e+02   3.1540602e+02
   2.8330153e+02   3.2018287e+02
   2.9826791e+02   3.1589583e+02
   3.1362943e+02   3.1971625e+02
   3.2916214e+02   3.2277731e+02
   3.1635548e+02   3.3377580e+02
   3.0110825e+02   3.4040362e+02
   2.8452755e+02   3.4009031e+02
   2.6667005e+02   3.3825394e+02
   2.5118688e+02   3.2858160e+02
   2.5373069e+02   3.2342607e+02
   2.6897448e+02   3.2511177e+02
   2.8381653e+02   3.2893776e+02
   2.9990519e+02   3.2581052e+02
   3.1601914e+02   3.2488911e+02
   2.9966096e+02   3.2630157e+02
   2.8365135e+02   3.2935857e+02
   2.6879255e+02   3.2554225e+02
