   1.8181128e+02   2.1235152e+02
   1.8155871e+02   2.4523396e+02
   1.8530264e+02   2.7774350e+02
   1.9153473e+02   3.0999725e+02
   2.0300917e+02   3.4037503e+02
   2.2280457e+02   3.6643532e+02
   2.4644745e+02   3.8911887e+02
   2.7565164e+02   4.0359067e+02
   3.0787003e+02   4.0738713e+02
   3.3950502e+02   4.0331373e+02
   3.6663449e+02   3.8687723e+02
   3.8857914e+02   3.6338528e+02
   4.0608574e+02   3.3671127e+02
   4.1633060e+02   3.0630347e+02
   4.2153829e+02   2.7487792e+02
   4.2674548e+02   2.4317368e+02
   4.2645845e+02   2.1136928e+02
   1.9845108e+02   1.9640022e+02
   2.1140779e+02   1.8071294e+02
   2.2906671e+02   1.7105531e+02
   2.4920951e+02   1.7069084e+02
   2.6917899e+02   1.7307157e+02
   3.4504781e+02   1.6870928e+02
   3.6119390e+02   1.6695615e+02
   3.7738908e+02   1.6733788e+02
   3.9262335e+02   1.7271269e+02
   4.0629939e+02   1.8134166e+02
   3.1067843e+02   2.1297367e+02
   3.1190014e+02   2.3213381e+02
   3.1187177e+02   2.5130344e+02
   3.1227082e+02   2.7027079e+02
   2.7631604e+02   2.9122137e+02
   2.9409687e+02   2.8960925e+02
   3.1168244e+02   2.9148735e+02
   3.2794927e+02   2.8995170e+02
   3.4424188e+02   2.8999762e+02
   2.3243747e+02   2.1140912e+02
   2.4826196e+02   2.0283071e+02
   2.6600332e+02   2.0586044e+02
   2.7748673e+02   2.1930297e+02
   2.6183276e+02   2.1889488e+02
   2.4643716e+02   2.1765415e+02
   3.3899035e+02   2.2070021e+02
   3.5027354e+02   2.0723046e+02
   3.6767983e+02   2.0475839e+02
   3.8299183e+02   2.1335398e+02
   3.6992389e+02   2.2104382e+02
   3.5439409e+02   2.2083765e+02
   2.6250628e+02   3.3038236e+02
   2.7840774e+02   3.1781959e+02
   2.9388837e+02   3.0514010e+02
   3.1315683e+02   3.0641045e+02
   3.3118182e+02   3.0374399e+02
   3.4552530e+02   3.1621212e+02
   3.5940296e+02   3.2889114e+02
   3.4803842e+02   3.4337547e+02
   3.3037607e+02   3.4895396e+02
   3.1171926e+02   3.4875540e+02
   2.9299833e+02   3.4831539e+02
   2.7515168e+02   3.4327943e+02
   2.7006101e+02   3.2956063e+02
   2.9123565e+02   3.2633234e+02
   3.1220925e+02   3.2559188e+02
   3.3306339e+02   3.2712510e+02
   3.5366708e+02   3.2985319e+02
   3.3279263e+02   3.2822070e+02
   3.1218321e+02   3.2930958e+02
   2.9107760e+02   3.2734992e+02
