   2.1804865e+02   1.8651472e+02
   2.1945709e+02   2.1735207e+02
   2.2425586e+02   2.4757659e+02
   2.3194190e+02   2.7740341e+02
   2.4125653e+02   3.0636703e+02
   2.5677849e+02   3.3274762e+02
   2.8017543e+02   3.5262836e+02
   3.0743469e+02   3.6615043e+02
   3.3752895e+02   3.6953166e+02
   3.6904519e+02   3.6638349e+02
   3.9836301e+02   3.5474412e+02
   4.2228700e+02   3.3428757e+02
   4.4085693e+02   3.0870700e+02
   4.5268311e+02   2.7942959e+02
   4.5898051e+02   2.4855712e+02
   4.6415773e+02   2.1721027e+02
   4.6796052e+02   1.8589934e+02
   2.3959885e+02   1.6080826e+02
   2.5175423e+02   1.5060643e+02
   2.6700618e+02   1.4585498e+02
   2.8278707e+02   1.4349240e+02
   2.9863709e+02   1.4438878e+02
   3.6384855e+02   1.4104401e+02
   3.8105407e+02   1.3931707e+02
   3.9832263e+02   1.4053266e+02
   4.1527863e+02   1.4414759e+02
   4.2973531e+02   1.5314280e+02
   3.3479024e+02   1.7354859e+02
   3.3250822e+02   1.9460996e+02
   3.2983171e+02   2.1531034e+02
   3.2682253e+02   2.3606255e+02
   3.0741953e+02   2.5207158e+02
   3.1800130e+02   2.5706854e+02
   3.2899705e+02   2.6079211e+02
   3.4222968e+02   2.5810696e+02
   3.5470309e+02   2.5318748e+02
   2.6035990e+02   1.8130951e+02
   2.7589518e+02   1.6862970e+02
   2.9599166e+02   1.6862912e+02
   3.1112528e+02   1.8149993e+02
   2.9401233e+02   1.8107275e+02
   2.7695070e+02   1.8148373e+02
   3.6350254e+02   1.8022740e+02
   3.7788188e+02   1.6704037e+02
   3.9724043e+02   1.6566403e+02
   4.1184533e+02   1.7797644e+02
   3.9590975e+02   1.7878785e+02
   3.7962187e+02   1.7966999e+02
   2.9192727e+02   2.9453810e+02
   3.0482286e+02   2.8937545e+02
   3.1847835e+02   2.8681179e+02
   3.3191929e+02   2.8943373e+02
   3.4774902e+02   2.8760842e+02
   3.6363304e+02   2.8979928e+02
   3.7801710e+02   2.9638773e+02
   3.6314974e+02   3.0054508e+02
   3.4859295e+02   3.0498756e+02
   3.3345721e+02   3.0716697e+02
   3.1939902e+02   3.0371522e+02
   3.0561406e+02   2.9915537e+02
   3.1056476e+02   2.9460930e+02
   3.2193717e+02   2.9515342e+02
   3.3278912e+02   2.9751678e+02
   3.4627123e+02   2.9497843e+02
   3.5983359e+02   2.9649383e+02
   3.4597839e+02   2.9610249e+02
   3.3255497e+02   2.9822017e+02
   3.2168973e+02   2.9572430e+02
