   2.1794206e+02   1.8773377e+02
   2.1939768e+02   2.1854649e+02
   2.2423877e+02   2.4874037e+02
   2.3196769e+02   2.7853283e+02
   2.4131031e+02   3.0747627e+02
   2.5635741e+02   3.3410379e+02
   2.7932832e+02   3.5445558e+02
   3.0703033e+02   3.6693704e+02
   3.3720269e+02   3.6990443e+02
   3.6867604e+02   3.6597784e+02
   3.9859152e+02   3.5545332e+02
   4.2242877e+02   3.3491335e+02
   4.4162383e+02   3.0979780e+02
   4.5351357e+02   2.8048011e+02
   4.5906992e+02   2.4949855e+02
   4.6391989e+02   2.1802512e+02
   4.6767094e+02   1.8673096e+02
   2.3988788e+02   1.6376322e+02
   2.5193964e+02   1.5400219e+02
   2.6669618e+02   1.4884077e+02
   2.8207228e+02   1.4675706e+02
   2.9760744e+02   1.4689710e+02
   3.6369345e+02   1.4434652e+02
   3.8061146e+02   1.4243865e+02
   3.9761396e+02   1.4298887e+02
   4.1426256e+02   1.4674510e+02
   4.2862259e+02   1.5538695e+02
   3.3406929e+02   1.7651639e+02
   3.3158346e+02   1.9823365e+02
   3.2816452e+02   2.1947029e+02
   3.2497326e+02   2.4087319e+02
   3.0629624e+02   2.5374253e+02
   3.1675320e+02   2.5935417e+02
   3.2773123e+02   2.6373943e+02
   3.4129016e+02   2.6105921e+02
   3.5394430e+02   2.5557911e+02
   2.5835013e+02   1.8663848e+02
   2.7372207e+02   1.7221066e+02
   2.9478065e+02   1.7132358e+02
   3.1063596e+02   1.8471783e+02
   2.9304836e+02   1.8296943e+02
   2.7552658e+02   1.8377857e+02
   3.6118185e+02   1.8332458e+02
   3.7634997e+02   1.6961250e+02
   3.9670428e+02   1.6858957e+02
   4.1182224e+02   1.8178434e+02
   3.9497402e+02   1.8026837e+02
   3.7792942e+02   1.8133413e+02
   2.9230897e+02   2.9656097e+02
   3.0497651e+02   2.9250749e+02
   3.1800460e+02   2.8974490e+02
   3.3062935e+02   2.9289107e+02
   3.4682240e+02   2.9136930e+02
   3.6312759e+02   2.9293230e+02
   3.7804597e+02   2.9894527e+02
   3.6296905e+02   3.0279582e+02
   3.4816602e+02   3.0712097e+02
   3.3290527e+02   3.0960875e+02
   3.1922060e+02   3.0562400e+02
   3.0573931e+02   3.0089461e+02
   3.1082992e+02   2.9698644e+02
   3.2199920e+02   2.9756838e+02
   3.3236362e+02   3.0112054e+02
   3.4586800e+02   2.9739581e+02
   3.5962929e+02   2.9854833e+02
   3.4548484e+02   2.9852638e+02
   3.3192521e+02   3.0164480e+02
   3.2162173e+02   2.9822232e+02
