   1.8075585e+02   2.1123518e+02
   1.7788284e+02   2.4501546e+02
   1.8214965e+02   2.7857578e+02
   1.9021785e+02   3.1167050e+02
   2.0078335e+02   3.4366660e+02
   2.1922382e+02   3.7185640e+02
   2.4537134e+02   3.9351177e+02
   2.7567911e+02   4.0829294e+02
   3.0884787e+02   4.1272463e+02
   3.4021628e+02   4.0539826e+02
   3.6722587e+02   3.8819745e+02
   3.8789114e+02   3.6360616e+02
   4.0271044e+02   3.3509406e+02
   4.1330211e+02   3.0449184e+02
   4.2114487e+02   2.7332653e+02
   4.2286126e+02   2.4115171e+02
   4.2428864e+02   2.0920438e+02
   1.9626125e+02   1.9455426e+02
   2.0932405e+02   1.8051908e+02
   2.2604912e+02   1.7132739e+02
   2.4511415e+02   1.7088051e+02
   2.6411641e+02   1.7203672e+02
   3.4167339e+02   1.6812955e+02
   3.5846903e+02   1.6672555e+02
   3.7516179e+02   1.6720060e+02
   3.9084590e+02   1.7317817e+02
   4.0411365e+02   1.8322990e+02
   3.0795156e+02   2.1079942e+02
   3.0791751e+02   2.3044979e+02
   3.0799963e+02   2.5022498e+02
   3.0836158e+02   2.6974369e+02
   2.7308067e+02   2.9147337e+02
   2.9056922e+02   2.8953999e+02
   3.0798154e+02   2.9029683e+02
   3.2384919e+02   2.8950516e+02
   3.3968020e+02   2.9026426e+02
   2.2767915e+02   2.1238086e+02
   2.4380510e+02   2.0316320e+02
   2.6203891e+02   2.0587878e+02
   2.7460464e+02   2.1934342e+02
   2.5844004e+02   2.1975831e+02
   2.4256231e+02   2.1811807e+02
   3.3536488e+02   2.2013611e+02
   3.4616323e+02   2.0643630e+02
   3.6354707e+02   2.0399309e+02
   3.7853047e+02   2.1271176e+02
   3.6591989e+02   2.2073274e+02
   3.5056983e+02   2.2036189e+02
   2.5836984e+02   3.3458078e+02
   2.7393400e+02   3.2131916e+02
   2.8930008e+02   3.0781410e+02
   3.0872956e+02   3.0884405e+02
   3.2632353e+02   3.0639929e+02
   3.4010025e+02   3.1843237e+02
   3.5139902e+02   3.3307313e+02
   3.4244680e+02   3.4886385e+02
   3.2554370e+02   3.5609864e+02
   3.0705579e+02   3.5677893e+02
   2.8741755e+02   3.5656289e+02
   2.6920397e+02   3.5008859e+02
   2.6715564e+02   3.3405126e+02
   2.8738718e+02   3.2931355e+02
   3.0707994e+02   3.2387196e+02
   3.2658872e+02   3.2841784e+02
   3.4589865e+02   3.3355419e+02
   3.2676794e+02   3.3450077e+02
   3.0766586e+02   3.3600901e+02
   2.8729466e+02   3.3520111e+02
