   1.8020585e+02   2.2162226e+02
   1.8222435e+02   2.5276912e+02
   1.8727325e+02   2.8329802e+02
   1.9395057e+02   3.1337277e+02
   2.0593591e+02   3.4198882e+02
   2.2086089e+02   3.6890110e+02
   2.4179586e+02   3.9174180e+02
   2.6803184e+02   4.0814704e+02
   2.9807347e+02   4.1246857e+02
   3.2864614e+02   4.0504460e+02
   3.5408705e+02   3.8651574e+02
   3.7017310e+02   3.5960039e+02
   3.8446497e+02   3.3124748e+02
   3.9319202e+02   3.0115307e+02
   3.9680074e+02   2.6977548e+02
   3.9816948e+02   2.3798518e+02
   3.9742381e+02   2.0672216e+02
   1.9715815e+02   1.8858683e+02
   2.0932186e+02   1.7859983e+02
   2.2460395e+02   1.7458971e+02
   2.4026961e+02   1.7471584e+02
   2.5385225e+02   1.8202805e+02
   3.1931755e+02   1.7414541e+02
   3.3315549e+02   1.6861860e+02
   3.4777788e+02   1.6751594e+02
   3.6142251e+02   1.7316946e+02
   3.7302499e+02   1.8220849e+02
   2.8936213e+02   2.0052972e+02
   2.8951044e+02   2.2021347e+02
   2.9042344e+02   2.3985757e+02
   2.9042247e+02   2.5939068e+02
   2.7196891e+02   2.8330579e+02
   2.8105620e+02   2.8416927e+02
   2.9008533e+02   2.8489690e+02
   2.9972109e+02   2.8380496e+02
   3.0915444e+02   2.8217483e+02
   2.1969587e+02   2.1306665e+02
   2.2986303e+02   2.0387070e+02
   2.4348953e+02   2.0271214e+02
   2.5424970e+02   2.1087633e+02
   2.4308505e+02   2.1572033e+02
   2.3099227e+02   2.1667831e+02
   3.2167940e+02   2.0677804e+02
   3.3290558e+02   1.9937437e+02
   3.4616083e+02   1.9894715e+02
   3.5649077e+02   2.0711680e+02
   3.4515597e+02   2.1098008e+02
   3.3310913e+02   2.1051312e+02
   2.5043130e+02   3.2328188e+02
   2.6305451e+02   3.1544501e+02
   2.7509308e+02   3.0664629e+02
   2.8915560e+02   3.0803920e+02
   3.0442961e+02   3.0728506e+02
   3.1836099e+02   3.1398301e+02
   3.3197872e+02   3.2125104e+02
   3.2007736e+02   3.3092195e+02
   3.0649737e+02   3.3770523e+02
   2.9147764e+02   3.4006413e+02
   2.7618018e+02   3.3890379e+02
   2.6176951e+02   3.3337749e+02
   2.5776465e+02   3.2328390e+02
   2.7383112e+02   3.2213929e+02
   2.8971210e+02   3.2278672e+02
   3.0675350e+02   3.2156073e+02
   3.2378522e+02   3.2195935e+02
   3.0701273e+02   3.2314986e+02
   2.9030616e+02   3.2402448e+02
   2.7390443e+02   3.2369452e+02
