   1.9925990e+02   2.1652864e+02
   2.0564221e+02   2.4477160e+02
   2.1349735e+02   2.7274836e+02
   2.2200123e+02   3.0016777e+02
   2.3552903e+02   3.2548902e+02
   2.5143671e+02   3.4974632e+02
   2.7190682e+02   3.6994614e+02
   2.9733158e+02   3.8352133e+02
   3.2560708e+02   3.8556936e+02
   3.5365318e+02   3.7984952e+02
   3.7614650e+02   3.6210646e+02
   3.9611233e+02   3.4127635e+02
   4.1077072e+02   3.1648648e+02
   4.1977746e+02   2.8880630e+02
   4.2460935e+02   2.6037238e+02
   4.2780610e+02   2.3164216e+02
   4.3182734e+02   2.0327663e+02
   2.1291555e+02   1.8152082e+02
   2.1612191e+02   1.6136286e+02
   2.3160552e+02   1.4800393e+02
   2.5207881e+02   1.4530600e+02
   2.7285684e+02   1.4580282e+02
   3.3508690e+02   1.4022322e+02
   3.5349816e+02   1.3696931e+02
   3.7199519e+02   1.3410572e+02
   3.8985490e+02   1.3878011e+02
   4.0022721e+02   1.5360850e+02
   3.0504548e+02   1.6919422e+02
   3.0653353e+02   1.9357200e+02
   3.0752356e+02   2.1770201e+02
   3.0897340e+02   2.4184115e+02
   2.8901526e+02   2.6136198e+02
   2.9950749e+02   2.6226495e+02
   3.0998850e+02   2.6233016e+02
   3.2274269e+02   2.6077167e+02
   3.3539613e+02   2.5933547e+02
   2.3486477e+02   1.8535507e+02
   2.4729745e+02   1.7499171e+02
   2.6351234e+02   1.7497896e+02
   2.7627448e+02   1.8481512e+02
   2.6268800e+02   1.8934896e+02
   2.4843064e+02   1.8934761e+02
   3.3918103e+02   1.8039592e+02
   3.4901263e+02   1.6654801e+02
   3.6587728e+02   1.6397896e+02
   3.8015526e+02   1.7309402e+02
   3.6823563e+02   1.8100085e+02
   3.5374890e+02   1.8066554e+02
   2.7300857e+02   3.0342724e+02
   2.8680632e+02   2.9652772e+02
   2.9831762e+02   2.8565812e+02
   3.1273925e+02   2.8796387e+02
   3.2901254e+02   2.8415863e+02
   3.4424456e+02   2.9336740e+02
   3.6093818e+02   2.9708226e+02
   3.4539280e+02   3.0459706e+02
   3.3100847e+02   3.1391185e+02
   3.1456296e+02   3.1770650e+02
   2.9992898e+02   3.1605126e+02
   2.8707434e+02   3.0810696e+02
   2.8658878e+02   3.0292134e+02
   2.9977192e+02   2.9939925e+02
   3.1323033e+02   2.9937752e+02
   3.3040718e+02   2.9714601e+02
   3.4757494e+02   2.9897747e+02
   3.3019793e+02   2.9769044e+02
   3.1324554e+02   3.0059549e+02
   2.9976073e+02   3.0004291e+02
