   1.9801280e+02   1.5213693e+02
   1.9898945e+02   1.8098228e+02
   2.0227028e+02   2.0955979e+02
   2.0894421e+02   2.3736999e+02
   2.2027854e+02   2.6400485e+02
   2.3608124e+02   2.8788803e+02
   2.5454916e+02   3.0994855e+02
   2.7705009e+02   3.2751407e+02
   3.0474038e+02   3.3245893e+02
   3.3301128e+02   3.2530176e+02
   3.5626377e+02   3.0752256e+02
   3.7776418e+02   2.8722895e+02
   3.9471051e+02   2.6359040e+02
   4.0350963e+02   2.3542748e+02
   4.0787294e+02   2.0635419e+02
   4.1145093e+02   1.7733282e+02
   4.1106865e+02   1.4802696e+02
   2.1774921e+02   1.1438827e+02
   2.2803992e+02   1.0757905e+02
   2.4025993e+02   1.0626264e+02
   2.5221211e+02   1.0953845e+02
   2.6350373e+02   1.1473901e+02
   3.4025060e+02   1.1032356e+02
   3.5269908e+02   1.0534267e+02
   3.6569530e+02   1.0286605e+02
   3.7878152e+02   1.0507088e+02
   3.8923724e+02   1.1285078e+02
   3.0151999e+02   1.3506034e+02
   3.0187895e+02   1.5461567e+02
   3.0221973e+02   1.7385421e+02
   3.0292415e+02   1.9316962e+02
   2.7618758e+02   1.9615854e+02
   2.8902659e+02   2.0392222e+02
   3.0326067e+02   2.0815527e+02
   3.1693084e+02   2.0389428e+02
   3.2828335e+02   1.9519835e+02
   2.3335361e+02   1.4290503e+02
   2.4486236e+02   1.3775989e+02
   2.5746146e+02   1.3816415e+02
   2.6862844e+02   1.4387492e+02
   2.5673640e+02   1.4524481e+02
   2.4478467e+02   1.4579400e+02
   3.3506509e+02   1.4355688e+02
   3.4722118e+02   1.3839438e+02
   3.6035040e+02   1.3722061e+02
   3.7253545e+02   1.4175157e+02
   3.6017414e+02   1.4466644e+02
   3.4753367e+02   1.4473664e+02
   2.6170801e+02   2.4162892e+02
   2.7109814e+02   2.2720346e+02
   2.8688747e+02   2.2016231e+02
   3.0391108e+02   2.2153575e+02
   3.2149165e+02   2.1997355e+02
   3.3811111e+02   2.2547725e+02
   3.4662767e+02   2.4013051e+02
   3.3403571e+02   2.4958288e+02
   3.1894946e+02   2.5420981e+02
   3.0330406e+02   2.5593771e+02
   2.8812134e+02   2.5478822e+02
   2.7349180e+02   2.5075485e+02
   2.7219961e+02   2.3789621e+02
   2.8269120e+02   2.3771510e+02
   3.0360477e+02   2.3599861e+02
   3.2531503e+02   2.3721150e+02
   3.3597135e+02   2.3744366e+02
   3.2503980e+02   2.3767582e+02
   3.0360832e+02   2.3635188e+02
   2.8234169e+02   2.3807733e+02
