   2.3714638e+02   2.2600146e+02
   2.3955565e+02   2.5260661e+02
   2.4325537e+02   2.7924053e+02
   2.4794583e+02   3.0553745e+02
   2.5510874e+02   3.3107823e+02
   2.6755441e+02   3.5473488e+02
   2.8479391e+02   3.7507669e+02
   3.0671172e+02   3.8981597e+02
   3.3257094e+02   3.9519793e+02
   3.5889110e+02   3.8988337e+02
   3.8315540e+02   3.7888627e+02
   4.0171558e+02   3.6006591e+02
   4.1304724e+02   3.3589065e+02
   4.2065000e+02   3.1016135e+02
   4.2560228e+02   2.8407816e+02
   4.3015690e+02   2.5760713e+02
   4.3337392e+02   2.3129960e+02
   2.5754002e+02   2.0919430e+02
   2.7411735e+02   2.0416386e+02
   2.9120637e+02   2.0403606e+02
   3.0794409e+02   2.0829692e+02
   3.2481141e+02   2.0826922e+02
   3.5608293e+02   2.1016566e+02
   3.7212736e+02   2.1000015e+02
   3.8786581e+02   2.0741194e+02
   4.0371800e+02   2.0622049e+02
   4.1875533e+02   2.1098787e+02
   3.3654364e+02   2.2747160e+02
   3.3618132e+02   2.4401474e+02
   3.3596224e+02   2.6055605e+02
   3.3573547e+02   2.7693560e+02
   3.0924924e+02   2.9148124e+02
   3.2188210e+02   2.9546424e+02
   3.3494875e+02   2.9613974e+02
   3.4713698e+02   2.9567301e+02
   3.5898659e+02   2.9366879e+02
   2.7603534e+02   2.3200043e+02
   2.8884379e+02   2.2669040e+02
   3.0266771e+02   2.2685711e+02
   3.1406358e+02   2.3419327e+02
   3.0120486e+02   2.3758344e+02
   2.8805406e+02   2.3720990e+02
   3.6057194e+02   2.3706252e+02
   3.7219922e+02   2.2884895e+02
   3.8644183e+02   2.2870440e+02
   3.9889879e+02   2.3549521e+02
   3.8664356e+02   2.4048379e+02
   3.7341629e+02   2.4028429e+02
   2.9687273e+02   3.2425207e+02
   3.0883340e+02   3.1696481e+02
   3.2153509e+02   3.1149363e+02
   3.3382937e+02   3.1659105e+02
   3.4646386e+02   3.1205134e+02
   3.5900083e+02   3.1820622e+02
   3.7115913e+02   3.2453407e+02
   3.6162815e+02   3.3693524e+02
   3.4842671e+02   3.4494424e+02
   3.3310097e+02   3.4731858e+02
   3.1817029e+02   3.4525739e+02
   3.0579666e+02   3.3652591e+02
   3.0785121e+02   3.2567696e+02
   3.2090371e+02   3.2445930e+02
   3.3381476e+02   3.2531686e+02
   3.4637404e+02   3.2468361e+02
   3.5859757e+02   3.2672192e+02
   3.4585687e+02   3.2854133e+02
   3.3325592e+02   3.3039754e+02
   3.2039381e+02   3.2820602e+02
