   1.8561433e+02   2.5255700e+02
   1.8930855e+02   2.8462210e+02
   1.9664498e+02   3.1603721e+02
   2.0579081e+02   3.4692765e+02
   2.1784409e+02   3.7672607e+02
   2.3802508e+02   4.0167484e+02
   2.6529455e+02   4.1857806e+02
   2.9639032e+02   4.2650539e+02
   3.2821776e+02   4.2646047e+02
   3.5756005e+02   4.1908729e+02
   3.8323960e+02   4.0355518e+02
   4.0348136e+02   3.8130077e+02
   4.1824134e+02   3.5497355e+02
   4.2547242e+02   3.2594963e+02
   4.2878297e+02   2.9573843e+02
   4.3182314e+02   2.6580437e+02
   4.3160447e+02   2.3583095e+02
   2.1111298e+02   2.1331751e+02
   2.2013559e+02   2.0033806e+02
   2.3513447e+02   1.9480843e+02
   2.5119429e+02   1.9427446e+02
   2.6686663e+02   1.9794500e+02
   3.3557976e+02   1.9009434e+02
   3.5490310e+02   1.8473654e+02
   3.7486919e+02   1.8382800e+02
   3.9382067e+02   1.8972015e+02
   4.0481561e+02   2.0555072e+02
   3.1215834e+02   2.3354572e+02
   3.1190202e+02   2.5304129e+02
   3.1305123e+02   2.7229108e+02
   3.1256649e+02   2.9160433e+02
   2.8611967e+02   3.0558868e+02
   2.9917193e+02   3.0723269e+02
   3.1226234e+02   3.0835799e+02
   3.2516597e+02   3.0785661e+02
   3.3751755e+02   3.0468047e+02
   2.3303985e+02   2.4277907e+02
   2.4607954e+02   2.3165198e+02
   2.6337027e+02   2.3187719e+02
   2.7647870e+02   2.4285973e+02
   2.6202438e+02   2.4804786e+02
   2.4678155e+02   2.4882286e+02
   3.4242285e+02   2.3704042e+02
   3.5484032e+02   2.2404256e+02
   3.7261935e+02   2.2241943e+02
   3.8536480e+02   2.3451003e+02
   3.7176925e+02   2.3976169e+02
   3.5700971e+02   2.3891134e+02
   2.7176506e+02   3.5249773e+02
   2.8207567e+02   3.3698408e+02
   2.9663796e+02   3.2595897e+02
   3.1470267e+02   3.2504077e+02
   3.3346873e+02   3.2504072e+02
   3.4922061e+02   3.3541790e+02
   3.6336431e+02   3.4763693e+02
   3.5219095e+02   3.6164120e+02
   3.3778044e+02   3.7259046e+02
   3.1985242e+02   3.7531916e+02
   3.0059843e+02   3.7518473e+02
   2.8333737e+02   3.6747223e+02
   2.8994206e+02   3.4842496e+02
   3.0239647e+02   3.4523370e+02
   3.1568882e+02   3.4402099e+02
   3.3074647e+02   3.4368059e+02
   3.4464364e+02   3.4704351e+02
   3.3132368e+02   3.5087534e+02
   3.1657375e+02   3.5347266e+02
   3.0258585e+02   3.5180555e+02
