   1.8632950e+02   2.5260575e+02
   1.8998268e+02   2.8429217e+02
   1.9727820e+02   3.1554653e+02
   2.0681361e+02   3.4590408e+02
   2.1561892e+02   3.7648615e+02
   2.3283446e+02   4.0295155e+02
   2.5925075e+02   4.2097384e+02
   2.8812462e+02   4.3415524e+02
   3.1936563e+02   4.3623849e+02
   3.5108319e+02   4.3116879e+02
   3.7912860e+02   4.1538770e+02
   4.0033365e+02   3.9156850e+02
   4.1424002e+02   3.6240959e+02
   4.2414366e+02   3.3179778e+02
   4.2793457e+02   2.9989531e+02
   4.3123351e+02   2.6773769e+02
   4.3115532e+02   2.3583804e+02
   2.1441273e+02   2.0231814e+02
   2.2320019e+02   1.8855569e+02
   2.3808059e+02   1.8172896e+02
   2.5469139e+02   1.8136918e+02
   2.7085251e+02   1.8457393e+02
   3.3256622e+02   1.8013080e+02
   3.5283292e+02   1.7568579e+02
   3.7338245e+02   1.7482298e+02
   3.9250825e+02   1.8222388e+02
   4.0360638e+02   1.9892693e+02
   3.0905854e+02   2.3116902e+02
   3.0942399e+02   2.5042935e+02
   3.0957687e+02   2.6958108e+02
   3.0979772e+02   2.8861550e+02
   2.8631414e+02   3.0527185e+02
   2.9923574e+02   3.0681138e+02
   3.1219235e+02   3.0785561e+02
   3.2556851e+02   3.0723395e+02
   3.3776791e+02   3.0248577e+02
   2.3197334e+02   2.3791276e+02
   2.4518480e+02   2.2637929e+02
   2.6273832e+02   2.2656558e+02
   2.7659026e+02   2.3724204e+02
   2.6209672e+02   2.4438184e+02
   2.4605020e+02   2.4511567e+02
   3.4128993e+02   2.3268932e+02
   3.5326704e+02   2.1926710e+02
   3.7150576e+02   2.1830658e+02
   3.8524133e+02   2.2987442e+02
   3.7163962e+02   2.3641210e+02
   3.5623692e+02   2.3573619e+02
   2.7290868e+02   3.5612120e+02
   2.8114712e+02   3.3794927e+02
   2.9417721e+02   3.2317533e+02
   3.1326911e+02   3.2151209e+02
   3.3290158e+02   3.2225741e+02
   3.4774778e+02   3.3565001e+02
   3.5834023e+02   3.5238151e+02
   3.5366918e+02   3.7358369e+02
   3.3969333e+02   3.9042091e+02
   3.1884682e+02   3.9575536e+02
   2.9689220e+02   3.9134225e+02
   2.7975595e+02   3.7700100e+02
   2.8216980e+02   3.5616739e+02
   2.9693629e+02   3.4350370e+02
   3.1519134e+02   3.3659877e+02
   3.3499956e+02   3.4184931e+02
   3.5043126e+02   3.5471945e+02
   3.3760146e+02   3.7026047e+02
   3.1816996e+02   3.7669367e+02
   2.9736308e+02   3.7070330e+02
