   2.1155135e+02   2.5258251e+02
   2.1500438e+02   2.8278221e+02
   2.1955351e+02   3.1256074e+02
   2.2550672e+02   3.4208189e+02
   2.3681049e+02   3.6982816e+02
   2.5310429e+02   3.9519325e+02
   2.7438931e+02   4.1644466e+02
   2.9926079e+02   4.3320042e+02
   3.2809230e+02   4.4089106e+02
   3.5694825e+02   4.3306930e+02
   3.8222453e+02   4.1765501e+02
   4.0102998e+02   3.9439264e+02
   4.1685115e+02   3.6913527e+02
   4.2746736e+02   3.4141836e+02
   4.3498787e+02   3.1254691e+02
   4.4135695e+02   2.8343853e+02
   4.4483709e+02   2.5389136e+02
   2.3742556e+02   2.2148649e+02
   2.5457566e+02   2.0870115e+02
   2.7577768e+02   2.0524185e+02
   2.9642818e+02   2.1123919e+02
   3.1617027e+02   2.1941303e+02
   3.5551632e+02   2.1954752e+02
   3.7390409e+02   2.1162148e+02
   3.9348576e+02   2.0825330e+02
   4.1274634e+02   2.1308533e+02
   4.2820571e+02   2.2530045e+02
   3.3479041e+02   2.4061643e+02
   3.3462449e+02   2.6261972e+02
   3.3450230e+02   2.8445968e+02
   3.3441780e+02   3.0628958e+02
   3.0615997e+02   3.2283325e+02
   3.1952738e+02   3.2765976e+02
   3.3334551e+02   3.2986725e+02
   3.4526497e+02   3.2789620e+02
   3.5592256e+02   3.2228666e+02
   2.5751911e+02   2.5269053e+02
   2.7131207e+02   2.5334740e+02
   2.8588742e+02   2.5348999e+02
   2.9961412e+02   2.5339643e+02
   2.8559286e+02   2.5694109e+02
   2.7113630e+02   2.5705087e+02
   3.6729863e+02   2.5685880e+02
   3.8060269e+02   2.5746591e+02
   3.9449327e+02   2.5738814e+02
   4.0760166e+02   2.5829752e+02
   3.9413311e+02   2.6143367e+02
   3.8040297e+02   2.6106542e+02
   2.8043727e+02   3.6322804e+02
   2.9671892e+02   3.5424182e+02
   3.1469913e+02   3.4933145e+02
   3.3291536e+02   3.5134586e+02
   3.4797127e+02   3.4997449e+02
   3.6114716e+02   3.5766185e+02
   3.7170764e+02   3.6852375e+02
   3.5949438e+02   3.7544836e+02
   3.4629005e+02   3.7960774e+02
   3.3245694e+02   3.8122944e+02
   3.1400022e+02   3.7861214e+02
   2.9646535e+02   3.7238111e+02
   2.9354158e+02   3.6156228e+02
   3.1312305e+02   3.5883999e+02
   3.3227721e+02   3.6302712e+02
   3.4796387e+02   3.6164365e+02
   3.6288398e+02   3.6649618e+02
   3.4765789e+02   3.6294830e+02
   3.3227778e+02   3.6458208e+02
   3.1292627e+02   3.6037737e+02
