   1.9940292e+02   2.0579007e+02
   2.0462957e+02   2.3690723e+02
   2.1022613e+02   2.6786645e+02
   2.1827420e+02   2.9834252e+02
   2.3087066e+02   3.2730629e+02
   2.5120696e+02   3.5110808e+02
   2.7270959e+02   3.7396500e+02
   3.0122133e+02   3.8679087e+02
   3.3237191e+02   3.8838859e+02
   3.6094618e+02   3.8192159e+02
   3.8383971e+02   3.6371924e+02
   4.0229049e+02   3.4067417e+02
   4.1712301e+02   3.1492894e+02
   4.2535950e+02   2.8661419e+02
   4.3195854e+02   2.5799134e+02
   4.3188870e+02   2.2836451e+02
   4.3139499e+02   1.9909805e+02
   2.2998587e+02   1.7589140e+02
   2.4391026e+02   1.6561804e+02
   2.6134979e+02   1.6289535e+02
   2.7884605e+02   1.6221946e+02
   2.9627605e+02   1.6392822e+02
   3.4478691e+02   1.6264381e+02
   3.6119364e+02   1.6009471e+02
   3.7762806e+02   1.6054737e+02
   3.9377892e+02   1.6389430e+02
   4.0939386e+02   1.6923338e+02
   3.2613383e+02   1.8708931e+02
   3.2702222e+02   2.0674127e+02
   3.2820789e+02   2.2620279e+02
   3.2903810e+02   2.4551386e+02
   3.0960605e+02   2.6539128e+02
   3.1943892e+02   2.6332262e+02
   3.2947422e+02   2.6288950e+02
   3.3891150e+02   2.6331970e+02
   3.4811461e+02   2.6540113e+02
   2.5360727e+02   1.9787143e+02
   2.6651255e+02   1.8760127e+02
   2.8335102e+02   1.8858397e+02
   2.9750534e+02   1.9739694e+02
   2.8263557e+02   2.0160919e+02
   2.6753881e+02   2.0341694e+02
   3.5138447e+02   1.9782493e+02
   3.6406062e+02   1.8687953e+02
   3.8083421e+02   1.8670515e+02
   3.9237107e+02   1.9821129e+02
   3.7885073e+02   2.0198239e+02
   3.6484271e+02   2.0121012e+02
   2.8510526e+02   3.0758972e+02
   2.9834270e+02   2.9669557e+02
   3.1373966e+02   2.8981992e+02
   3.3025026e+02   2.9188831e+02
   3.4493424e+02   2.8875370e+02
   3.5878402e+02   2.9504433e+02
   3.7094906e+02   3.0426724e+02
   3.5705840e+02   3.1121171e+02
   3.4520689e+02   3.2131359e+02
   3.3030881e+02   3.2306938e+02
   3.1415544e+02   3.2231897e+02
   2.9960897e+02   3.1503482e+02
   2.9921111e+02   3.0432189e+02
   3.1509162e+02   3.0097051e+02
   3.3067131e+02   3.0508062e+02
   3.4190735e+02   3.0034049e+02
   3.5401367e+02   3.0147151e+02
   3.4172909e+02   3.0087001e+02
   3.3066104e+02   3.0605117e+02
   3.1494570e+02   3.0206331e+02
