   1.9592094e+02   1.9111911e+02
   2.0098794e+02   2.2131289e+02
   2.0632905e+02   2.5136620e+02
   2.1382873e+02   2.8067131e+02
   2.2675792e+02   3.0834407e+02
   2.4612099e+02   3.3181888e+02
   2.6859778e+02   3.5212213e+02
   2.9497951e+02   3.6689164e+02
   3.2488004e+02   3.7044006e+02
   3.5469275e+02   3.6660770e+02
   3.8076056e+02   3.5125055e+02
   4.0186552e+02   3.2941579e+02
   4.1859591e+02   3.0434574e+02
   4.2577001e+02   2.7520998e+02
   4.2823585e+02   2.4485641e+02
   4.2845403e+02   2.1466594e+02
   4.2790677e+02   1.8451626e+02
   2.3220898e+02   1.6748050e+02
   2.4805925e+02   1.6036629e+02
   2.6534006e+02   1.5843991e+02
   2.8278949e+02   1.5915689e+02
   2.9996318e+02   1.6073618e+02
   3.4013442e+02   1.6113644e+02
   3.5586448e+02   1.5750479e+02
   3.7219945e+02   1.5793488e+02
   3.8826887e+02   1.5971871e+02
   4.0420248e+02   1.6207408e+02
   3.2549932e+02   1.7487711e+02
   3.2685288e+02   1.9407204e+02
   3.2830900e+02   2.1319119e+02
   3.2955104e+02   2.3219814e+02
   3.0690911e+02   2.5307979e+02
   3.1760684e+02   2.5173932e+02
   3.2823553e+02   2.5168623e+02
   3.3785058e+02   2.5126712e+02
   3.4731926e+02   2.5131840e+02
   2.5584943e+02   1.8666138e+02
   2.6848978e+02   1.7895256e+02
   2.8316447e+02   1.8005156e+02
   2.9452573e+02   1.8928173e+02
   2.8091642e+02   1.9168837e+02
   2.6717425e+02   1.9357475e+02
   3.5271919e+02   1.8843802e+02
   3.6466428e+02   1.7877254e+02
   3.7982926e+02   1.7844461e+02
   3.8999249e+02   1.8932096e+02
   3.7769418e+02   1.9281741e+02
   3.6480910e+02   1.9236458e+02
   2.7907447e+02   2.9164975e+02
   2.9088010e+02   2.7917630e+02
   3.0796484e+02   2.7590076e+02
   3.2542815e+02   2.7583702e+02
   3.4298555e+02   2.7361162e+02
   3.6015549e+02   2.7662256e+02
   3.7191611e+02   2.8894476e+02
   3.6039014e+02   3.0457072e+02
   3.4355566e+02   3.1450383e+02
   3.2462547e+02   3.1820405e+02
   3.0715599e+02   3.1421429e+02
   2.9227639e+02   3.0397881e+02
   2.8556036e+02   2.9171434e+02
   3.0528754e+02   2.8488462e+02
   3.2588422e+02   2.8710833e+02
   3.4601906e+02   2.8351397e+02
   3.6508774e+02   2.8998037e+02
   3.4613442e+02   2.9805107e+02
   3.2587723e+02   2.9907067e+02
   3.0525227e+02   2.9724111e+02
