   1.9737274e+02   2.0077707e+02
   2.0256541e+02   2.3094549e+02
   2.0802828e+02   2.6097277e+02
   2.1563785e+02   2.9023197e+02
   2.2870889e+02   3.1783029e+02
   2.4815318e+02   3.4123532e+02
   2.7077542e+02   3.6136942e+02
   2.9716461e+02   3.7611609e+02
   3.2706244e+02   3.7961619e+02
   3.5674634e+02   3.7502602e+02
   3.8252666e+02   3.5985819e+02
   4.0259870e+02   3.3729462e+02
   4.1854163e+02   3.1190529e+02
   4.2609955e+02   2.8306777e+02
   4.3021797e+02   2.5313430e+02
   4.3022270e+02   2.2314953e+02
   4.2956648e+02   1.9320144e+02
   2.3126974e+02   1.7439799e+02
   2.4700047e+02   1.6699685e+02
   2.6431926e+02   1.6498416e+02
   2.8179506e+02   1.6540183e+02
   2.9895203e+02   1.6723049e+02
   3.4182817e+02   1.6671991e+02
   3.5757479e+02   1.6336237e+02
   3.7383882e+02   1.6395619e+02
   3.8987863e+02   1.6555361e+02
   4.0565846e+02   1.6840553e+02
   3.2585062e+02   1.8298902e+02
   3.2709135e+02   2.0238459e+02
   3.2851436e+02   2.2165709e+02
   3.2966471e+02   2.4080231e+02
   3.0840052e+02   2.6138698e+02
   3.1874976e+02   2.5970299e+02
   3.2914599e+02   2.5945092e+02
   3.3869528e+02   2.5934082e+02
   3.4806283e+02   2.6018611e+02
   2.5500020e+02   1.9465065e+02
   2.6753065e+02   1.8650275e+02
   2.8242338e+02   1.8741123e+02
   2.9475875e+02   1.9567515e+02
   2.8108457e+02   1.9922736e+02
   2.6709432e+02   2.0093760e+02
   3.5234753e+02   1.9529443e+02
   3.6438345e+02   1.8605741e+02
   3.7945269e+02   1.8556238e+02
   3.9011372e+02   1.9569304e+02
   3.7772536e+02   1.9958313e+02
   3.6464916e+02   1.9929806e+02
   2.8028972e+02   2.9998122e+02
   2.9218074e+02   2.8793955e+02
   3.0904828e+02   2.8483843e+02
   3.2623595e+02   2.8484056e+02
   3.4346365e+02   2.8279288e+02
   3.6039290e+02   2.8588789e+02
   3.7302098e+02   2.9688810e+02
   3.6140936e+02   3.1216782e+02
   3.4528887e+02   3.2241713e+02
   3.2678914e+02   3.2639823e+02
   3.0914676e+02   3.2212979e+02
   2.9392767e+02   3.1203888e+02
   2.8898872e+02   3.0014706e+02
   3.0744379e+02   2.9339824e+02
   3.2674663e+02   2.9553208e+02
   3.4621062e+02   2.9224664e+02
   3.6468048e+02   2.9851201e+02
   3.4636882e+02   3.0619455e+02
   3.2678693e+02   3.0720421e+02
   3.0739543e+02   3.0603568e+02
