   1.9614494e+02   1.9224591e+02
   2.0119704e+02   2.2243971e+02
   2.0652318e+02   2.5249321e+02
   2.1400774e+02   2.8179918e+02
   2.2692370e+02   3.0947530e+02
   2.4627341e+02   3.3295809e+02
   2.6874116e+02   3.5326772e+02
   2.9511170e+02   3.6805218e+02
   3.2500761e+02   3.7161768e+02
   3.5480306e+02   3.6772461e+02
   3.8084190e+02   3.5240669e+02
   4.0184604e+02   3.3051181e+02
   4.1850744e+02   3.0542401e+02
   4.2575165e+02   2.7633404e+02
   4.2843459e+02   2.4603882e+02
   4.2865681e+02   2.1587657e+02
   4.2812587e+02   1.8575488e+02
   2.3217860e+02   1.6832946e+02
   2.4801558e+02   1.6119158e+02
   2.6530026e+02   1.5927020e+02
   2.8274973e+02   1.5996733e+02
   2.9991805e+02   1.6158971e+02
   3.4039827e+02   1.6192705e+02
   3.5613266e+02   1.5834313e+02
   3.7245725e+02   1.5880610e+02
   3.8851972e+02   1.6058853e+02
   4.0443073e+02   1.6301978e+02
   3.2559414e+02   1.7595229e+02
   3.2691600e+02   1.9516842e+02
   3.2834966e+02   2.1430354e+02
   3.2956268e+02   2.3332448e+02
   3.0706240e+02   2.5414849e+02
   3.1772015e+02   2.5277879e+02
   3.2832080e+02   2.5271286e+02
   3.3792694e+02   2.5233836e+02
   3.4738176e+02   2.5248957e+02
   2.5580633e+02   1.8765288e+02
   2.6844128e+02   1.7990270e+02
   2.8314219e+02   1.8099458e+02
   2.9460668e+02   1.9012928e+02
   2.8098579e+02   1.9265143e+02
   2.6721367e+02   1.9450519e+02
   3.5271515e+02   1.8939261e+02
   3.6467893e+02   1.7978283e+02
   3.7983594e+02   1.7945139e+02
   3.9004557e+02   1.9025704e+02
   3.7773255e+02   1.9378469e+02
   3.6482606e+02   1.9333703e+02
   2.7917458e+02   2.9269884e+02
   2.9100262e+02   2.8028923e+02
   3.0806000e+02   2.7703930e+02
   3.2548830e+02   2.7700426e+02
   3.4300190e+02   2.7481198e+02
   3.6013154e+02   2.7785578e+02
   3.7197511e+02   2.9003671e+02
   3.6042156e+02   3.0558929e+02
   3.4367032e+02   3.1554073e+02
   3.2479646e+02   3.1924864e+02
   3.0731809e+02   3.1522142e+02
   2.9241410e+02   3.0499668e+02
   2.8591890e+02   2.9277394e+02
   3.0550158e+02   2.8598020e+02
   3.2594001e+02   2.8821665e+02
   3.4597919e+02   2.8467101e+02
   3.6495647e+02   2.9111769e+02
   3.4608604e+02   2.9910575e+02
   3.2592778e+02   3.0011714e+02
   3.0545342e+02   2.9833579e+02
