   1.7634615e+02   2.0634682e+02
   1.7569057e+02   2.3828105e+02
   1.7872170e+02   2.7026941e+02
   1.8392635e+02   3.0149834e+02
   1.9353988e+02   3.3197360e+02
   2.1278027e+02   3.5717486e+02
   2.3388912e+02   3.8122941e+02
   2.6049776e+02   3.9813557e+02
   2.9183075e+02   4.0045799e+02
   3.2188383e+02   3.9617497e+02
   3.4755444e+02   3.7905227e+02
   3.6893000e+02   3.5702661e+02
   3.8628265e+02   3.3187737e+02
   3.9465474e+02   3.0230200e+02
   3.9746295e+02   2.7151546e+02
   3.9957812e+02   2.4091003e+02
   4.0172587e+02   2.1039092e+02
   1.8997335e+02   1.8261980e+02
   2.0139930e+02   1.7037412e+02
   2.1890362e+02   1.7113414e+02
   2.3599088e+02   1.7589738e+02
   2.5306407e+02   1.8007938e+02
   3.1191382e+02   1.8068192e+02
   3.2939761e+02   1.7641345e+02
   3.4688462e+02   1.7209378e+02
   3.6459179e+02   1.7196219e+02
   3.7811751e+02   1.8271693e+02
   2.8127379e+02   1.9710587e+02
   2.8133634e+02   2.2000637e+02
   2.8062181e+02   2.4296312e+02
   2.8135424e+02   2.6569615e+02
   2.5474487e+02   2.7453164e+02
   2.6762235e+02   2.8233536e+02
   2.8239550e+02   2.8309312e+02
   2.9793692e+02   2.8255989e+02
   3.1246952e+02   2.7746059e+02
   2.0920782e+02   2.0872385e+02
   2.2397929e+02   2.0678496e+02
   2.3855804e+02   2.0453806e+02
   2.5320115e+02   2.0370039e+02
   2.3865820e+02   2.0657968e+02
   2.2385858e+02   2.0836146e+02
   3.1487106e+02   2.0390391e+02
   3.3032503e+02   2.0649813e+02
   3.4586954e+02   2.0932234e+02
   3.6124572e+02   2.0864534e+02
   3.4564678e+02   2.1084253e+02
   3.3004423e+02   2.0821499e+02
   2.4147596e+02   3.2253595e+02
   2.5377946e+02   3.1211343e+02
   2.6869556e+02   3.0680485e+02
   2.8406450e+02   3.1002143e+02
   3.0066541e+02   3.0721023e+02
   3.1697952e+02   3.1203906e+02
   3.3215016e+02   3.1958464e+02
   3.1653891e+02   3.2267253e+02
   3.0186852e+02   3.2908026e+02
   2.8631179e+02   3.3158076e+02
   2.7105657e+02   3.2998877e+02
   2.5659666e+02   3.2447204e+02
   2.5048592e+02   3.2004453e+02
   2.6743283e+02   3.1648098e+02
   2.8462782e+02   3.1778441e+02
   3.0387949e+02   3.1503462e+02
   3.2290170e+02   3.1841556e+02
   3.0381987e+02   3.1565401e+02
   2.8481358e+02   3.1870886e+02
   2.6746659e+02   3.1713522e+02
