   1.9424081e+02   2.1911073e+02
   1.9700344e+02   2.4594725e+02
   2.0038025e+02   2.7257672e+02
   2.0882112e+02   2.9799016e+02
   2.1944414e+02   3.2258137e+02
   2.3657025e+02   3.4317888e+02
   2.5887756e+02   3.5802604e+02
   2.8323791e+02   3.6911808e+02
   3.0949560e+02   3.7093934e+02
   3.3562580e+02   3.6767911e+02
   3.5860835e+02   3.5513371e+02
   3.7803216e+02   3.3725162e+02
   3.9265905e+02   3.1562219e+02
   4.0287044e+02   2.9115206e+02
   4.0941381e+02   2.6579041e+02
   4.1518191e+02   2.3995257e+02
   4.2136392e+02   2.1452719e+02
   2.1680577e+02   1.6598553e+02
   2.3002276e+02   1.5606161e+02
   2.4545854e+02   1.5052789e+02
   2.6183872e+02   1.4944991e+02
   2.7774134e+02   1.5279655e+02
   3.3282222e+02   1.4811519e+02
   3.4869723e+02   1.4767168e+02
   3.6467303e+02   1.4777239e+02
   3.7914507e+02   1.5425110e+02
   3.9281296e+02   1.6249254e+02
   3.0616742e+02   1.7513410e+02
   3.0667806e+02   1.9462329e+02
   3.0715780e+02   2.1389086e+02
   3.0680839e+02   2.3305121e+02
   2.7687512e+02   2.5246597e+02
   2.9147952e+02   2.5566225e+02
   3.0617349e+02   2.5788461e+02
   3.2191029e+02   2.5402157e+02
   3.3719858e+02   2.4926538e+02
   2.3428704e+02   1.8740682e+02
   2.4805491e+02   1.7633600e+02
   2.6578668e+02   1.7751647e+02
   2.7799117e+02   1.9000485e+02
   2.6305383e+02   1.9179917e+02
   2.4820987e+02   1.9232324e+02
   3.3183539e+02   1.8827973e+02
   3.4260948e+02   1.7530991e+02
   3.5948387e+02   1.7368373e+02
   3.7281548e+02   1.8375953e+02
   3.6036102e+02   1.9048212e+02
   3.4612301e+02   1.8965439e+02
   2.5380375e+02   2.9208922e+02
   2.6823815e+02   2.7853115e+02
   2.8694805e+02   2.7196216e+02
   3.0655862e+02   2.7326819e+02
   3.2747705e+02   2.7090553e+02
   3.4723943e+02   2.7786998e+02
   3.6286323e+02   2.9182816e+02
   3.4664499e+02   3.0497377e+02
   3.2822514e+02   3.1456583e+02
   3.0783009e+02   3.1605761e+02
   2.8699888e+02   3.1461319e+02
   2.6788451e+02   3.0695820e+02
   2.6175960e+02   2.9219359e+02
   2.8284459e+02   2.8144397e+02
   3.0625982e+02   2.8225423e+02
   3.3008839e+02   2.8026320e+02
   3.5138825e+02   2.9104701e+02
   3.2991478e+02   3.0016744e+02
   3.0693546e+02   3.0227994e+02
   2.8364898e+02   3.0018972e+02
