   1.9409216e+02   2.1936939e+02
   1.9680257e+02   2.4595214e+02
   2.0084790e+02   2.7233290e+02
   2.0937074e+02   2.9752533e+02
   2.1917063e+02   3.2218228e+02
   2.3641618e+02   3.4250146e+02
   2.5840760e+02   3.5745366e+02
   2.8263355e+02   3.6839661e+02
   3.0871151e+02   3.7045311e+02
   3.3490237e+02   3.6765015e+02
   3.5828573e+02   3.5554888e+02
   3.7753667e+02   3.3756323e+02
   3.9301455e+02   3.1636108e+02
   4.0318671e+02   2.9186997e+02
   4.0994336e+02   2.6653473e+02
   4.1576015e+02   2.4063573e+02
   4.2138479e+02   2.1505107e+02
   2.1614753e+02   1.6630768e+02
   2.2966144e+02   1.5554322e+02
   2.4589479e+02   1.5003994e+02
   2.6303117e+02   1.4978576e+02
   2.7891992e+02   1.5530477e+02
   3.3260743e+02   1.5191544e+02
   3.4868253e+02   1.4932260e+02
   3.6498608e+02   1.4816624e+02
   3.8028763e+02   1.5375641e+02
   3.9390764e+02   1.6277383e+02
   3.0643584e+02   1.7528744e+02
   3.0717150e+02   1.9484082e+02
   3.0776273e+02   2.1417963e+02
   3.0754526e+02   2.3345927e+02
   2.7802522e+02   2.5248444e+02
   2.9256754e+02   2.5565689e+02
   3.0714983e+02   2.5784047e+02
   3.2258020e+02   2.5425590e+02
   3.3761672e+02   2.4987702e+02
   2.3487835e+02   1.8740412e+02
   2.4835614e+02   1.7620646e+02
   2.6603831e+02   1.7738308e+02
   2.7815045e+02   1.8983079e+02
   2.6337558e+02   1.9191702e+02
   2.4863331e+02   1.9231293e+02
   3.3333737e+02   1.8855166e+02
   3.4382673e+02   1.7545981e+02
   3.6072469e+02   1.7398736e+02
   3.7383306e+02   1.8425953e+02
   3.6132384e+02   1.9035564e+02
   3.4732478e+02   1.8984093e+02
   2.5486396e+02   2.9237901e+02
   2.6920859e+02   2.7878072e+02
   2.8775356e+02   2.7186107e+02
   3.0726863e+02   2.7321532e+02
   3.2774307e+02   2.7084907e+02
   3.4712424e+02   2.7759043e+02
   3.6252437e+02   2.9121775e+02
   3.4685544e+02   3.0525786e+02
   3.2855450e+02   3.1541014e+02
   3.0799831e+02   3.1663642e+02
   2.8736271e+02   3.1542520e+02
   2.6850232e+02   3.0743818e+02
   2.6425141e+02   2.9220384e+02
   2.8435184e+02   2.8122161e+02
   3.0691878e+02   2.8236130e+02
   3.2984989e+02   2.8000305e+02
   3.5039834e+02   2.9042187e+02
   3.2984772e+02   3.0025402e+02
   3.0739094e+02   3.0201609e+02
   2.8510256e+02   3.0023119e+02
