   1.3666441e+02   1.7020400e+02
   1.4188940e+02   2.0153741e+02
   1.4888440e+02   2.3226370e+02
   1.5456125e+02   2.6332650e+02
   1.6580607e+02   2.9268558e+02
   1.8433743e+02   3.1796404e+02
   2.1046774e+02   3.3540279e+02
   2.3774081e+02   3.5115509e+02
   2.6861225e+02   3.5259331e+02
   2.9781590e+02   3.5073176e+02
   3.2364872e+02   3.3639097e+02
   3.4655170e+02   3.1723473e+02
   3.6233239e+02   2.9223895e+02
   3.6960568e+02   2.6362699e+02
   3.7383086e+02   2.3424145e+02
   3.7958409e+02   2.0499886e+02
   3.8142756e+02   1.7568888e+02
   1.6544579e+02   1.5378514e+02
   1.8223885e+02   1.4431927e+02
   2.0104897e+02   1.4012552e+02
   2.2006756e+02   1.4133852e+02
   2.3891062e+02   1.4519197e+02
   2.9484802e+02   1.4774243e+02
   3.1132717e+02   1.4260661e+02
   3.2837223e+02   1.4118258e+02
   3.4557661e+02   1.4163263e+02
   3.5922942e+02   1.5101199e+02
   2.7071245e+02   1.8121690e+02
   2.6986611e+02   1.9818494e+02
   2.6943710e+02   2.1498003e+02
   2.6944598e+02   2.3169666e+02
   2.4612460e+02   2.4446945e+02
   2.5684047e+02   2.4827022e+02
   2.6816786e+02   2.4907252e+02
   2.7952421e+02   2.4876027e+02
   2.9065270e+02   2.4739029e+02
   1.9223559e+02   1.7995382e+02
   2.0590664e+02   1.6920264e+02
   2.2334263e+02   1.7105763e+02
   2.3508009e+02   1.8376641e+02
   2.2053585e+02   1.8502891e+02
   2.0601008e+02   1.8410652e+02
   2.9870975e+02   1.8291029e+02
   3.0990418e+02   1.7116887e+02
   3.2642395e+02   1.7096166e+02
   3.3943254e+02   1.8078436e+02
   3.2640754e+02   1.8588308e+02
   3.1252801e+02   1.8522897e+02
   2.2658128e+02   2.8726625e+02
   2.4013524e+02   2.7838091e+02
   2.5452077e+02   2.7085090e+02
   2.6984005e+02   2.7367926e+02
   2.8397274e+02   2.7013287e+02
   2.9773659e+02   2.7574135e+02
   3.0975031e+02   2.8433209e+02
   3.0117211e+02   2.9702985e+02
   2.8736202e+02   3.0387324e+02
   2.7197203e+02   3.0465359e+02
   2.5463639e+02   3.0479165e+02
   2.3816330e+02   2.9954552e+02
   2.4863361e+02   2.8557704e+02
   2.5904135e+02   2.8474742e+02
   2.6942629e+02   2.8558859e+02
   2.8046676e+02   2.8474670e+02
   2.9150294e+02   2.8429645e+02
   2.8066589e+02   2.8565336e+02
   2.6985685e+02   2.8644050e+02
   2.5926420e+02   2.8522800e+02
