   1.3669089e+02   1.7004728e+02
   1.4190009e+02   2.0137743e+02
   1.4887927e+02   2.3210139e+02
   1.5454037e+02   2.6316120e+02
   1.6576924e+02   2.9252022e+02
   1.8428524e+02   3.1780282e+02
   2.1069043e+02   3.3542863e+02
   2.3796123e+02   3.5113593e+02
   2.6852823e+02   3.5246565e+02
   2.9772741e+02   3.5061826e+02
   3.2382394e+02   3.3611079e+02
   3.4647014e+02   3.1715043e+02
   3.6225978e+02   2.9216670e+02
   3.6954528e+02   2.6356342e+02
   3.7378360e+02   2.3418526e+02
   3.7954961e+02   2.0495075e+02
   3.8140662e+02   1.7564701e+02
   1.6561679e+02   1.5603245e+02
   1.8401835e+02   1.5049477e+02
   2.0329344e+02   1.4953395e+02
   2.2233615e+02   1.5162042e+02
   2.4017859e+02   1.5843244e+02
   2.9109906e+02   1.5910830e+02
   3.0685000e+02   1.5163492e+02
   3.2407891e+02   1.4976638e+02
   3.4157250e+02   1.5016950e+02
   3.5814762e+02   1.5487339e+02
   2.7070916e+02   1.8112161e+02
   2.6985495e+02   1.9808614e+02
   2.6941807e+02   2.1487796e+02
   2.6941903e+02   2.3159153e+02
   2.4466077e+02   2.3950601e+02
   2.5583501e+02   2.4768141e+02
   2.6919043e+02   2.5071584e+02
   2.8319600e+02   2.4727386e+02
   2.9469106e+02   2.3873882e+02
   1.9224727e+02   1.7982162e+02
   2.0660144e+02   1.7155603e+02
   2.2291721e+02   1.7286934e+02
   2.3508212e+02   1.8365379e+02
   2.2047207e+02   1.8384058e+02
   2.0601728e+02   1.8398007e+02
   2.9870054e+02   1.8282795e+02
   3.1063150e+02   1.7297165e+02
   3.2636747e+02   1.7248192e+02
   3.3941687e+02   1.8072168e+02
   3.2603669e+02   1.8346156e+02
   3.1230365e+02   1.8280248e+02
   2.2685026e+02   2.8362065e+02
   2.4145164e+02   2.7439357e+02
   2.5733011e+02   2.6818249e+02
   2.7422481e+02   2.6841040e+02
   2.8747086e+02   2.6484271e+02
   3.0058905e+02   2.6925919e+02
   3.0930692e+02   2.7976467e+02
   3.0164627e+02   2.9256565e+02
   2.8836514e+02   2.9967846e+02
   2.7352068e+02   3.0256667e+02
   2.5494102e+02   3.0222592e+02
   2.3717302e+02   2.9806058e+02
   2.4679019e+02   2.8363357e+02
   2.5952549e+02   2.8210596e+02
   2.7208976e+02   2.8304961e+02
   2.8340089e+02   2.8100986e+02
   2.9462431e+02   2.7970911e+02
   2.8321362e+02   2.8183762e+02
   2.7177367e+02   2.8357773e+02
   2.5917218e+02   2.8296983e+02
