   2.0347582e+02   1.8869867e+02
   2.0684208e+02   2.1567482e+02
   2.1273568e+02   2.4196618e+02
   2.1963949e+02   2.6800676e+02
   2.2790206e+02   2.9357491e+02
   2.4526105e+02   3.1393645e+02
   2.6602302e+02   3.3125084e+02
   2.8925238e+02   3.4490729e+02
   3.1557168e+02   3.4710325e+02
   3.4175594e+02   3.4413635e+02
   3.6335395e+02   3.2775671e+02
   3.8422388e+02   3.1094946e+02
   4.0202884e+02   2.9044939e+02
   4.1350273e+02   2.6602393e+02
   4.1864229e+02   2.3962569e+02
   4.2413879e+02   2.1319538e+02
   4.2607798e+02   1.8640782e+02
   2.2333982e+02   1.4974367e+02
   2.3675746e+02   1.3897139e+02
   2.5331629e+02   1.3471540e+02
   2.7016222e+02   1.3825165e+02
   2.8687486e+02   1.4123455e+02
   3.4018853e+02   1.4120484e+02
   3.5671357e+02   1.3770842e+02
   3.7286571e+02   1.3297304e+02
   3.8950225e+02   1.3245253e+02
   4.0370761e+02   1.4079945e+02
   3.1511798e+02   1.6019436e+02
   3.1491435e+02   1.8149040e+02
   3.1488542e+02   2.0286757e+02
   3.1405226e+02   2.2390125e+02
   2.9100985e+02   2.3661792e+02
   3.0235430e+02   2.4028915e+02
   3.1304864e+02   2.4514013e+02
   3.2486137e+02   2.3992655e+02
   3.3679327e+02   2.3559694e+02
   2.4638453e+02   1.7067685e+02
   2.5982231e+02   1.6075701e+02
   2.7664586e+02   1.6287871e+02
   2.8893952e+02   1.7430354e+02
   2.7425208e+02   1.7866862e+02
   2.5904268e+02   1.7873637e+02
   3.4093520e+02   1.7388184e+02
   3.5238422e+02   1.6172293e+02
   3.6903642e+02   1.5973263e+02
   3.8286629e+02   1.6889633e+02
   3.7089202e+02   1.7747091e+02
   3.5574727e+02   1.7676940e+02
   2.7143753e+02   2.7560632e+02
   2.8533592e+02   2.6612643e+02
   2.9999359e+02   2.5808002e+02
   3.1525947e+02   2.6272150e+02
   3.2985997e+02   2.5803683e+02
   3.4413682e+02   2.6433821e+02
   3.5710845e+02   2.7318032e+02
   3.4364701e+02   2.8049077e+02
   3.3034871e+02   2.8797391e+02
   3.1545905e+02   2.8851763e+02
   2.9997815e+02   2.8813683e+02
   2.8617692e+02   2.8064849e+02
   2.8728973e+02   2.7454638e+02
   3.0126081e+02   2.7108627e+02
   3.1525794e+02   2.7321167e+02
   3.3039482e+02   2.7059770e+02
   3.4512908e+02   2.7470046e+02
   3.3017203e+02   2.7096372e+02
   3.1525046e+02   2.7359113e+02
   3.0112355e+02   2.7166000e+02
