   1.9705472e+02   1.9604268e+02
   1.9838576e+02   2.2465760e+02
   2.0072760e+02   2.5309081e+02
   2.0329886e+02   2.8140782e+02
   2.1349431e+02   3.0776294e+02
   2.3037925e+02   3.3051330e+02
   2.4918736e+02   3.5177324e+02
   2.7492669e+02   3.6365598e+02
   3.0265160e+02   3.6978273e+02
   3.2955946e+02   3.6879553e+02
   3.5358405e+02   3.5700019e+02
   3.7572147e+02   3.4183244e+02
   3.9422640e+02   3.2214798e+02
   4.0547664e+02   2.9783812e+02
   4.1181509e+02   2.7157292e+02
   4.1893037e+02   2.4560872e+02
   4.2554965e+02   2.1966743e+02
   2.2880268e+02   1.4119139e+02
   2.4025756e+02   1.3333890e+02
   2.5427805e+02   1.3114350e+02
   2.6838594e+02   1.3031828e+02
   2.8230276e+02   1.3168211e+02
   3.4985407e+02   1.3759055e+02
   3.6627063e+02   1.3668024e+02
   3.8219836e+02   1.4036629e+02
   3.9737382e+02   1.4667514e+02
   4.1014858e+02   1.5664524e+02
   3.1493691e+02   1.7203936e+02
   3.1352032e+02   1.8905220e+02
   3.1217480e+02   2.0593086e+02
   3.1039221e+02   2.2281617e+02
   2.8907956e+02   2.4185323e+02
   2.9954269e+02   2.4184679e+02
   3.0993463e+02   2.4231111e+02
   3.1975233e+02   2.4386076e+02
   3.2897712e+02   2.4730050e+02
   2.4149106e+02   1.6930326e+02
   2.5618677e+02   1.6019620e+02
   2.7327682e+02   1.6177462e+02
   2.8456042e+02   1.7429967e+02
   2.6959852e+02   1.7701667e+02
   2.5462017e+02   1.7619384e+02
   3.4667145e+02   1.7930019e+02
   3.5928957e+02   1.6746838e+02
   3.7663185e+02   1.6795170e+02
   3.8793728e+02   1.8073150e+02
   3.7423124e+02   1.8374183e+02
   3.6010060e+02   1.8304622e+02
   2.6955745e+02   2.8448373e+02
   2.8046449e+02   2.7406799e+02
   2.9429886e+02   2.6834319e+02
   3.0857868e+02   2.7176217e+02
   3.2324521e+02   2.7104138e+02
   3.3509536e+02   2.8067687e+02
   3.4711001e+02   2.8996882e+02
   3.3461764e+02   2.9591182e+02
   3.2175726e+02   3.0062960e+02
   3.0809600e+02   3.0133445e+02
   2.9451603e+02   2.9724782e+02
   2.8138854e+02   2.9195941e+02
   2.8902147e+02   2.7957501e+02
   2.9954765e+02   2.7852663e+02
   3.0991243e+02   2.7947007e+02
   3.1983287e+02   2.8036209e+02
   3.2898822e+02   2.8409456e+02
   3.1967608e+02   2.8112114e+02
   3.0993317e+02   2.8053903e+02
   2.9941757e+02   2.7967941e+02
