   1.6293817e+02   2.3596391e+02
   1.6579361e+02   2.7010220e+02
   1.7127314e+02   3.0362890e+02
   1.7957193e+02   3.3643072e+02
   1.9477572e+02   3.6667479e+02
   2.1311182e+02   3.9525349e+02
   2.3768199e+02   4.1866391e+02
   2.6652019e+02   4.3639396e+02
   2.9915239e+02   4.4377350e+02
   3.3075966e+02   4.3603643e+02
   3.5744468e+02   4.1799572e+02
   3.7950191e+02   3.9435574e+02
   3.9664342e+02   3.6648883e+02
   4.0982039e+02   3.3709411e+02
   4.1403661e+02   3.0493145e+02
   4.2226546e+02   2.7342252e+02
   4.2600440e+02   2.4149422e+02
   1.8906862e+02   2.0798086e+02
   2.0283642e+02   1.9452320e+02
   2.2168949e+02   1.8975943e+02
   2.4124198e+02   1.8888756e+02
   2.6047578e+02   1.9131637e+02
   3.3006609e+02   1.9672931e+02
   3.4961859e+02   1.9323357e+02
   3.6934258e+02   1.9399161e+02
   3.8891594e+02   1.9736869e+02
   4.0074130e+02   2.1204480e+02
   3.0036167e+02   2.2748092e+02
   2.9954147e+02   2.4892751e+02
   2.9927249e+02   2.7036351e+02
   2.9958292e+02   2.9179206e+02
   2.6988169e+02   3.0123409e+02
   2.8390260e+02   3.0613784e+02
   2.9851484e+02   3.0696503e+02
   3.1192187e+02   3.0635990e+02
   3.2395513e+02   3.0092196e+02
   2.1411214e+02   2.3023675e+02
   2.3059248e+02   2.1730161e+02
   2.5152901e+02   2.1842570e+02
   2.6574240e+02   2.3343409e+02
   2.4823039e+02   2.3839969e+02
   2.3000487e+02   2.3843770e+02
   3.2543459e+02   2.3381377e+02
   3.3989952e+02   2.2065642e+02
   3.5958373e+02   2.1944160e+02
   3.7278281e+02   2.3317868e+02
   3.5763429e+02   2.3958187e+02
   3.4126736e+02   2.3835236e+02
   2.4129120e+02   3.5699009e+02
   2.5575998e+02   3.4261942e+02
   2.7522954e+02   3.3657892e+02
   2.9566642e+02   3.3518851e+02
   3.1668899e+02   3.3345196e+02
   3.3621315e+02   3.4131657e+02
   3.5175160e+02   3.5532706e+02
   3.4226600e+02   3.7639255e+02
   3.2178763e+02   3.8783228e+02
   2.9881496e+02   3.9168771e+02
   2.7509247e+02   3.8993615e+02
   2.5591707e+02   3.7575296e+02
   2.5338309e+02   3.5383667e+02
   2.7415317e+02   3.4466648e+02
   2.9671347e+02   3.4372989e+02
   3.2095887e+02   3.4247785e+02
   3.4183233e+02   3.5461972e+02
   3.2082575e+02   3.7023467e+02
   2.9562533e+02   3.7568081e+02
   2.7229529e+02   3.6870574e+02
