   1.9565902e+02   2.0294039e+02
   1.9454548e+02   2.3470297e+02
   1.9720712e+02   2.6619481e+02
   2.0245463e+02   2.9710093e+02
   2.1099324e+02   3.2760194e+02
   2.2757291e+02   3.5437127e+02
   2.5174337e+02   3.7463174e+02
   2.8108931e+02   3.8610653e+02
   3.1218141e+02   3.8849148e+02
   3.4091059e+02   3.8339810e+02
   3.6567119e+02   3.6853919e+02
   3.8354140e+02   3.4589097e+02
   3.9582988e+02   3.1975256e+02
   4.0428559e+02   2.9174021e+02
   4.0719227e+02   2.6294875e+02
   4.1022272e+02   2.3399287e+02
   4.0990364e+02   2.0518157e+02
   2.0946021e+02   1.9915112e+02
   2.1697007e+02   1.8108138e+02
   2.3476631e+02   1.7139656e+02
   2.5354261e+02   1.6352876e+02
   2.7356146e+02   1.6095106e+02
   3.3425507e+02   1.5330983e+02
   3.5137182e+02   1.5497908e+02
   3.6833367e+02   1.5694003e+02
   3.8334360e+02   1.6479326e+02
   3.9497056e+02   1.7709935e+02
   3.0798247e+02   1.9037313e+02
   3.0841811e+02   2.1114186e+02
   3.0954063e+02   2.3174131e+02
   3.1048234e+02   2.5222928e+02
   2.8260265e+02   2.6945631e+02
   2.9643543e+02   2.7133369e+02
   3.1009182e+02   2.7241845e+02
   3.2159687e+02   2.7089546e+02
   3.3250655e+02   2.6734491e+02
   2.3765597e+02   2.0616966e+02
   2.5108924e+02   1.9564185e+02
   2.6818765e+02   1.9647983e+02
   2.8088320e+02   2.0770890e+02
   2.6605739e+02   2.1306301e+02
   2.5049636e+02   2.1418185e+02
   3.3234445e+02   2.0102036e+02
   3.4197312e+02   1.8822280e+02
   3.5815973e+02   1.8708412e+02
   3.7244562e+02   1.9491229e+02
   3.6160391e+02   2.0468029e+02
   3.4680275e+02   2.0474596e+02
   2.6761945e+02   3.1085412e+02
   2.8024231e+02   2.9983508e+02
   2.9453857e+02   2.9130915e+02
   3.1061141e+02   2.9223089e+02
   3.2660595e+02   2.9039845e+02
   3.4096172e+02   2.9768095e+02
   3.5359214e+02   3.0801972e+02
   3.3982646e+02   3.1091018e+02
   3.2587624e+02   3.1262653e+02
   3.1202397e+02   3.1275133e+02
   2.9715069e+02   3.1320887e+02
   2.8235440e+02   3.1240836e+02
   2.7612749e+02   3.0730853e+02
   2.9289716e+02   2.9880485e+02
   3.1161299e+02   2.9842158e+02
   3.2978263e+02   2.9820960e+02
   3.4603395e+02   3.0565863e+02
   3.2934704e+02   2.9910505e+02
   3.1161745e+02   2.9915800e+02
   2.9287253e+02   2.9950046e+02
