   1.9585304e+02   2.0314158e+02
   1.9476120e+02   2.3483440e+02
   1.9743532e+02   2.6625377e+02
   2.0272000e+02   2.9722850e+02
   2.1127697e+02   3.2765995e+02
   2.2758540e+02   3.5451141e+02
   2.5196379e+02   3.7424032e+02
   2.8140495e+02   3.8530531e+02
   3.1251287e+02   3.8873693e+02
   3.4105918e+02   3.8265167e+02
   3.6599260e+02   3.6846824e+02
   3.8339451e+02   3.4565791e+02
   3.9567981e+02   3.1949211e+02
   4.0407394e+02   2.9157580e+02
   4.0694557e+02   2.6293511e+02
   4.0996321e+02   2.3390772e+02
   4.0962104e+02   2.0524928e+02
   2.0980413e+02   1.9953360e+02
   2.1747960e+02   1.8154323e+02
   2.3507017e+02   1.7149516e+02
   2.5379293e+02   1.6392277e+02
   2.7378608e+02   1.6234105e+02
   3.3304756e+02   1.5452287e+02
   3.5067550e+02   1.5555296e+02
   3.6812766e+02   1.5703380e+02
   3.8364840e+02   1.6512456e+02
   3.9479330e+02   1.7841948e+02
   3.0791837e+02   1.9053499e+02
   3.0837447e+02   2.1145606e+02
   3.0952561e+02   2.3228811e+02
   3.1007233e+02   2.5298727e+02
   2.8264259e+02   2.6945696e+02
   2.9644564e+02   2.7132187e+02
   3.1007221e+02   2.7239601e+02
   3.2155068e+02   2.7086952e+02
   3.3243390e+02   2.6732035e+02
   2.3775823e+02   2.0633846e+02
   2.5092828e+02   1.9561214e+02
   2.6793621e+02   1.9659888e+02
   2.8061244e+02   2.0777925e+02
   2.6593380e+02   2.1324506e+02
   2.5048077e+02   2.1431092e+02
   3.3231120e+02   2.0091184e+02
   3.4185624e+02   1.8818012e+02
   3.5800738e+02   1.8722203e+02
   3.7224043e+02   1.9502537e+02
   3.6142876e+02   2.0477808e+02
   3.4668403e+02   2.0485651e+02
   2.6725804e+02   3.1047324e+02
   2.8013995e+02   2.9949579e+02
   2.9456537e+02   2.9082040e+02
   3.1079591e+02   2.9165158e+02
   3.2658296e+02   2.8983570e+02
   3.4086319e+02   2.9716035e+02
   3.5373395e+02   3.0697663e+02
   3.3997391e+02   3.1079725e+02
   3.2594048e+02   3.1269203e+02
   3.1191036e+02   3.1332683e+02
   2.9691635e+02   3.1353892e+02
   2.8220032e+02   3.1174860e+02
   2.7660584e+02   3.0695229e+02
   2.9324553e+02   2.9854099e+02
   3.1171091e+02   2.9835280e+02
   3.2955300e+02   2.9794609e+02
   3.4581847e+02   3.0498051e+02
   3.2936747e+02   2.9870253e+02
   3.1193844e+02   2.9908554e+02
   2.9328248e+02   2.9923093e+02
