   1.7890668e+02   2.3824977e+02
   1.8384343e+02   2.6658191e+02
   1.9078323e+02   2.9405316e+02
   1.9720337e+02   3.2179979e+02
   2.0798853e+02   3.4834496e+02
   2.2197408e+02   3.7319056e+02
   2.4171252e+02   3.9375686e+02
   2.6325439e+02   4.1222667e+02
   2.9011624e+02   4.1951907e+02
   3.1737574e+02   4.1061526e+02
   3.3948523e+02   3.9218621e+02
   3.5973120e+02   3.7173771e+02
   3.7853595e+02   3.5004684e+02
   3.8923882e+02   3.2352587e+02
   3.9525223e+02   2.9530450e+02
   3.9886016e+02   2.6674934e+02
   4.0363997e+02   2.3835882e+02
   1.9553732e+02   2.0134066e+02
   2.0654771e+02   1.8830448e+02
   2.2345444e+02   1.8401186e+02
   2.4080698e+02   1.8455548e+02
   2.5784154e+02   1.8798841e+02
   3.1229617e+02   1.8432312e+02
   3.2827868e+02   1.8119427e+02
   3.4434620e+02   1.8060078e+02
   3.5993303e+02   1.8491454e+02
   3.7274311e+02   1.9450467e+02
   2.8136124e+02   2.1891796e+02
   2.8224019e+02   2.4067408e+02
   2.8113045e+02   2.6254414e+02
   2.8071492e+02   2.8406419e+02
   2.5555097e+02   2.9607897e+02
   2.6816862e+02   3.0293199e+02
   2.8219412e+02   3.0495059e+02
   2.9717343e+02   3.0092401e+02
   3.1148964e+02   2.9546317e+02
   2.1148416e+02   2.2762300e+02
   2.2585484e+02   2.2141375e+02
   2.4166701e+02   2.2103192e+02
   2.5412945e+02   2.2997990e+02
   2.3967622e+02   2.3520034e+02
   2.2454706e+02   2.3498006e+02
   3.1523738e+02   2.2881832e+02
   3.2773452e+02   2.1906136e+02
   3.4362011e+02   2.1817874e+02
   3.5687586e+02   2.2634340e+02
   3.4410458e+02   2.3323983e+02
   3.2946284e+02   2.3269353e+02
   2.4299921e+02   3.4349483e+02
   2.5697577e+02   3.3754678e+02
   2.7062407e+02   3.3118349e+02
   2.8499742e+02   3.3336299e+02
   3.0002378e+02   3.2898011e+02
   3.1545107e+02   3.3322712e+02
   3.3021827e+02   3.3892251e+02
   3.1723239e+02   3.5215290e+02
   3.0382459e+02   3.6448638e+02
   2.8659623e+02   3.6973369e+02
   2.7000949e+02   3.6508075e+02
   2.5590670e+02   3.5495213e+02
   2.6053375e+02   3.4581067e+02
   2.7356825e+02   3.4621712e+02
   2.8643105e+02   3.4587605e+02
   2.9757993e+02   3.4528522e+02
   3.0852697e+02   3.4398810e+02
   2.9761435e+02   3.5030473e+02
   2.8518461e+02   3.5182603e+02
   2.7225754e+02   3.5070996e+02
