   1.8953036e+02   2.1849953e+02
   1.9103769e+02   2.4864320e+02
   1.9582944e+02   2.7817448e+02
   2.0172415e+02   3.0774285e+02
   2.1212697e+02   3.3575418e+02
   2.2966130e+02   3.5999276e+02
   2.5211682e+02   3.7956292e+02
   2.7997318e+02   3.9031841e+02
   3.0965768e+02   3.9108240e+02
   3.3867685e+02   3.8881723e+02
   3.6274468e+02   3.7257850e+02
   3.8062690e+02   3.4904362e+02
   3.9519039e+02   3.2352140e+02
   4.0314592e+02   2.9528999e+02
   4.0706822e+02   2.6640401e+02
   4.1007887e+02   2.3698232e+02
   4.1278754e+02   2.0791434e+02
   2.0666199e+02   1.9434964e+02
   2.1451104e+02   1.7643748e+02
   2.3272343e+02   1.6786434e+02
   2.5229432e+02   1.6215954e+02
   2.7241359e+02   1.6151262e+02
   3.3447460e+02   1.5537435e+02
   3.5191328e+02   1.5458049e+02
   3.6909149e+02   1.5553174e+02
   3.8510451e+02   1.6145602e+02
   3.9502711e+02   1.7506553e+02
   3.0606941e+02   1.8725068e+02
   3.0723306e+02   2.0624501e+02
   3.0808674e+02   2.2517372e+02
   3.0922251e+02   2.4399016e+02
   2.8240375e+02   2.6480217e+02
   2.9539642e+02   2.6682379e+02
   3.0838940e+02   2.6680334e+02
   3.2012743e+02   2.6572644e+02
   3.3081500e+02   2.6104179e+02
   2.3620380e+02   2.0036229e+02
   2.4932654e+02   1.8851006e+02
   2.6713015e+02   1.8937008e+02
   2.7915220e+02   2.0225267e+02
   2.6433712e+02   2.0745033e+02
   2.4906085e+02   2.0841407e+02
   3.2975058e+02   1.9709248e+02
   3.3938304e+02   1.8263616e+02
   3.5723477e+02   1.8136001e+02
   3.7197499e+02   1.9098262e+02
   3.6001910e+02   1.9999089e+02
   3.4472751e+02   2.0013809e+02
   2.6907326e+02   3.0482449e+02
   2.8068965e+02   2.9451447e+02
   2.9414287e+02   2.8720195e+02
   3.0880410e+02   2.9009319e+02
   3.2349660e+02   2.8704672e+02
   3.3721933e+02   2.9377623e+02
   3.4961456e+02   3.0282298e+02
   3.3721028e+02   3.0971636e+02
   3.2352658e+02   3.1309874e+02
   3.0951813e+02   3.1278714e+02
   2.9544890e+02   3.1271361e+02
   2.8173243e+02   3.1053551e+02
   2.7780034e+02   3.0405053e+02
   2.9311803e+02   2.9858693e+02
   3.0928142e+02   2.9817350e+02
   3.2579272e+02   2.9779033e+02
   3.4144919e+02   3.0218194e+02
   3.2547321e+02   2.9843867e+02
   3.0908985e+02   2.9847567e+02
   2.9302808e+02   2.9919974e+02
