   1.8939136e+02   2.1794835e+02
   1.9124369e+02   2.4802968e+02
   1.9617258e+02   2.7759149e+02
   2.0185095e+02   3.0723818e+02
   2.1191627e+02   3.3529727e+02
   2.2944471e+02   3.5952924e+02
   2.5199871e+02   3.7915433e+02
   2.7986642e+02   3.8985190e+02
   3.0960030e+02   3.9029815e+02
   3.3853449e+02   3.8828000e+02
   3.6255601e+02   3.7198617e+02
   3.8035561e+02   3.4854833e+02
   3.9492194e+02   3.2304048e+02
   4.0288047e+02   2.9480993e+02
   4.0682132e+02   2.6594548e+02
   4.0984885e+02   2.3665564e+02
   4.1258702e+02   2.0759994e+02
   2.0923488e+02   1.8968070e+02
   2.1926929e+02   1.7401909e+02
   2.3529427e+02   1.6394451e+02
   2.5247037e+02   1.5610289e+02
   2.7108192e+02   1.5438050e+02
   3.3764491e+02   1.4700610e+02
   3.5435132e+02   1.4795159e+02
   3.7033563e+02   1.5198824e+02
   3.8449142e+02   1.6061979e+02
   3.9480276e+02   1.7342548e+02
   3.0607142e+02   1.8833988e+02
   3.0715194e+02   2.0781479e+02
   3.0803362e+02   2.2724095e+02
   3.0930477e+02   2.4659639e+02
   2.8435209e+02   2.6611160e+02
   2.9662876e+02   2.6796583e+02
   3.0888553e+02   2.6790560e+02
   3.1941811e+02   2.6661912e+02
   3.2939133e+02   2.6386718e+02
   2.3927686e+02   2.0295431e+02
   2.5220631e+02   1.9472780e+02
   2.6819838e+02   1.9480789e+02
   2.8062999e+02   2.0269670e+02
   2.6674864e+02   2.0760148e+02
   2.5230533e+02   2.0843257e+02
   3.3086556e+02   1.9657166e+02
   3.4217097e+02   1.8691469e+02
   3.5791081e+02   1.8562848e+02
   3.7108064e+02   1.9320047e+02
   3.5889348e+02   1.9992051e+02
   3.4460862e+02   2.0022871e+02
   2.6852086e+02   3.0507088e+02
   2.8076603e+02   2.9521079e+02
   2.9425223e+02   2.8739377e+02
   3.0911265e+02   2.9031893e+02
   3.2400009e+02   2.8739126e+02
   3.3784302e+02   2.9415456e+02
   3.5039421e+02   3.0325118e+02
   3.3757638e+02   3.0890077e+02
   3.2368486e+02   3.1098397e+02
   3.0967325e+02   3.1117325e+02
   2.9552142e+02   3.1132874e+02
   2.8155253e+02   3.0995592e+02
   2.7770208e+02   3.0320497e+02
   2.9330904e+02   2.9805903e+02
   3.0953749e+02   2.9750885e+02
   3.2604595e+02   2.9712105e+02
   3.4184192e+02   3.0150555e+02
   3.2561563e+02   2.9765554e+02
   3.0906915e+02   2.9775235e+02
   2.9293065e+02   2.9863441e+02
