   1.9009877e+02   1.9652364e+02
   1.8566744e+02   2.3581055e+02
   1.8803824e+02   2.7539510e+02
   1.9272579e+02   3.1490337e+02
   2.0598465e+02   3.5196075e+02
   2.2692492e+02   3.8569027e+02
   2.5591341e+02   4.1222701e+02
   2.9330716e+02   4.2507112e+02
   3.3239328e+02   4.2958679e+02
   3.7288067e+02   4.2381403e+02
   4.1126454e+02   4.1027623e+02
   4.4640350e+02   3.8937329e+02
   4.6823033e+02   3.5561666e+02
   4.8050782e+02   3.1660518e+02
   4.8466686e+02   2.7632599e+02
   4.8482457e+02   2.3523719e+02
   4.8466530e+02   1.9479154e+02
   2.2136014e+02   1.7476970e+02
   2.4003787e+02   1.6037014e+02
   2.6349494e+02   1.5563928e+02
   2.8677993e+02   1.5035549e+02
   3.0816753e+02   1.4118328e+02
   3.4297183e+02   1.4562506e+02
   3.6693867e+02   1.5192598e+02
   3.9165015e+02   1.5612640e+02
   4.1636173e+02   1.6021077e+02
   4.3828821e+02   1.7158335e+02
   3.3068338e+02   1.8480116e+02
   3.3082207e+02   2.1032163e+02
   3.3085899e+02   2.3573261e+02
   3.3047074e+02   2.6096006e+02
   2.9809945e+02   3.0129140e+02
   3.1443208e+02   3.0126770e+02
   3.3068465e+02   3.0136907e+02
   3.4786881e+02   3.0055793e+02
   3.6493694e+02   3.0010334e+02
   2.3653336e+02   2.0909338e+02
   2.5611902e+02   1.9748213e+02
   2.7882146e+02   1.9598428e+02
   2.9422840e+02   2.1143103e+02
   2.7478832e+02   2.1588343e+02
   2.5486770e+02   2.1621120e+02
   3.6597886e+02   2.1072499e+02
   3.8257399e+02   1.9688893e+02
   4.0426839e+02   1.9673567e+02
   4.2380043e+02   2.0632730e+02
   4.0516756e+02   2.1329539e+02
   3.8537877e+02   2.1392262e+02
   2.7990919e+02   3.4800068e+02
   2.9554928e+02   3.3470657e+02
   3.1069784e+02   3.2062394e+02
   3.3028278e+02   3.1851123e+02
   3.4956262e+02   3.2040545e+02
   3.6526106e+02   3.3266707e+02
   3.8150448e+02   3.4397523e+02
   3.7315283e+02   3.6249749e+02
   3.5344653e+02   3.6992532e+02
   3.3257582e+02   3.7275791e+02
   3.1184375e+02   3.7170704e+02
   2.9311610e+02   3.6351609e+02
   2.9267576e+02   3.4515792e+02
   3.0544232e+02   3.4283043e+02
   3.3107322e+02   3.3911615e+02
   3.5650044e+02   3.4102702e+02
   3.6900246e+02   3.4373343e+02
   3.5620733e+02   3.4643983e+02
   3.3131580e+02   3.4992926e+02
   3.0561336e+02   3.4748541e+02
