   1.8806640e+02   1.8886856e+02
   1.8220807e+02   2.2738617e+02
   1.8555755e+02   2.6647398e+02
   1.9074639e+02   3.0553447e+02
   2.0251499e+02   3.4268336e+02
   2.2430431e+02   3.7491288e+02
   2.5365166e+02   4.0071330e+02
   2.9098727e+02   4.1188497e+02
   3.2962700e+02   4.1646176e+02
   3.6940399e+02   4.1097364e+02
   4.0734953e+02   3.9773870e+02
   4.4185926e+02   3.7738323e+02
   4.6467665e+02   3.4491234e+02
   4.7734005e+02   3.0700977e+02
   4.8212450e+02   2.6738375e+02
   4.8271189e+02   2.2710232e+02
   4.8214170e+02   1.8718276e+02
   2.1130260e+02   1.6917709e+02
   2.2979733e+02   1.5433468e+02
   2.5361722e+02   1.5080634e+02
   2.7768819e+02   1.4991548e+02
   3.0119700e+02   1.5138259e+02
   3.5292258e+02   1.5102573e+02
   3.7517702e+02   1.4665071e+02
   3.9822766e+02   1.4800143e+02
   4.2134828e+02   1.4975338e+02
   4.4120868e+02   1.6062054e+02
   3.2902723e+02   1.7649727e+02
   3.2904062e+02   2.0188610e+02
   3.2884480e+02   2.2734817e+02
   3.2843876e+02   2.5250596e+02
   2.9651981e+02   2.8930320e+02
   3.1249106e+02   2.9046340e+02
   3.2844527e+02   2.9107110e+02
   3.4580231e+02   2.9009285e+02
   3.6284315e+02   2.8900673e+02
   2.3350547e+02   2.0066901e+02
   2.5317752e+02   1.9279057e+02
   2.7424444e+02   1.9150059e+02
   2.8968636e+02   2.0473713e+02
   2.7043602e+02   2.0784167e+02
   2.5123476e+02   2.0777999e+02
   3.6536557e+02   2.0297039e+02
   3.8298831e+02   1.9015810e+02
   4.0485799e+02   1.8969764e+02
   4.2469871e+02   1.9862047e+02
   4.0539134e+02   2.0446885e+02
   3.8534569e+02   2.0472411e+02
   2.8111031e+02   3.3413041e+02
   2.9518284e+02   3.2089629e+02
   3.0945749e+02   3.0772214e+02
   3.2771278e+02   3.0829398e+02
   3.4522739e+02   3.0743208e+02
   3.5888608e+02   3.1982448e+02
   3.7311644e+02   3.3115377e+02
   3.6437785e+02   3.4696988e+02
   3.4633169e+02   3.5235146e+02
   3.2775699e+02   3.5391883e+02
   3.1006104e+02   3.5300733e+02
   2.9372266e+02   3.4627583e+02
   2.9298969e+02   3.3092736e+02
   3.0486907e+02   3.3064507e+02
   3.2843533e+02   3.2954187e+02
   3.5087115e+02   3.2975244e+02
   3.6199380e+02   3.3022638e+02
   3.5068373e+02   3.3070032e+02
   3.2841392e+02   3.3116395e+02
   3.0457272e+02   3.3120965e+02
