   1.9823316e+02   1.9640225e+02
   1.9466424e+02   2.3705258e+02
   1.9321638e+02   2.7751867e+02
   1.9631660e+02   3.1780576e+02
   2.1067677e+02   3.5566599e+02
   2.3218069e+02   3.8977775e+02
   2.6404576e+02   4.1465243e+02
   3.0140332e+02   4.3014895e+02
   3.4111524e+02   4.3677538e+02
   3.8173213e+02   4.2911485e+02
   4.1992089e+02   4.1401688e+02
   4.5488565e+02   3.9220323e+02
   4.7988912e+02   3.5977739e+02
   4.9324775e+02   3.2086283e+02
   4.9821258e+02   2.8001077e+02
   4.9930123e+02   2.3892489e+02
   4.9498258e+02   1.9807777e+02
   2.3230193e+02   1.7482692e+02
   2.5166179e+02   1.6051323e+02
   2.7568081e+02   1.5579908e+02
   2.9915083e+02   1.4973546e+02
   3.2003548e+02   1.3739595e+02
   3.5417055e+02   1.4589070e+02
   3.7779647e+02   1.5345859e+02
   4.0205817e+02   1.5832965e+02
   4.2630870e+02   1.6336062e+02
   4.4775467e+02   1.7485993e+02
   3.4043637e+02   1.8651754e+02
   3.4032271e+02   2.1214875e+02
   3.4012695e+02   2.3763775e+02
   3.3946933e+02   2.6295841e+02
   3.0647081e+02   3.0368586e+02
   3.2292337e+02   3.0363446e+02
   3.3928214e+02   3.0382417e+02
   3.5650309e+02   3.0322331e+02
   3.7363738e+02   3.0305926e+02
   2.4641552e+02   2.0833957e+02
   2.6631793e+02   1.9695611e+02
   2.8900981e+02   1.9657883e+02
   3.0407166e+02   2.1257425e+02
   2.8457608e+02   2.1707752e+02
   2.6464384e+02   2.1618664e+02
   3.7614052e+02   2.1270604e+02
   3.9235418e+02   1.9883695e+02
   4.1398576e+02   1.9911910e+02
   4.3319876e+02   2.0900924e+02
   4.1526935e+02   2.1728455e+02
   3.9545217e+02   2.1692961e+02
   2.8167353e+02   3.4618985e+02
   3.0087823e+02   3.3584982e+02
   3.1896435e+02   3.2346365e+02
   3.4009999e+02   3.2359820e+02
   3.6089457e+02   3.2388883e+02
   3.7847221e+02   3.3574725e+02
   3.9630628e+02   3.4716911e+02
   3.8229819e+02   3.6396179e+02
   3.6250555e+02   3.7356396e+02
   3.4088782e+02   3.7701745e+02
   3.1769061e+02   3.7496502e+02
   2.9736762e+02   3.6335044e+02
   2.9637433e+02   3.4691921e+02
   3.1107512e+02   3.4303278e+02
   3.4033394e+02   3.4188753e+02
   3.6850643e+02   3.4320838e+02
   3.8240635e+02   3.4649497e+02
   3.6816766e+02   3.4978155e+02
   3.4035511e+02   3.5284995e+02
   3.1073945e+02   3.5080564e+02
