   1.8928789e+02   1.9653177e+02
   1.8448089e+02   2.3560092e+02
   1.8719195e+02   2.7502838e+02
   1.9212549e+02   3.1438649e+02
   2.0498865e+02   3.5146905e+02
   2.2636278e+02   3.8459532e+02
   2.5566781e+02   4.1071042e+02
   2.9307690e+02   4.2292250e+02
   3.3203675e+02   4.2742005e+02
   3.7224972e+02   4.2156121e+02
   4.1042412e+02   4.0796206e+02
   4.4526236e+02   3.8712173e+02
   4.6747114e+02   3.5381800e+02
   4.7981411e+02   3.1517984e+02
   4.8411182e+02   2.7510586e+02
   4.8433867e+02   2.3431254e+02
   4.8375356e+02   1.9404857e+02
   2.1763311e+02   1.7546021e+02
   2.3622437e+02   1.6084381e+02
   2.5982352e+02   1.5648464e+02
   2.8339551e+02   1.5271885e+02
   3.0553347e+02   1.4728250e+02
   3.4655611e+02   1.4997384e+02
   3.6988320e+02   1.5231802e+02
   3.9397526e+02   1.5542100e+02
   4.1809334e+02   1.5860853e+02
   4.3927502e+02   1.6973662e+02
   3.3003655e+02   1.8421004e+02
   3.3019702e+02   2.0968628e+02
   3.3021680e+02   2.3511962e+02
   3.2988851e+02   2.6032646e+02
   2.9777749e+02   2.9946845e+02
   3.1398330e+02   2.9983093e+02
   3.3013117e+02   3.0007323e+02
   3.4737797e+02   2.9915586e+02
   3.6443648e+02   2.9842751e+02
   2.3545696e+02   2.0865501e+02
   2.5505694e+02   1.9836764e+02
   2.7715300e+02   1.9692113e+02
   2.9260406e+02   2.1152727e+02
   2.7324306e+02   2.1554365e+02
   2.5358663e+02   2.1574255e+02
   3.6581121e+02   2.1023751e+02
   3.8273080e+02   1.9672557e+02
   4.0448701e+02   1.9640910e+02
   4.2414952e+02   2.0570586e+02
   4.0531371e+02   2.1236659e+02
   3.8542987e+02   2.1288116e+02
   2.8050605e+02   3.4538472e+02
   2.9566064e+02   3.3217415e+02
   3.1055461e+02   3.1844230e+02
   3.2970551e+02   3.1734297e+02
   3.4839151e+02   3.1810654e+02
   3.6344468e+02   3.3035637e+02
   3.7903929e+02   3.4162973e+02
   3.7038881e+02   3.5912034e+02
   3.5131115e+02   3.6593128e+02
   3.3126567e+02   3.6838060e+02
   3.1155815e+02   3.6740370e+02
   2.9362788e+02   3.5967872e+02
   2.9301074e+02   3.4246385e+02
   3.0551542e+02   3.4083249e+02
   3.3051289e+02   3.3809813e+02
   3.5494183e+02   3.3928717e+02
   3.6699056e+02   3.4119273e+02
   3.5469610e+02   3.4309829e+02
   3.3066887e+02   3.4553031e+02
   3.0550500e+02   3.4409521e+02
