   1.9838349e+02   1.9791851e+02
   1.9505576e+02   2.3864953e+02
   1.9393170e+02   2.7919136e+02
   1.9731712e+02   3.1952734e+02
   2.1193220e+02   3.5735448e+02
   2.3366463e+02   3.9141222e+02
   2.6567346e+02   4.1618884e+02
   3.0320282e+02   4.3144535e+02
   3.4302602e+02   4.3778992e+02
   3.8368267e+02   4.2990515e+02
   4.2186478e+02   4.1457510e+02
   4.5677721e+02   3.9251730e+02
   4.8154344e+02   3.5982441e+02
   4.9465881e+02   3.2073324e+02
   4.9935502e+02   2.7977411e+02
   5.0016555e+02   2.3858893e+02
   4.9569051e+02   1.9769018e+02
   2.3242481e+02   1.7605951e+02
   2.5172148e+02   1.6160175e+02
   2.7574149e+02   1.5671441e+02
   2.9920652e+02   1.5045597e+02
   3.2004129e+02   1.3790088e+02
   3.5409456e+02   1.4616833e+02
   3.7784421e+02   1.5371391e+02
   4.0221637e+02   1.5846646e+02
   4.2657773e+02   1.6336611e+02
   4.4817526e+02   1.7476007e+02
   3.4076673e+02   1.8710387e+02
   3.4081814e+02   2.1278604e+02
   3.4078733e+02   2.3832463e+02
   3.4029078e+02   2.6369859e+02
   3.0748595e+02   3.0474666e+02
   3.2397288e+02   3.0457929e+02
   3.4036682e+02   3.0466010e+02
   3.5761535e+02   3.0394927e+02
   3.7478163e+02   3.0368075e+02
   2.4670686e+02   2.0960786e+02
   2.6657049e+02   1.9802562e+02
   2.8932684e+02   1.9747887e+02
   3.0452487e+02   2.1342913e+02
   2.8501693e+02   2.1807753e+02
   2.6503025e+02   2.1734132e+02
   3.7668018e+02   2.1311151e+02
   3.9283664e+02   1.9910259e+02
   4.1451238e+02   1.9924589e+02
   4.3382814e+02   2.0903917e+02
   4.1590611e+02   2.1742478e+02
   3.9605105e+02   2.1721908e+02
   2.8302029e+02   3.4761253e+02
   3.0213611e+02   3.3706267e+02
   3.2012423e+02   3.2448831e+02
   3.4128378e+02   3.2440515e+02
   3.6210833e+02   3.2464173e+02
   3.7977586e+02   3.3642329e+02
   3.9770420e+02   3.4775509e+02
   3.8390981e+02   3.6474407e+02
   3.6411763e+02   3.7446217e+02
   3.4246608e+02   3.7805725e+02
   3.1922889e+02   3.7616558e+02
   2.9880031e+02   3.6471509e+02
   2.9770661e+02   3.4808327e+02
   3.1239294e+02   3.4419845e+02
   3.4164444e+02   3.4277603e+02
   3.6985487e+02   3.4396178e+02
   3.8377954e+02   3.4727107e+02
   3.6955562e+02   3.5058036e+02
   3.4174149e+02   3.5387534e+02
   3.1212275e+02   3.5196809e+02
