   1.9657058e+02   1.9648835e+02
   1.9236008e+02   2.3678103e+02
   1.9251686e+02   2.7716949e+02
   1.9605921e+02   3.1745493e+02
   2.0981783e+02   3.5526657e+02
   2.3064504e+02   3.8993855e+02
   2.6074811e+02   4.1641947e+02
   2.9829354e+02   4.3121486e+02
   3.3799527e+02   4.3705299e+02
   3.7906101e+02   4.3078330e+02
   4.1789128e+02   4.1680149e+02
   4.5357315e+02   3.9559222e+02
   4.7707041e+02   3.6210196e+02
   4.9022554e+02   3.2272637e+02
   4.9504515e+02   2.8179619e+02
   4.9593294e+02   2.4022481e+02
   4.9449103e+02   1.9917782e+02
   2.3112687e+02   1.7456220e+02
   2.5042415e+02   1.6036679e+02
   2.7428239e+02   1.5559997e+02
   2.9773485e+02   1.4928613e+02
   3.1876838e+02   1.3674502e+02
   3.5006974e+02   1.4423580e+02
   3.7433457e+02   1.5353647e+02
   3.9933382e+02   1.5888732e+02
   4.2431624e+02   1.6413409e+02
   4.4651132e+02   1.7597884e+02
   3.3898702e+02   1.8701622e+02
   3.3878533e+02   2.1281208e+02
   3.3851282e+02   2.3844584e+02
   3.3775414e+02   2.6392071e+02
   3.0435186e+02   3.0512333e+02
   3.2094007e+02   3.0501433e+02
   3.3742591e+02   3.0521720e+02
   3.5473299e+02   3.0469715e+02
   3.7197141e+02   3.0466413e+02
   2.4418889e+02   2.0951770e+02
   2.6417218e+02   1.9735522e+02
   2.8739356e+02   1.9651604e+02
   3.0260423e+02   2.1292153e+02
   2.8290119e+02   2.1750607e+02
   2.6267112e+02   2.1719125e+02
   3.7426070e+02   2.1350076e+02
   3.9075755e+02   1.9949992e+02
   4.1255990e+02   1.9981299e+02
   4.3194706e+02   2.0993954e+02
   4.1353012e+02   2.1756110e+02
   3.9362020e+02   2.1764919e+02
   2.8216189e+02   3.5058415e+02
   2.9989532e+02   3.3860234e+02
   3.1673679e+02   3.2510937e+02
   3.3743167e+02   3.2359974e+02
   3.5784351e+02   3.2558399e+02
   3.7475736e+02   3.3790957e+02
   3.9210054e+02   3.4952224e+02
   3.8115429e+02   3.6790791e+02
   3.6083719e+02   3.7653327e+02
   3.3898614e+02   3.7969152e+02
   3.1643605e+02   3.7795572e+02
   2.9648741e+02   3.6774512e+02
   2.9606115e+02   3.4958695e+02
   3.0996042e+02   3.4616004e+02
   3.3780027e+02   3.4325444e+02
   3.6518258e+02   3.4554134e+02
   3.7864156e+02   3.4896735e+02
   3.6477913e+02   3.5239336e+02
   3.3787184e+02   3.5608081e+02
   3.0994987e+02   3.5301386e+02
