   1.9269475e+02   1.9743527e+02
   1.8818398e+02   2.3704724e+02
   1.9025171e+02   2.7697858e+02
   1.9462278e+02   3.1684865e+02
   2.0794150e+02   3.5419746e+02
   2.2850402e+02   3.8865858e+02
   2.5719885e+02   4.1589726e+02
   2.9475200e+02   4.2936596e+02
   3.3412990e+02   4.3409131e+02
   3.7509968e+02   4.2867248e+02
   4.1397332e+02   4.1539283e+02
   4.4968537e+02   3.9457226e+02
   4.7150852e+02   3.6038215e+02
   4.8403740e+02   3.2094193e+02
   4.8836430e+02   2.8030692e+02
   4.8870760e+02   2.3875064e+02
   4.8924809e+02   1.9793073e+02
   2.2606098e+02   1.7530860e+02
   2.4498496e+02   1.6106687e+02
   2.6852080e+02   1.5621619e+02
   2.9181620e+02   1.5010723e+02
   3.1297110e+02   1.3874894e+02
   3.4403079e+02   1.4436409e+02
   3.6851985e+02   1.5334031e+02
   3.9377963e+02   1.5840528e+02
   4.1902528e+02   1.6321411e+02
   4.4152111e+02   1.7496027e+02
   3.3413767e+02   1.8684586e+02
   3.3410901e+02   2.1256446e+02
   3.3400304e+02   2.3813119e+02
   3.3342218e+02   2.6353678e+02
   3.0042344e+02   3.0467578e+02
   3.1694562e+02   3.0451241e+02
   3.3337144e+02   3.0462618e+02
   3.5063563e+02   3.0397914e+02
   3.6782470e+02   3.0379443e+02
   2.3946101e+02   2.1070169e+02
   2.5924014e+02   1.9828328e+02
   2.8249427e+02   1.9684686e+02
   2.9788752e+02   2.1301204e+02
   2.7823583e+02   2.1764541e+02
   2.5800888e+02   2.1797705e+02
   3.6918459e+02   2.1309383e+02
   3.8579177e+02   1.9906303e+02
   4.0759683e+02   1.9913468e+02
   4.2712788e+02   2.0909271e+02
   4.0842266e+02   2.1613303e+02
   3.8855655e+02   2.1674915e+02
   2.8148466e+02   3.5225511e+02
   2.9748300e+02   3.3880221e+02
   3.1287115e+02   3.2443095e+02
   3.3282282e+02   3.2169523e+02
   3.5253359e+02   3.2451636e+02
   3.6859606e+02   3.3699014e+02
   3.8522706e+02   3.4850132e+02
   3.7711248e+02   3.6782478e+02
   3.5682269e+02   3.7547892e+02
   3.3529284e+02   3.7841131e+02
   3.1387239e+02   3.7720682e+02
   2.9462853e+02   3.6867535e+02
   2.9444552e+02   3.4946792e+02
   3.0740639e+02   3.4674202e+02
   3.3349881e+02   3.4244262e+02
   3.5960939e+02   3.4502075e+02
   3.7241823e+02   3.4823231e+02
   3.5924188e+02   3.5144387e+02
   3.3371866e+02   3.5548340e+02
   3.0767656e+02   3.5219381e+02
