   2.4933081e+02   2.2638300e+02
   2.4977982e+02   2.6154475e+02
   2.5398768e+02   2.9592595e+02
   2.6082342e+02   3.3011431e+02
   2.7215797e+02   3.6300607e+02
   2.8999591e+02   3.9297521e+02
   3.1497890e+02   4.1748776e+02
   3.4447975e+02   4.3558876e+02
   3.7856801e+02   4.3895968e+02
   4.1508149e+02   4.3464116e+02
   4.4764306e+02   4.1735043e+02
   4.7695187e+02   3.9447106e+02
   4.9906436e+02   3.6527414e+02
   5.1349187e+02   3.3143182e+02
   5.1955181e+02   2.9473680e+02
   5.2528104e+02   2.5824351e+02
   5.2432132e+02   2.2164112e+02
   2.6100960e+02   2.1533263e+02
   2.7855169e+02   1.9772356e+02
   3.0247483e+02   1.9094097e+02
   3.2706477e+02   1.9442012e+02
   3.5129498e+02   2.0054308e+02
   3.9984965e+02   1.9981625e+02
   4.2584496e+02   1.9287306e+02
   4.5229213e+02   1.8868368e+02
   4.7864320e+02   1.9233819e+02
   4.9930879e+02   2.0820484e+02
   3.7606617e+02   2.2722796e+02
   3.7394971e+02   2.4991252e+02
   3.7264141e+02   2.7228045e+02
   3.7231172e+02   2.9472584e+02
   3.4232901e+02   3.2183082e+02
   3.5744372e+02   3.2473656e+02
   3.7252319e+02   3.2556724e+02
   3.9281497e+02   3.2496802e+02
   4.1284371e+02   3.2175518e+02
   2.8263743e+02   2.3781051e+02
   3.0349688e+02   2.2658720e+02
   3.2691932e+02   2.2789644e+02
   3.4685848e+02   2.4044267e+02
   3.2456627e+02   2.4593062e+02
   3.0214216e+02   2.4824205e+02
   4.1246912e+02   2.4329763e+02
   4.2999452e+02   2.2564343e+02
   4.5537682e+02   2.2457130e+02
   4.7787043e+02   2.3587452e+02
   4.5694241e+02   2.4398587e+02
   4.3458979e+02   2.4437904e+02
   3.1822490e+02   3.6108622e+02
   3.3595855e+02   3.4984690e+02
   3.5438211e+02   3.4066102e+02
   3.7421099e+02   3.4337604e+02
   3.9561711e+02   3.4133220e+02
   4.1463290e+02   3.5162032e+02
   4.3284152e+02   3.6385121e+02
   4.1545273e+02   3.7480990e+02
   3.9467144e+02   3.7919767e+02
   3.7334758e+02   3.7863996e+02
   3.5312731e+02   3.7852282e+02
   3.3437427e+02   3.7181066e+02
   3.3187074e+02   3.5820937e+02
   3.4551658e+02   3.5803128e+02
   3.7280095e+02   3.6006582e+02
   4.0337721e+02   3.5981306e+02
   4.1810936e+02   3.5988879e+02
   4.0298167e+02   3.5996451e+02
   3.7296641e+02   3.6039773e+02
   3.4536536e+02   3.5838746e+02
