   2.4934272e+02   2.2681672e+02
   2.4876654e+02   2.6186493e+02
   2.5167029e+02   2.9639627e+02
   2.6073937e+02   3.3018086e+02
   2.7169179e+02   3.6323484e+02
   2.8906974e+02   3.9327510e+02
   3.1434368e+02   4.1709634e+02
   3.4347011e+02   4.3608454e+02
   3.7750964e+02   4.3925957e+02
   4.1479341e+02   4.3570114e+02
   4.4924753e+02   4.2176487e+02
   4.7641320e+02   3.9575031e+02
   4.9949433e+02   3.6666918e+02
   5.1326140e+02   3.3198668e+02
   5.2038759e+02   2.9513584e+02
   5.2410842e+02   2.5792227e+02
   5.2394662e+02   2.2063209e+02
   2.6565292e+02   2.1644092e+02
   2.8664347e+02   2.0180238e+02
   3.1270964e+02   1.9926025e+02
   3.3854791e+02   2.0231428e+02
   3.6365723e+02   2.0817980e+02
   3.9433715e+02   2.0511452e+02
   4.2141041e+02   2.0349118e+02
   4.4772310e+02   1.9570550e+02
   4.7454738e+02   1.9809982e+02
   4.9756939e+02   2.1225886e+02
   3.7754166e+02   2.2884986e+02
   3.7539741e+02   2.5267834e+02
   3.7375056e+02   2.7626191e+02
   3.7209205e+02   2.9997838e+02
   3.4209359e+02   3.2398247e+02
   3.5848865e+02   3.2620113e+02
   3.7493956e+02   3.2647741e+02
   3.9502312e+02   3.2636611e+02
   4.1483885e+02   3.2413846e+02
   2.8414946e+02   2.3989651e+02
   3.0647661e+02   2.2867431e+02
   3.3130496e+02   2.3025046e+02
   3.4948437e+02   2.4671969e+02
   3.2657759e+02   2.4753333e+02
   3.0392807e+02   2.4993851e+02
   4.1165368e+02   2.4555882e+02
   4.2931725e+02   2.2636159e+02
   4.5555110e+02   2.2485663e+02
   4.7829905e+02   2.3780783e+02
   4.5689404e+02   2.4536064e+02
   4.3428484e+02   2.4560820e+02
   3.1839605e+02   3.6333827e+02
   3.3569728e+02   3.5138838e+02
   3.5423510e+02   3.4243456e+02
   3.7403152e+02   3.4628683e+02
   3.9442666e+02   3.4313188e+02
   4.1319271e+02   3.5240923e+02
   4.2929828e+02   3.6581007e+02
   4.1231844e+02   3.7535965e+02
   3.9245232e+02   3.7748713e+02
   3.7271443e+02   3.7627071e+02
   3.5325759e+02   3.7605663e+02
   3.3422498e+02   3.7322440e+02
   3.3213807e+02   3.5901444e+02
   3.4588010e+02   3.5885010e+02
   3.7345272e+02   3.5994289e+02
   4.0193716e+02   3.5983810e+02
   4.1561772e+02   3.5990248e+02
   4.0166678e+02   3.5996687e+02
   3.7342002e+02   3.6005821e+02
   3.4559119e+02   3.5917877e+02
