   2.5197625e+02   2.2603606e+02
   2.5185144e+02   2.6099779e+02
   2.5515883e+02   2.9551310e+02
   2.6355672e+02   3.2924018e+02
   2.7462343e+02   3.6230439e+02
   2.9200473e+02   3.9217293e+02
   3.1690412e+02   4.1637959e+02
   3.4558391e+02   4.3578675e+02
   3.7929977e+02   4.3900916e+02
   4.1630778e+02   4.3528139e+02
   4.5050262e+02   4.2056526e+02
   4.7843324e+02   3.9613844e+02
   5.0133875e+02   3.6660810e+02
   5.1516466e+02   3.3237153e+02
   5.2283309e+02   2.9571923e+02
   5.2702674e+02   2.5887920e+02
   5.2704421e+02   2.2174599e+02
   2.6815525e+02   2.1929596e+02
   2.8904458e+02   2.0296165e+02
   3.1527275e+02   1.9881680e+02
   3.4182920e+02   2.0290458e+02
   3.6750668e+02   2.1002653e+02
   3.9832330e+02   2.0499126e+02
   4.2504602e+02   2.0350095e+02
   4.5083845e+02   1.9596664e+02
   4.7730083e+02   1.9765852e+02
   4.9956850e+02   2.1209001e+02
   3.8164497e+02   2.2979604e+02
   3.7999356e+02   2.5337845e+02
   3.7828303e+02   2.7684203e+02
   3.7714479e+02   3.0026244e+02
   3.4536280e+02   3.2471879e+02
   3.6269761e+02   3.2589741e+02
   3.7983240e+02   3.2649708e+02
   3.9908966e+02   3.2591294e+02
   4.1825023e+02   3.2548205e+02
   2.8686246e+02   2.4054196e+02
   3.0877251e+02   2.2936545e+02
   3.3300080e+02   2.2948551e+02
   3.5137592e+02   2.4467758e+02
   3.2888507e+02   2.4768875e+02
   3.0647813e+02   2.5035356e+02
   4.1511918e+02   2.4617059e+02
   4.3213540e+02   2.2690861e+02
   4.5824306e+02   2.2551925e+02
   4.8110385e+02   2.3786570e+02
   4.6001929e+02   2.4579420e+02
   4.3759347e+02   2.4680166e+02
   3.2443975e+02   3.6496815e+02
   3.4084107e+02   3.5318240e+02
   3.5840361e+02   3.4323650e+02
   3.7781919e+02   3.4532867e+02
   3.9911550e+02   3.4384104e+02
   4.1765018e+02   3.5477648e+02
   4.3294608e+02   3.7019129e+02
   4.1465350e+02   3.7261065e+02
   3.9630073e+02   3.7700879e+02
   3.7761538e+02   3.7781031e+02
   3.5917642e+02   3.7605051e+02
   3.4158651e+02   3.7011276e+02
   3.3763973e+02   3.5962893e+02
   3.5083971e+02   3.5952988e+02
   3.7744727e+02   3.6049280e+02
   4.0621861e+02   3.6076606e+02
   4.1958235e+02   3.6088899e+02
   4.0585786e+02   3.6101191e+02
   3.7744788e+02   3.6072312e+02
   3.5046141e+02   3.5972798e+02
