   2.5130607e+02   2.2608971e+02
   2.5075069e+02   2.6116569e+02
   2.5382543e+02   2.9609042e+02
   2.6221057e+02   3.3001923e+02
   2.7325925e+02   3.6347057e+02
   2.9077191e+02   3.9346920e+02
   3.1599927e+02   4.1747018e+02
   3.4559894e+02   4.3632618e+02
   3.7955242e+02   4.3930808e+02
   4.1652666e+02   4.3553759e+02
   4.5044350e+02   4.2070609e+02
   4.7781745e+02   3.9572124e+02
   5.0099011e+02   3.6635528e+02
   5.1477360e+02   3.3227441e+02
   5.2176023e+02   2.9548614e+02
   5.2611667e+02   2.5891485e+02
   5.2596049e+02   2.2179306e+02
   2.6670354e+02   2.1899633e+02
   2.8764660e+02   2.0294095e+02
   3.1356024e+02   1.9862979e+02
   3.3992757e+02   2.0215934e+02
   3.6547549e+02   2.0899152e+02
   3.9790829e+02   2.0483798e+02
   4.2482983e+02   2.0337794e+02
   4.5093126e+02   1.9589937e+02
   4.7768071e+02   1.9739621e+02
   5.0007596e+02   2.1206204e+02
   3.8027624e+02   2.3007635e+02
   3.7886474e+02   2.5379906e+02
   3.7707659e+02   2.7745203e+02
   3.7513908e+02   3.0106223e+02
   3.4560018e+02   3.2540682e+02
   3.6250740e+02   3.2611065e+02
   3.7922732e+02   3.2694825e+02
   3.9765602e+02   3.2610802e+02
   4.1584648e+02   3.2606715e+02
   2.8627093e+02   2.4052090e+02
   3.0815388e+02   2.2961213e+02
   3.3229116e+02   2.3028242e+02
   3.5070959e+02   2.4517516e+02
   3.2823966e+02   2.4793667e+02
   3.0567656e+02   2.5064125e+02
   4.1363596e+02   2.4524203e+02
   4.3141533e+02   2.2655269e+02
   4.5744321e+02   2.2530547e+02
   4.8004132e+02   2.3800999e+02
   4.5869358e+02   2.4555148e+02
   4.3619406e+02   2.4696374e+02
   3.2126101e+02   3.6570277e+02
   3.3700875e+02   3.5277528e+02
   3.5543676e+02   3.4442680e+02
   3.7521831e+02   3.4651750e+02
   3.9652355e+02   3.4334117e+02
   4.1599089e+02   3.5327671e+02
   4.3146110e+02   3.6875645e+02
   4.1373753e+02   3.7587093e+02
   3.9480025e+02   3.8010175e+02
   3.7569357e+02   3.8132023e+02
   3.5640546e+02   3.7964457e+02
   3.3754878e+02   3.7543616e+02
   3.3494575e+02   3.6131303e+02
   3.4863049e+02   3.6115477e+02
   3.7619460e+02   3.6232619e+02
   4.0431563e+02   3.6218004e+02
   4.1788837e+02   3.6237066e+02
   4.0415612e+02   3.6256127e+02
   3.7620863e+02   3.6259221e+02
   3.4838451e+02   3.6147130e+02
