   2.4936764e+02   2.2686042e+02
   2.4878709e+02   2.6190569e+02
   2.5168908e+02   2.9643345e+02
   2.6074903e+02   3.3021771e+02
   2.7169775e+02   3.6326849e+02
   2.8907379e+02   3.9330811e+02
   3.1434624e+02   4.1712646e+02
   3.4347846e+02   4.3610180e+02
   3.7751796e+02   4.3927877e+02
   4.1479532e+02   4.3572149e+02
   4.4923668e+02   4.2177963e+02
   4.7640118e+02   3.9576784e+02
   4.9947916e+02   3.6669836e+02
   5.1325007e+02   3.3202235e+02
   5.2036267e+02   2.9517537e+02
   5.2409276e+02   2.5796853e+02
   5.2392664e+02   2.2068590e+02
   2.6564773e+02   2.1643826e+02
   2.8661816e+02   2.0180798e+02
   3.1266519e+02   1.9926240e+02
   3.3848274e+02   2.0230570e+02
   3.6357541e+02   2.0815760e+02
   3.9435970e+02   2.0513723e+02
   4.2142824e+02   2.0348427e+02
   4.4774601e+02   1.9571998e+02
   4.7456901e+02   1.9813105e+02
   4.9758240e+02   2.1229754e+02
   3.7751849e+02   2.2887768e+02
   3.7536788e+02   2.5269947e+02
   3.7372166e+02   2.7627475e+02
   3.7205923e+02   2.9998473e+02
   3.4209453e+02   3.2399469e+02
   3.5846640e+02   3.2622868e+02
   3.7489687e+02   3.2650667e+02
   3.9498492e+02   3.2639883e+02
   4.1480271e+02   3.2414774e+02
   2.8415898e+02   2.3991426e+02
   3.0648025e+02   2.2869621e+02
   3.3130352e+02   2.3029260e+02
   3.4948701e+02   2.4675241e+02
   3.2658197e+02   2.4756346e+02
   3.0393324e+02   2.4996287e+02
   4.1164446e+02   2.4558211e+02
   4.2931743e+02   2.2640146e+02
   4.5554379e+02   2.2490069e+02
   4.7828337e+02   2.3785130e+02
   4.5687854e+02   2.4539816e+02
   4.3427157e+02   2.4563729e+02
   3.1834610e+02   3.6333159e+02
   3.3565615e+02   3.5138194e+02
   3.5420696e+02   3.4244876e+02
   3.7400660e+02   3.4631672e+02
   3.9439405e+02   3.4314285e+02
   4.1316492e+02   3.5240192e+02
   4.2928966e+02   3.6577166e+02
   4.1232734e+02   3.7543311e+02
   3.9243781e+02   3.7754358e+02
   3.7267922e+02   3.7630705e+02
   3.5320481e+02   3.7611077e+02
   3.3415401e+02   3.7329996e+02
   3.3209440e+02   3.5903552e+02
   3.4584270e+02   3.5887009e+02
   3.7342537e+02   3.5997301e+02
   4.0191135e+02   3.5986349e+02
   4.1560051e+02   3.5992752e+02
   4.0164228e+02   3.5999155e+02
   3.7339346e+02   3.6008835e+02
   3.4555627e+02   3.5920095e+02
