   2.5196831e+02   2.2605012e+02
   2.5205049e+02   2.6095962e+02
   2.5548673e+02   2.9527641e+02
   2.6391963e+02   3.2890993e+02
   2.7501855e+02   3.6177661e+02
   2.9237258e+02   3.9157544e+02
   3.1716448e+02   4.1582670e+02
   3.4549226e+02   4.3538786e+02
   3.7912349e+02   4.3868733e+02
   4.1613544e+02   4.3494358e+02
   4.5040481e+02   4.2023858e+02
   4.7853727e+02   3.9598242e+02
   5.0128209e+02   3.6640614e+02
   5.1510354e+02   3.3208247e+02
   5.2296554e+02   2.9548272e+02
   5.2706220e+02   2.5851831e+02
   5.2708876e+02   2.2139618e+02
   2.6837867e+02   2.1911838e+02
   2.8914594e+02   2.0272228e+02
   3.1543364e+02   1.9866435e+02
   3.4197418e+02   2.0289470e+02
   3.6763465e+02   2.1001634e+02
   3.9815296e+02   2.0479956e+02
   4.2478169e+02   2.0312885e+02
   4.5047015e+02   1.9561787e+02
   4.7681729e+02   1.9746570e+02
   4.9904031e+02   2.1178745e+02
   3.8173948e+02   2.2941461e+02
   3.7996036e+02   2.5292113e+02
   3.7831929e+02   2.7627437e+02
   3.7754347e+02   2.9959782e+02
   3.4495630e+02   3.2416081e+02
   3.6236106e+02   3.2564237e+02
   3.7957997e+02   3.2610670e+02
   3.9927484e+02   3.2564886e+02
   4.1892121e+02   3.2484653e+02
   2.8677609e+02   2.4038739e+02
   3.0868080e+02   2.2907296e+02
   3.3295847e+02   2.2904911e+02
   3.5134837e+02   2.4436709e+02
   3.2883706e+02   2.4743113e+02
   3.0649381e+02   2.5007165e+02
   4.1538022e+02   2.4630389e+02
   4.3208871e+02   2.2682448e+02
   4.5821118e+02   2.2535055e+02
   4.8117498e+02   2.3752614e+02
   4.6020503e+02   2.4562256e+02
   4.3781085e+02   2.4640672e+02
   3.2533555e+02   3.6431187e+02
   3.4210032e+02   3.5302527e+02
   3.5934706e+02   3.4244131e+02
   3.7862976e+02   3.4464273e+02
   3.9985981e+02   3.4376692e+02
   4.1801093e+02   3.5500551e+02
   4.3336140e+02   3.7016756e+02
   4.1492851e+02   3.7118230e+02
   3.9668926e+02   3.7552574e+02
   3.7806597e+02   3.7599743e+02
   3.5989967e+02   3.7435456e+02
   3.4275249e+02   3.6784328e+02
   3.3835871e+02   3.5865652e+02
   3.5138187e+02   3.5857748e+02
   3.7763445e+02   3.5945972e+02
   4.0671122e+02   3.5985716e+02
   4.2003631e+02   3.5994537e+02
   4.0626644e+02   3.6003358e+02
   3.7763130e+02   3.5966948e+02
   3.5095649e+02   3.5873556e+02
