   2.4874097e+02   2.2667200e+02
   2.4825061e+02   2.6176278e+02
   2.5127277e+02   2.9641479e+02
   2.6019630e+02   3.3025553e+02
   2.7123547e+02   3.6342066e+02
   2.8870378e+02   3.9345218e+02
   3.1400076e+02   4.1733780e+02
   3.4325543e+02   4.3631271e+02
   3.7729721e+02   4.3940927e+02
   4.1453276e+02   4.3573800e+02
   4.4887214e+02   4.2148333e+02
   4.7614272e+02   3.9574772e+02
   4.9921810e+02   3.6650566e+02
   5.1296523e+02   3.3192730e+02
   5.2006122e+02   2.9505130e+02
   5.2391289e+02   2.5795493e+02
   5.2371544e+02   2.2066900e+02
   2.6484552e+02   2.1724143e+02
   2.8581863e+02   2.0212036e+02
   3.1188885e+02   1.9903330e+02
   3.3792866e+02   2.0223800e+02
   3.6321222e+02   2.0838053e+02
   3.9433789e+02   2.0489137e+02
   4.2138097e+02   2.0326752e+02
   4.4763056e+02   1.9552825e+02
   4.7444585e+02   1.9764627e+02
   4.9731912e+02   2.1192418e+02
   3.7737278e+02   2.2908666e+02
   3.7545190e+02   2.5290342e+02
   3.7379952e+02   2.7652157e+02
   3.7215201e+02   3.0022164e+02
   3.4211190e+02   3.2440641e+02
   3.5870862e+02   3.2620318e+02
   3.7528748e+02   3.2660374e+02
   3.9497772e+02   3.2627328e+02
   4.1441714e+02   3.2462111e+02
   2.8364503e+02   2.4011731e+02
   3.0585524e+02   2.2892291e+02
   3.3051944e+02   2.3016309e+02
   3.4881089e+02   2.4618720e+02
   3.2600428e+02   2.4762364e+02
   3.0336798e+02   2.5014531e+02
   4.1134138e+02   2.4541385e+02
   4.2897642e+02   2.2627650e+02
   4.5518498e+02   2.2479989e+02
   4.7795344e+02   2.3763540e+02
   4.5656995e+02   2.4525248e+02
   4.3397192e+02   2.4583777e+02
   3.1851078e+02   3.6411012e+02
   3.3541620e+02   3.5192740e+02
   3.5386671e+02   3.4299240e+02
   3.7365951e+02   3.4631008e+02
   3.9434043e+02   3.4324813e+02
   4.1327472e+02   3.5278059e+02
   4.2922339e+02   3.6677363e+02
   4.1197457e+02   3.7529517e+02
   3.9240070e+02   3.7807806e+02
   3.7285098e+02   3.7756235e+02
   3.5348238e+02   3.7694279e+02
   3.3457041e+02   3.7359496e+02
   3.3221272e+02   3.5965599e+02
   3.4591466e+02   3.5949752e+02
   3.7344633e+02   3.6056379e+02
   4.0191214e+02   3.6044107e+02
   4.1556777e+02   3.6053723e+02
   4.0165837e+02   3.6063339e+02
   3.7342663e+02   3.6072066e+02
   3.4562843e+02   3.5981447e+02
