   2.5004655e+02   2.2616372e+02
   2.4961503e+02   2.6120371e+02
   2.5276534e+02   2.9569638e+02
   2.6111018e+02   3.2958484e+02
   2.7206883e+02   3.6261336e+02
   2.8949324e+02   3.9264735e+02
   3.1463239e+02   4.1665360e+02
   3.4389938e+02   4.3534902e+02
   3.7792597e+02   4.3862690e+02
   4.1493995e+02   4.3494430e+02
   4.4880710e+02   4.2015317e+02
   4.7651136e+02   3.9504378e+02
   4.9938532e+02   3.6606297e+02
   5.1339506e+02   3.3172247e+02
   5.2019505e+02   2.9497046e+02
   5.2458386e+02   2.5806298e+02
   5.2425694e+02   2.2102719e+02
   2.6493370e+02   2.1551027e+02
   2.8495188e+02   2.0016319e+02
   3.1033263e+02   1.9648564e+02
   3.3572109e+02   1.9962240e+02
   3.6049218e+02   2.0554515e+02
   3.9644868e+02   2.0342614e+02
   4.2321667e+02   2.0034416e+02
   4.4958679e+02   1.9366809e+02
   4.7626710e+02   1.9647667e+02
   4.9857108e+02   2.1117586e+02
   3.7748910e+02   2.2814918e+02
   3.7531891e+02   2.5162855e+02
   3.7370879e+02   2.7484779e+02
   3.7226667e+02   2.9819010e+02
   3.4258004e+02   3.2294612e+02
   3.5849817e+02   3.2536091e+02
   3.7445851e+02   3.2585487e+02
   3.9448621e+02   3.2563241e+02
   4.1423215e+02   3.2318031e+02
   2.8434513e+02   2.3878629e+02
   3.0624841e+02   2.2766593e+02
   3.3063228e+02   2.2932398e+02
   3.4925541e+02   2.4468221e+02
   3.2654331e+02   2.4669676e+02
   3.0396483e+02   2.4901510e+02
   4.1216351e+02   2.4459216e+02
   4.2991255e+02   2.2598508e+02
   4.5585464e+02   2.2468384e+02
   4.7842851e+02   2.3725514e+02
   4.5713551e+02   2.4484713e+02
   4.3462263e+02   2.4511389e+02
   3.1821604e+02   3.6213368e+02
   3.3558029e+02   3.5030368e+02
   3.5420838e+02   3.4156644e+02
   3.7402938e+02   3.4517647e+02
   3.9466577e+02   3.4214641e+02
   4.1356978e+02   3.5158010e+02
   4.3026275e+02   3.6462701e+02
   4.1326963e+02   3.7527984e+02
   3.9305453e+02   3.7792643e+02
   3.7281801e+02   3.7685327e+02
   3.5304429e+02   3.7666568e+02
   3.3394566e+02   3.7296992e+02
   3.3198523e+02   3.5844133e+02
   3.4575442e+02   3.5826456e+02
   3.7333674e+02   3.5972145e+02
   4.0228651e+02   3.5958681e+02
   4.1627463e+02   3.5966094e+02
   4.0200761e+02   3.5973508e+02
   3.7336105e+02   3.5990075e+02
   3.4552327e+02   3.5861810e+02
