   2.5011167e+02   2.2616368e+02
   2.4948980e+02   2.6122316e+02
   2.5243441e+02   2.9578107e+02
   2.6106213e+02   3.2966601e+02
   2.7195708e+02   3.6276258e+02
   2.8933000e+02   3.9285076e+02
   3.1454709e+02   4.1677191e+02
   3.4385918e+02   4.3554084e+02
   3.7793277e+02   4.3879997e+02
   4.1507442e+02   4.3523153e+02
   4.4918563e+02   4.2087771e+02
   4.7659852e+02   3.9527837e+02
   4.9964117e+02   3.6634212e+02
   5.1359718e+02   3.3187386e+02
   5.2047339e+02   2.9506558e+02
   5.2463627e+02   2.5804714e+02
   5.2440203e+02   2.2090054e+02
   2.6551065e+02   2.1536328e+02
   2.8595565e+02   2.0047864e+02
   3.1157075e+02   1.9738754e+02
   3.3706582e+02   2.0039910e+02
   3.6191086e+02   2.0622059e+02
   3.9591278e+02   2.0400217e+02
   4.2285199e+02   2.0154418e+02
   4.4927818e+02   1.9445127e+02
   4.7606750e+02   1.9715975e+02
   4.9870240e+02   2.1168338e+02
   3.7767518e+02   2.2827448e+02
   3.7547245e+02   2.5192237e+02
   3.7380710e+02   2.7531403e+02
   3.7211809e+02   2.9884448e+02
   3.4263725e+02   3.2320845e+02
   3.5863306e+02   3.2558609e+02
   3.7469803e+02   3.2602178e+02
   3.9471152e+02   3.2587832e+02
   4.1442508e+02   3.2346969e+02
   2.8459740e+02   2.3891938e+02
   3.0671282e+02   2.2781912e+02
   3.3130233e+02   2.2964069e+02
   3.4971305e+02   2.4552708e+02
   3.2689576e+02   2.4684725e+02
   3.0425232e+02   2.4915251e+02
   4.1212645e+02   2.4476580e+02
   4.2999726e+02   2.2601691e+02
   4.5605770e+02   2.2468184e+02
   4.7864439e+02   2.3752087e+02
   4.5724488e+02   2.4499569e+02
   4.3467314e+02   2.4521365e+02
   3.1791796e+02   3.6236929e+02
   3.3526286e+02   3.5038071e+02
   3.5402825e+02   3.4182887e+02
   3.7389876e+02   3.4568504e+02
   3.9438297e+02   3.4233761e+02
   4.1333533e+02   3.5151534e+02
   4.2984429e+02   3.6460186e+02
   4.1299087e+02   3.7578178e+02
   3.9274745e+02   3.7801696e+02
   3.7259720e+02   3.7676577e+02
   3.5278984e+02   3.7664997e+02
   3.3348594e+02   3.7367228e+02
   3.3176876e+02   3.5863843e+02
   3.4561956e+02   3.5845592e+02
   3.7336549e+02   3.5984070e+02
   4.0203571e+02   3.5969047e+02
   4.1594000e+02   3.5976405e+02
   4.0178836e+02   3.5983764e+02
   3.7336584e+02   3.5999044e+02
   3.4538522e+02   3.5882093e+02
