   2.4969331e+02   2.2673519e+02
   2.4912137e+02   2.6175611e+02
   2.5201368e+02   2.9622340e+02
   2.6106787e+02   3.2998106e+02
   2.7198877e+02   3.6297813e+02
   2.8932596e+02   3.9300881e+02
   3.1455276e+02   4.1683881e+02
   3.4358458e+02   4.3585421e+02
   3.7759736e+02   4.3907711e+02
   4.1487157e+02   4.3555353e+02
   4.4933498e+02   4.2166939e+02
   4.7653939e+02   3.9568725e+02
   4.9959721e+02   3.6665247e+02
   5.1339052e+02   3.3196728e+02
   5.2056020e+02   2.9514819e+02
   5.2428459e+02   2.5791750e+02
   5.2414542e+02   2.2064855e+02
   2.6602878e+02   2.1616144e+02
   2.8697034e+02   2.0159044e+02
   3.1301492e+02   1.9913545e+02
   3.3878909e+02   2.0220183e+02
   3.6384167e+02   2.0803171e+02
   3.9457054e+02   2.0506368e+02
   4.2161597e+02   2.0337538e+02
   4.4792135e+02   1.9564081e+02
   4.7471395e+02   1.9813842e+02
   4.9771547e+02   2.1228556e+02
   3.7776480e+02   2.2870406e+02
   3.7554647e+02   2.5250161e+02
   3.7390076e+02   2.7604025e+02
   3.7229423e+02   2.9972286e+02
   3.4217928e+02   3.2371398e+02
   3.5852656e+02   3.2607270e+02
   3.7494590e+02   3.2632138e+02
   3.9516295e+02   3.2627722e+02
   4.1511784e+02   3.2389006e+02
   2.8443431e+02   2.3972122e+02
   3.0676614e+02   2.2849090e+02
   3.3160804e+02   2.3011990e+02
   3.4977070e+02   2.4665543e+02
   3.2685591e+02   2.4739528e+02
   3.0422242e+02   2.4975945e+02
   4.1192945e+02   2.4556940e+02
   4.2955643e+02   2.2636220e+02
   4.5577987e+02   2.2486045e+02
   4.7852082e+02   2.3779995e+02
   4.5713677e+02   2.4535587e+02
   4.3454090e+02   2.4549484e+02
   3.1863820e+02   3.6296128e+02
   3.3607263e+02   3.5115164e+02
   3.5457758e+02   3.4211116e+02
   3.7434579e+02   3.4607811e+02
   3.9468261e+02   3.4302240e+02
   4.1335004e+02   3.5231605e+02
   4.2950092e+02   3.6556212e+02
   4.1254684e+02   3.7509406e+02
   3.9263941e+02   3.7710195e+02
   3.7286718e+02   3.7570103e+02
   3.5343376e+02   3.7556904e+02
   3.3445685e+02   3.7269647e+02
   3.3235677e+02   3.5864770e+02
   3.4607535e+02   3.5848527e+02
   3.7358905e+02   3.5959709e+02
   4.0213402e+02   3.5953047e+02
   4.1581747e+02   3.5958375e+02
   4.0184677e+02   3.5963703e+02
   3.7355536e+02   3.5970381e+02
   3.4578027e+02   3.5881012e+02
