   2.4953644e+02   2.2634206e+02
   2.4903743e+02   2.6142662e+02
   2.5212739e+02   2.9624388e+02
   2.6075542e+02   3.3013390e+02
   2.7183567e+02   3.6346320e+02
   2.8936678e+02   3.9345900e+02
   3.1465453e+02   4.1738208e+02
   3.4415989e+02   4.3623153e+02
   3.7815879e+02   4.3921974e+02
   4.1522890e+02   4.3544620e+02
   4.4928208e+02   4.2079443e+02
   4.7658168e+02   3.9547373e+02
   4.9968363e+02   3.6614266e+02
   5.1341903e+02   3.3185353e+02
   5.2038307e+02   2.9502096e+02
   5.2451016e+02   2.5824273e+02
   5.2428723e+02   2.2106069e+02
   2.6516198e+02   2.1823994e+02
   2.8607703e+02   2.0254279e+02
   3.1202445e+02   1.9868134e+02
   3.3824123e+02   2.0203249e+02
   3.6367300e+02   2.0854199e+02
   3.9573272e+02   2.0467952e+02
   4.2270045e+02   2.0308666e+02
   4.4886499e+02   1.9550026e+02
   4.7564749e+02   1.9723166e+02
   4.9824315e+02   2.1173084e+02
   3.7832549e+02   2.2953804e+02
   3.7673368e+02   2.5329619e+02
   3.7502661e+02   2.7693215e+02
   3.7321794e+02   3.0057728e+02
   3.4357052e+02   3.2490176e+02
   3.6032435e+02   3.2603431e+02
   3.7696140e+02   3.2668377e+02
   3.9588941e+02   3.2602571e+02
   4.1456983e+02   3.2529837e+02
   2.8447974e+02   2.4030992e+02
   3.0647519e+02   2.2926885e+02
   3.3081865e+02   2.3016855e+02
   3.4921207e+02   2.4547648e+02
   3.2661067e+02   2.4773206e+02
   3.0401799e+02   2.5038381e+02
   4.1196528e+02   2.4510949e+02
   4.2968771e+02   2.2624588e+02
   4.5577905e+02   2.2488386e+02
   4.7844927e+02   2.3761895e+02
   4.5709074e+02   2.4520464e+02
   4.3455255e+02   2.4630860e+02
   3.1946793e+02   3.6497282e+02
   3.3566667e+02   3.5230887e+02
   3.5412166e+02   3.4374776e+02
   3.7392100e+02   3.4632268e+02
   3.9496770e+02   3.4312512e+02
   4.1425313e+02   3.5284581e+02
   4.2995842e+02   3.6768086e+02
   4.1245824e+02   3.7556514e+02
   3.9323469e+02   3.7922054e+02
   3.7392020e+02   3.7975212e+02
   3.5456514e+02   3.7854129e+02
   3.3564330e+02   3.7474160e+02
   3.3317167e+02   3.6056995e+02
   3.4687541e+02   3.6040943e+02
   3.7445431e+02   3.6152201e+02
   4.0271054e+02   3.6134202e+02
   4.1633448e+02   3.6149553e+02
   4.0251773e+02   3.6164904e+02
   3.7445634e+02   3.6174509e+02
   3.4661828e+02   3.6073046e+02
