   2.4866295e+02   2.2657268e+02
   2.4822970e+02   2.6166742e+02
   2.5134036e+02   2.9639834e+02
   2.6008271e+02   3.3026677e+02
   2.7116991e+02   3.6350862e+02
   2.8868748e+02   3.9351358e+02
   3.1396579e+02   4.1745141e+02
   3.4330971e+02   4.3639761e+02
   3.7731987e+02   4.3944076e+02
   4.1446850e+02   4.3568922e+02
   4.4865762e+02   4.2115569e+02
   4.7602119e+02   3.9573338e+02
   4.9908184e+02   3.6639374e+02
   5.1282449e+02   3.3196338e+02
   5.1989066e+02   2.9510711e+02
   5.2389978e+02   2.5816705e+02
   5.2368539e+02   2.2092968e+02
   2.6452298e+02   2.1800025e+02
   2.8543896e+02   2.0245407e+02
   3.1146378e+02   1.9885918e+02
   3.3764214e+02   2.0220761e+02
   3.6304293e+02   2.0860641e+02
   3.9471454e+02   2.0479355e+02
   4.2169742e+02   2.0314359e+02
   4.4787381e+02   1.9550282e+02
   4.7465137e+02   1.9739588e+02
   4.9733997e+02   2.1179883e+02
   3.7752589e+02   2.2940349e+02
   3.7579587e+02   2.5317558e+02
   3.7412673e+02   2.7679161e+02
   3.7247479e+02   3.0044326e+02
   3.4244667e+02   3.2477034e+02
   3.5918776e+02   3.2619560e+02
   3.7584633e+02   3.2672611e+02
   3.9515213e+02   3.2620491e+02
   4.1422310e+02   3.2508199e+02
   2.8359849e+02   2.4033943e+02
   3.0567503e+02   2.2920027e+02
   3.3015135e+02   2.3015982e+02
   3.4852886e+02   2.4574142e+02
   3.2584158e+02   2.4775666e+02
   3.0323890e+02   2.5036533e+02
   4.1133682e+02   2.4536998e+02
   4.2895067e+02   2.2633953e+02
   4.5510179e+02   2.2491283e+02
   4.7785036e+02   2.3763718e+02
   4.5650371e+02   2.4528909e+02
   4.3394061e+02   2.4616953e+02
   3.1887699e+02   3.6472943e+02
   3.3541080e+02   3.5235122e+02
   3.5378160e+02   3.4347646e+02
   3.7355310e+02   3.4631391e+02
   3.9447992e+02   3.4333584e+02
   4.1355587e+02   3.5309308e+02
   4.2935978e+02   3.6760501e+02
   4.1188487e+02   3.7526617e+02
   3.9257659e+02   3.7863801e+02
   3.7319806e+02   3.7875061e+02
   3.5390922e+02   3.7775694e+02
   3.3511004e+02   3.7392988e+02
   3.3253646e+02   3.6020739e+02
   3.4619594e+02   3.6005343e+02
   3.7367325e+02   3.6112393e+02
   4.0210091e+02   3.6099640e+02
   4.1573034e+02   3.6112199e+02
   4.0186424e+02   3.6124759e+02
   3.7366711e+02   3.6132029e+02
   3.4591534e+02   3.6036136e+02
