   2.5977114e+02   2.3969746e+02
   2.6284743e+02   2.7220596e+02
   2.6912179e+02   3.0432051e+02
   2.7825804e+02   3.3565086e+02
   2.9301475e+02   3.6457602e+02
   3.1282495e+02   3.9031308e+02
   3.3991499e+02   4.0824077e+02
   3.7124569e+02   4.1693293e+02
   4.0353872e+02   4.1781492e+02
   4.3499059e+02   4.1326114e+02
   4.6331878e+02   3.9936713e+02
   4.8561173e+02   3.7684998e+02
   5.0316575e+02   3.5046196e+02
   5.1317562e+02   3.2033761e+02
   5.1911738e+02   2.8929378e+02
   5.2307060e+02   2.5786221e+02
   5.2332882e+02   2.2630194e+02
   2.8461272e+02   2.1013391e+02
   3.0785605e+02   2.0170284e+02
   3.3259646e+02   1.9933518e+02
   3.5745146e+02   2.0044535e+02
   3.8224646e+02   2.0109145e+02
   4.1379365e+02   2.0136707e+02
   4.3613239e+02   1.9777287e+02
   4.5788464e+02   1.9184991e+02
   4.8031005e+02   1.9061622e+02
   5.0157884e+02   1.9708516e+02
   3.9982976e+02   2.2668836e+02
   4.0014306e+02   2.4392249e+02
   4.0204799e+02   2.6101432e+02
   4.0267003e+02   2.7814913e+02
   3.7801910e+02   3.0767899e+02
   3.9014313e+02   3.0900315e+02
   4.0221444e+02   3.0950491e+02
   4.1274416e+02   3.0868157e+02
   4.2291938e+02   3.0676597e+02
   3.0482472e+02   2.3308094e+02
   3.2416950e+02   2.2318157e+02
   3.4583936e+02   2.2192822e+02
   3.6603867e+02   2.2972890e+02
   3.4583045e+02   2.3400045e+02
   3.2529692e+02   2.3463806e+02
   4.2495004e+02   2.2725255e+02
   4.4186492e+02   2.1707764e+02
   4.6145656e+02   2.1516478e+02
   4.7879839e+02   2.2376215e+02
   4.6108160e+02   2.2749800e+02
   4.4296456e+02   2.2819857e+02
   3.5540433e+02   3.4667186e+02
   3.7066016e+02   3.4007680e+02
   3.8674595e+02   3.3638371e+02
   4.0319654e+02   3.3685100e+02
   4.1819367e+02   3.3667590e+02
   4.3302599e+02   3.3899447e+02
   4.4644463e+02   3.4520738e+02
   4.3295557e+02   3.5107434e+02
   4.1839115e+02   3.5323640e+02
   4.0374346e+02   3.5360863e+02
   3.8704364e+02   3.5357926e+02
   3.7047848e+02   3.5302451e+02
   3.7615404e+02   3.4531629e+02
   3.8996178e+02   3.4524144e+02
   4.0361078e+02   3.4595911e+02
   4.1514201e+02   3.4540092e+02
   4.2656543e+02   3.4613841e+02
   4.1500957e+02   3.4688365e+02
   4.0354852e+02   3.4701214e+02
   3.8979801e+02   3.4639988e+02
