   1.8946701e+02   2.0906106e+02
   1.9034459e+02   2.4083582e+02
   1.9034981e+02   2.7267372e+02
   1.9451730e+02   3.0405973e+02
   2.0638056e+02   3.3363827e+02
   2.1966782e+02   3.6242784e+02
   2.3671187e+02   3.8893103e+02
   2.6299166e+02   4.0623227e+02
   2.9414221e+02   4.1050486e+02
   3.2376862e+02   4.0440009e+02
   3.4954315e+02   3.8892765e+02
   3.6726141e+02   3.6471507e+02
   3.7953323e+02   3.3723922e+02
   3.8546763e+02   3.0753037e+02
   3.8850796e+02   2.7757250e+02
   3.9022961e+02   2.4733577e+02
   3.9288038e+02   2.1753552e+02
   1.9838449e+02   1.9244038e+02
   2.1498142e+02   1.8209986e+02
   2.3496422e+02   1.8193844e+02
   2.5467941e+02   1.8409104e+02
   2.7409654e+02   1.8835462e+02
   3.0117826e+02   1.8776902e+02
   3.1996951e+02   1.8591896e+02
   3.3882567e+02   1.8517020e+02
   3.5754636e+02   1.8545100e+02
   3.7281486e+02   1.9533183e+02
   2.8847637e+02   2.0414065e+02
   2.8863042e+02   2.2876837e+02
   2.8906219e+02   2.5304598e+02
   2.8907899e+02   2.7749564e+02
   2.6649444e+02   2.8671941e+02
   2.7707026e+02   2.9348052e+02
   2.8937804e+02   2.9501766e+02
   3.0208279e+02   2.9263262e+02
   3.1234834e+02   2.8496745e+02
   2.1935310e+02   2.0991003e+02
   2.3439531e+02   2.0115660e+02
   2.5150687e+02   2.0476376e+02
   2.6293736e+02   2.1780493e+02
   2.4750880e+02   2.1790934e+02
   2.3212615e+02   2.1755889e+02
   3.0991790e+02   2.1805301e+02
   3.2019149e+02   2.0425946e+02
   3.3804366e+02   2.0371592e+02
   3.5351683e+02   2.1215155e+02
   3.3978146e+02   2.1790587e+02
   3.2484842e+02   2.1827461e+02
   2.3878667e+02   3.0576575e+02
   2.5592179e+02   3.0930896e+02
   2.7332872e+02   3.0912839e+02
   2.8988338e+02   3.1349192e+02
   3.0552258e+02   3.0935016e+02
   3.2171189e+02   3.0805785e+02
   3.3712649e+02   3.0353395e+02
   3.2435895e+02   3.1982071e+02
   3.0926776e+02   3.3378102e+02
   2.8983846e+02   3.3957150e+02
   2.6936581e+02   3.3474532e+02
   2.5316990e+02   3.2114737e+02
   2.5107427e+02   3.1637819e+02
   2.6336186e+02   3.1602714e+02
   2.8940323e+02   3.2044119e+02
   3.1442320e+02   3.1480815e+02
   3.2577484e+02   3.1529349e+02
   3.1436032e+02   3.1577882e+02
   2.8948095e+02   3.2148425e+02
   2.6306203e+02   3.1672924e+02
