   1.8926876e+02   2.0904263e+02
   1.9015904e+02   2.4079242e+02
   1.9021639e+02   2.7265394e+02
   1.9450255e+02   3.0397018e+02
   2.0615421e+02   3.3341110e+02
   2.1946844e+02   3.6218379e+02
   2.3646065e+02   3.8873726e+02
   2.6369408e+02   4.0421228e+02
   2.9500851e+02   4.0781913e+02
   3.2464314e+02   4.0257725e+02
   3.5040577e+02   3.8784467e+02
   3.6768287e+02   3.6357322e+02
   3.7966507e+02   3.3624050e+02
   3.8537666e+02   3.0670687e+02
   3.8787938e+02   2.7703091e+02
   3.9004830e+02   2.4696026e+02
   3.9266076e+02   2.1738242e+02
   1.9817415e+02   1.9241830e+02
   2.1476210e+02   1.8206826e+02
   2.3474011e+02   1.8189359e+02
   2.5445637e+02   1.8403901e+02
   2.7387350e+02   1.8828337e+02
   3.0095125e+02   1.8768007e+02
   3.1971956e+02   1.8515297e+02
   3.3850369e+02   1.8452537e+02
   3.5718429e+02   1.8530036e+02
   3.7258333e+02   1.9519484e+02
   2.8826179e+02   2.0405787e+02
   2.8843199e+02   2.2868223e+02
   2.8887964e+02   2.5295634e+02
   2.8891249e+02   2.7740275e+02
   2.6589256e+02   2.8610084e+02
   2.7655050e+02   2.9326668e+02
   2.8922301e+02   2.9492226e+02
   3.0189166e+02   2.9254605e+02
   3.1213727e+02   2.8492518e+02
   2.1915145e+02   2.0987187e+02
   2.3418593e+02   2.0110972e+02
   2.5129758e+02   2.0470517e+02
   2.6273512e+02   2.1773711e+02
   2.4722841e+02   2.1840250e+02
   2.3193424e+02   2.1770810e+02
   3.0970961e+02   2.1795431e+02
   3.1997279e+02   2.0415585e+02
   3.3782224e+02   2.0360066e+02
   3.5329889e+02   2.1202501e+02
   3.3975085e+02   2.1840711e+02
   3.2469753e+02   2.1865999e+02
   2.3768207e+02   3.0666375e+02
   2.5511313e+02   3.0932799e+02
   2.7281235e+02   3.0910109e+02
   2.8975051e+02   3.1345438e+02
   3.0567594e+02   3.0927389e+02
   3.2218815e+02   3.0797643e+02
   3.3807211e+02   3.0446373e+02
   3.2604479e+02   3.2366240e+02
   3.1077849e+02   3.3989820e+02
   2.8976023e+02   3.4646837e+02
   2.6795364e+02   3.4078379e+02
   2.5211324e+02   3.2434261e+02
   2.5038119e+02   3.1851280e+02
   2.6308031e+02   3.1525819e+02
   2.8964107e+02   3.1873185e+02
   3.1457653e+02   3.1362859e+02
   3.2632432e+02   3.1716532e+02
   3.1598991e+02   3.2070204e+02
   2.9011873e+02   3.2863269e+02
   2.6193229e+02   3.2176741e+02
