   1.8918648e+02   2.0915605e+02
   1.9010336e+02   2.4091398e+02
   1.9017220e+02   2.7279482e+02
   1.9448837e+02   3.0411288e+02
   2.0618386e+02   3.3353001e+02
   2.1952385e+02   3.6230750e+02
   2.3652105e+02   3.8887403e+02
   2.6388473e+02   4.0412486e+02
   2.9523574e+02   4.0763418e+02
   3.2488635e+02   4.0246076e+02
   3.5066686e+02   3.8780894e+02
   3.6788434e+02   3.6350579e+02
   3.7981385e+02   3.3616270e+02
   3.8549210e+02   3.0662923e+02
   3.8792184e+02   2.7697119e+02
   3.9010473e+02   2.4689657e+02
   3.9269131e+02   2.1732761e+02
   1.9808239e+02   1.9251552e+02
   2.1467018e+02   1.8214602e+02
   2.3465989e+02   1.8195444e+02
   2.5438665e+02   1.8407988e+02
   2.7381759e+02   1.8831421e+02
   3.0090891e+02   1.8768762e+02
   3.1968262e+02   1.8506220e+02
   3.3846841e+02   1.8444163e+02
   3.5715546e+02   1.8525629e+02
   3.7258461e+02   1.9514552e+02
   2.8822675e+02   2.0408471e+02
   2.8841792e+02   2.2872172e+02
   2.8888641e+02   2.5300808e+02
   2.8894002e+02   2.7746717e+02
   2.6584410e+02   2.8608385e+02
   2.7652608e+02   2.9332783e+02
   2.8926556e+02   2.9499553e+02
   3.0196251e+02   2.9259552e+02
   3.1221715e+02   2.8492621e+02
   2.1908540e+02   2.0996037e+02
   2.3412027e+02   2.0118090e+02
   2.5124387e+02   2.0476370e+02
   2.6269841e+02   2.1779271e+02
   2.4717566e+02   2.1853157e+02
   2.3188226e+02   2.1781123e+02
   3.0969751e+02   2.1797017e+02
   3.1995431e+02   2.0415583e+02
   3.3781258e+02   2.0358521e+02
   3.5330442e+02   2.1200080e+02
   3.3977474e+02   2.1846506e+02
   3.2470044e+02   2.1871721e+02
   2.3753594e+02   3.0673651e+02
   2.5503452e+02   3.0936336e+02
   2.7279529e+02   3.0913836e+02
   2.8980234e+02   3.1349322e+02
   3.0578322e+02   3.0929078e+02
   3.2235911e+02   3.0794001e+02
   3.3831595e+02   3.0447466e+02
   3.2638769e+02   3.2409767e+02
   3.1109668e+02   3.4068324e+02
   2.8984622e+02   3.4737715e+02
   2.6782814e+02   3.4157870e+02
   2.5199535e+02   3.2474983e+02
   2.5030172e+02   3.1881711e+02
   2.6306750e+02   3.1520982e+02
   2.8973660e+02   3.1858398e+02
   3.1470477e+02   3.1348547e+02
   3.2651036e+02   3.1739287e+02
   3.1630356e+02   3.2130027e+02
   2.9027413e+02   3.2955887e+02
   2.6182394e+02   3.2242440e+02
