   1.8166537e+02   2.0471655e+02
   1.8419478e+02   2.3643640e+02
   1.8823448e+02   2.6779770e+02
   1.9289081e+02   2.9892385e+02
   2.0256688e+02   3.2886939e+02
   2.1427804e+02   3.5834600e+02
   2.3467780e+02   3.8214351e+02
   2.6214410e+02   3.9759994e+02
   2.9288459e+02   4.0285294e+02
   3.2288759e+02   3.9660713e+02
   3.4760650e+02   3.7871434e+02
   3.6728687e+02   3.5547528e+02
   3.7698268e+02   3.2620674e+02
   3.8259925e+02   2.9609658e+02
   3.8547809e+02   2.6551746e+02
   3.8914028e+02   2.3484599e+02
   3.9077529e+02   2.0444291e+02
   1.9545413e+02   1.8809631e+02
   2.1044876e+02   1.7701736e+02
   2.2962728e+02   1.7629758e+02
   2.4889375e+02   1.7693718e+02
   2.6783168e+02   1.7854516e+02
   2.9866215e+02   1.7820501e+02
   3.1762887e+02   1.7933006e+02
   3.3644380e+02   1.7761817e+02
   3.5507398e+02   1.8034679e+02
   3.7100482e+02   1.9021612e+02
   2.8357116e+02   1.9439127e+02
   2.8540031e+02   2.1965407e+02
   2.8584678e+02   2.4471905e+02
   2.8648114e+02   2.6959687e+02
   2.6395304e+02   2.8049598e+02
   2.7530381e+02   2.8264341e+02
   2.8654329e+02   2.8484950e+02
   2.9713565e+02   2.8111725e+02
   3.0781721e+02   2.7796302e+02
   2.1600102e+02   2.0562286e+02
   2.3081810e+02   1.9879332e+02
   2.4695022e+02   1.9988712e+02
   2.5611530e+02   2.1252833e+02
   2.4195056e+02   2.1355923e+02
   2.2792828e+02   2.1260501e+02
   3.0876092e+02   2.1064185e+02
   3.1769992e+02   1.9914246e+02
   3.3270158e+02   1.9843815e+02
   3.4619357e+02   2.0494218e+02
   3.3543084e+02   2.1243266e+02
   3.2207679e+02   2.1194870e+02
   2.4625075e+02   3.1975273e+02
   2.6013229e+02   3.1457401e+02
   2.7368630e+02   3.0846818e+02
   2.8726183e+02   3.1255090e+02
   3.0054572e+02   3.0768575e+02
   3.1466578e+02   3.1162411e+02
   3.2877710e+02   3.1444293e+02
   3.1789569e+02   3.2560697e+02
   3.0381535e+02   3.3251673e+02
   2.8844513e+02   3.3382124e+02
   2.7321849e+02   3.3333854e+02
   2.5885837e+02   3.2811308e+02
   2.5647089e+02   3.2106636e+02
   2.7226907e+02   3.1883464e+02
   2.8794266e+02   3.2011043e+02
   3.0346074e+02   3.1681649e+02
   3.1917481e+02   3.1757237e+02
   3.0331182e+02   3.1771270e+02
   2.8791043e+02   3.2086811e+02
   2.7204323e+02   3.1991191e+02
