   1.9022504e+02   2.0835733e+02
   1.8982699e+02   2.4075067e+02
   1.9486468e+02   2.7292030e+02
   2.0168199e+02   3.0444845e+02
   2.1000605e+02   3.3569994e+02
   2.2570159e+02   3.6386333e+02
   2.4905799e+02   3.8646466e+02
   2.7685555e+02   4.0289359e+02
   3.0835304e+02   4.0783720e+02
   3.3694153e+02   4.0082363e+02
   3.6236479e+02   3.8584709e+02
   3.8062840e+02   3.6297868e+02
   3.9266423e+02   3.3625824e+02
   3.9983364e+02   3.0753124e+02
   4.0504681e+02   2.7858910e+02
   4.1348719e+02   2.5022613e+02
   4.1926237e+02   2.2170263e+02
   2.0797341e+02   2.0508493e+02
   2.2148301e+02   1.9393204e+02
   2.3901440e+02   1.9208175e+02
   2.5611095e+02   1.9608424e+02
   2.7324555e+02   2.0063748e+02
   3.4247652e+02   2.0162399e+02
   3.5794454e+02   1.9734087e+02
   3.7350512e+02   1.9345232e+02
   3.8935014e+02   1.9502047e+02
   4.0379773e+02   2.0162709e+02
   3.0795684e+02   2.2523909e+02
   3.0833535e+02   2.4526637e+02
   3.0780114e+02   2.6498966e+02
   3.0837696e+02   2.8473807e+02
   2.8658872e+02   3.0052828e+02
   2.9730773e+02   3.0396766e+02
   3.0834921e+02   3.0398912e+02
   3.1983076e+02   3.0346833e+02
   3.3010809e+02   2.9855153e+02
   2.2873577e+02   2.2981007e+02
   2.4276515e+02   2.1819708e+02
   2.6084024e+02   2.1833665e+02
   2.7423339e+02   2.3030560e+02
   2.5886093e+02   2.3392125e+02
   2.4328285e+02   2.3498743e+02
   3.3802417e+02   2.3080292e+02
   3.5242875e+02   2.2038189e+02
   3.6990958e+02   2.1839091e+02
   3.8203510e+02   2.3031109e+02
   3.6777853e+02   2.3572533e+02
   3.5255612e+02   2.3519864e+02
   2.6186465e+02   3.4107751e+02
   2.7721691e+02   3.3514269e+02
   2.9290141e+02   3.3060770e+02
   3.0884074e+02   3.3316692e+02
   3.2318126e+02   3.3118571e+02
   3.3720431e+02   3.3488704e+02
   3.5087857e+02   3.3960271e+02
   3.3561189e+02   3.4537132e+02
   3.2254451e+02   3.5540181e+02
   3.0685668e+02   3.5838126e+02
   2.9086127e+02   3.5437931e+02
   2.7791917e+02   3.4329848e+02
   2.8412066e+02   3.3613365e+02
   2.9649278e+02   3.3413068e+02
   3.0834973e+02   3.3761777e+02
   3.2095674e+02   3.3465794e+02
   3.3357120e+02   3.3712652e+02
   3.2076742e+02   3.3526927e+02
   3.0834991e+02   3.3811202e+02
   2.9634707e+02   3.3473185e+02
