   1.8976396e+02   2.0771178e+02
   1.8943309e+02   2.4015398e+02
   1.9440262e+02   2.7231964e+02
   2.0119970e+02   3.0382729e+02
   2.0965261e+02   3.3507981e+02
   2.2534111e+02   3.6322597e+02
   2.4907327e+02   3.8539317e+02
   2.7699210e+02   4.0159389e+02
   3.0850733e+02   4.0679158e+02
   3.3699736e+02   3.9990948e+02
   3.6217512e+02   3.8487242e+02
   3.8020150e+02   3.6191005e+02
   3.9200775e+02   3.3518271e+02
   3.9912968e+02   3.0659156e+02
   4.0432979e+02   2.7780133e+02
   4.1281607e+02   2.4960586e+02
   4.1866433e+02   2.2118685e+02
   2.0782962e+02   2.0355384e+02
   2.2154670e+02   1.9261514e+02
   2.3909586e+02   1.9098326e+02
   2.5623752e+02   1.9496629e+02
   2.7336758e+02   1.9957768e+02
   3.4255484e+02   1.9992788e+02
   3.5812979e+02   1.9595077e+02
   3.7373357e+02   1.9262263e+02
   3.8957769e+02   1.9429951e+02
   4.0413334e+02   2.0065823e+02
   3.0736493e+02   2.2460166e+02
   3.0774677e+02   2.4461925e+02
   3.0715368e+02   2.6432540e+02
   3.0774495e+02   2.8405836e+02
   2.8559887e+02   2.9867375e+02
   2.9639940e+02   3.0203432e+02
   3.0751166e+02   3.0240155e+02
   3.1906103e+02   3.0178557e+02
   3.2947682e+02   2.9703809e+02
   2.2829248e+02   2.2837177e+02
   2.4247175e+02   2.1693781e+02
   2.6054352e+02   2.1725500e+02
   2.7444200e+02   2.2868942e+02
   2.5894985e+02   2.3274986e+02
   2.4314166e+02   2.3356440e+02
   3.3768416e+02   2.2951424e+02
   3.5179977e+02   2.1891558e+02
   3.6925070e+02   2.1726667e+02
   3.8137792e+02   2.2914234e+02
   3.6723367e+02   2.3458145e+02
   3.5210750e+02   2.3396681e+02
   2.6149797e+02   3.4011091e+02
   2.7658708e+02   3.3378709e+02
   2.9216552e+02   3.2911915e+02
   3.0807326e+02   3.3133547e+02
   3.2267595e+02   3.2935459e+02
   3.3687117e+02   3.3334981e+02
   3.5040500e+02   3.3895154e+02
   3.3513229e+02   3.4324975e+02
   3.2195154e+02   3.5260953e+02
   3.0648046e+02   3.5538493e+02
   2.9070372e+02   3.5147969e+02
   2.7742621e+02   3.4172970e+02
   2.8385067e+02   3.3492244e+02
   2.9615859e+02   3.3304771e+02
   3.0798275e+02   3.3633953e+02
   3.2050031e+02   3.3337726e+02
   3.3303056e+02   3.3571933e+02
   3.2032431e+02   3.3403278e+02
   3.0798244e+02   3.3679753e+02
   2.9601523e+02   3.3369630e+02
