   1.9022818e+02   2.0834629e+02
   1.8985713e+02   2.4106496e+02
   1.9492759e+02   2.7322836e+02
   2.0175227e+02   3.0476362e+02
   2.1050461e+02   3.3612838e+02
   2.2608411e+02   3.6441288e+02
   2.5147224e+02   3.8471700e+02
   2.8003758e+02   3.9999131e+02
   3.1174773e+02   4.0584131e+02
   3.3999069e+02   3.9957465e+02
   3.6428250e+02   3.8410148e+02
   3.8179354e+02   3.6094415e+02
   3.9329853e+02   3.3432691e+02
   4.0009147e+02   3.0610035e+02
   4.0524932e+02   2.7774412e+02
   4.1357385e+02   2.4994989e+02
   4.1926457e+02   2.2170408e+02
   2.0922233e+02   2.0116805e+02
   2.2339330e+02   1.9030344e+02
   2.4122757e+02   1.8889280e+02
   2.5892623e+02   1.9240457e+02
   2.7631872e+02   1.9737711e+02
   3.4594858e+02   1.9611293e+02
   3.6180080e+02   1.9266757e+02
   3.7769847e+02   1.9147424e+02
   3.9363159e+02   1.9359309e+02
   4.0867447e+02   1.9911285e+02
   3.0795931e+02   2.2523543e+02
   3.0833654e+02   2.4526260e+02
   3.0780181e+02   2.6498619e+02
   3.0837618e+02   2.8473451e+02
   2.8516545e+02   2.9400243e+02
   2.9641124e+02   2.9725034e+02
   3.0795370e+02   2.9907144e+02
   3.1955902e+02   2.9774510e+02
   3.3031965e+02   2.9358829e+02
   2.2989624e+02   2.2521935e+02
   2.4436255e+02   2.1441084e+02
   2.6229751e+02   2.1534173e+02
   2.7775853e+02   2.2490967e+02
   2.6204423e+02   2.3063113e+02
   2.4559127e+02   2.3055156e+02
   3.3961143e+02   2.2691889e+02
   3.5268612e+02   2.1581532e+02
   3.6995624e+02   2.1542877e+02
   3.8222855e+02   2.2692292e+02
   3.6844987e+02   2.3238924e+02
   3.5366522e+02   2.3151561e+02
   2.6364421e+02   3.3831637e+02
   2.7762584e+02   3.3037499e+02
   2.9272657e+02   3.2519291e+02
   3.0837288e+02   3.2649723e+02
   3.2355430e+02   3.2415332e+02
   3.3813853e+02   3.2923713e+02
   3.5098961e+02   3.3790505e+02
   3.3647706e+02   3.3765858e+02
   3.2309377e+02   3.4399008e+02
   3.0879997e+02   3.4589771e+02
   2.9370663e+02   3.4300162e+02
   2.7886413e+02   3.3883389e+02
   2.8558792e+02   3.3283274e+02
   2.9776489e+02   3.3155489e+02
   3.0964034e+02   3.3367713e+02
   3.2145482e+02   3.3114743e+02
   3.3326858e+02   3.3283509e+02
   3.2133665e+02   3.3199833e+02
   3.0964047e+02   3.3409900e+02
   2.9764352e+02   3.3242662e+02
