   2.3004725e+02   2.0457214e+02
   2.2841225e+02   2.2891198e+02
   2.3294651e+02   2.5266822e+02
   2.3866692e+02   2.7642352e+02
   2.4771656e+02   2.9885594e+02
   2.6125130e+02   3.1914493e+02
   2.7983874e+02   3.3473995e+02
   3.0158455e+02   3.4538269e+02
   3.2553007e+02   3.4855182e+02
   3.5012638e+02   3.4564563e+02
   3.7216675e+02   3.3421329e+02
   3.9087187e+02   3.1804749e+02
   4.0459501e+02   2.9739687e+02
   4.1349061e+02   2.7414486e+02
   4.1924572e+02   2.5003413e+02
   4.2193328e+02   2.2536196e+02
   4.2206707e+02   2.0054761e+02
   2.4308969e+02   1.8940982e+02
   2.5596606e+02   1.8099233e+02
   2.7116509e+02   1.7851259e+02
   2.8651254e+02   1.8046127e+02
   2.9968907e+02   1.8809497e+02
   3.4220979e+02   1.8452605e+02
   3.5551629e+02   1.7746629e+02
   3.7011559e+02   1.7449723e+02
   3.8499927e+02   1.7586205e+02
   3.9889221e+02   1.8119619e+02
   3.2241399e+02   2.0352130e+02
   3.2260046e+02   2.1789175e+02
   3.2239744e+02   2.3225540e+02
   3.2266303e+02   2.4641167e+02
   2.9915064e+02   2.5534000e+02
   3.1077579e+02   2.5756211e+02
   3.2254019e+02   2.5820468e+02
   3.3520769e+02   2.5764480e+02
   3.4729220e+02   2.5424025e+02
   2.6043849e+02   2.0718155e+02
   2.7182366e+02   2.0256695e+02
   2.8415112e+02   2.0337835e+02
   2.9510905e+02   2.0878893e+02
   2.8347364e+02   2.0941437e+02
   2.7182245e+02   2.0885865e+02
   3.5232782e+02   2.0487507e+02
   3.6285082e+02   1.9984499e+02
   3.7457391e+02   1.9948437e+02
   3.8584400e+02   2.0213785e+02
   3.7489107e+02   2.0515086e+02
   3.6357205e+02   2.0569581e+02
   2.9098893e+02   2.8981331e+02
   2.9815533e+02   2.7896447e+02
   3.1053804e+02   2.7473567e+02
   3.2359362e+02   2.7611279e+02
   3.3715827e+02   2.7415291e+02
   3.5030269e+02   2.7772772e+02
   3.5970588e+02   2.8751225e+02
   3.4889107e+02   2.9480791e+02
   3.3681530e+02   2.9973076e+02
   3.2400925e+02   3.0206849e+02
   3.1218226e+02   3.0052604e+02
   3.0128344e+02   2.9557227e+02
   2.9931626e+02   2.9016607e+02
   3.0764360e+02   2.9006942e+02
   3.2400706e+02   2.9065905e+02
   3.4190677e+02   2.8830645e+02
   3.5080633e+02   2.8847667e+02
   3.4180052e+02   2.8864688e+02
   3.2428506e+02   2.9074176e+02
   3.0754136e+02   2.9026273e+02
