   2.5329765e+02   2.2579103e+02
   2.5580251e+02   2.5982699e+02
   2.6155379e+02   2.9359148e+02
   2.6749541e+02   3.2714261e+02
   2.8023397e+02   3.5906508e+02
   3.0025351e+02   3.8657398e+02
   3.2885439e+02   4.0484408e+02
   3.6140158e+02   4.1455887e+02
   3.9526913e+02   4.1603600e+02
   4.2837307e+02   4.1141541e+02
   4.5847642e+02   3.9686151e+02
   4.8422390e+02   3.7603488e+02
   5.0065251e+02   3.4715739e+02
   5.0855009e+02   3.1484669e+02
   5.1258602e+02   2.8152386e+02
   5.1535481e+02   2.4819401e+02
   5.1468504e+02   2.1502844e+02
   2.7497350e+02   1.9657968e+02
   2.9395444e+02   1.7906704e+02
   3.1785982e+02   1.6956037e+02
   3.4366756e+02   1.6758047e+02
   3.6902408e+02   1.7131594e+02
   4.0371418e+02   1.7030773e+02
   4.2634717e+02   1.6562574e+02
   4.4916192e+02   1.6441003e+02
   4.7162853e+02   1.6819610e+02
   4.9174057e+02   1.7873545e+02
   3.8874160e+02   2.1333338e+02
   3.8965636e+02   2.3022230e+02
   3.9092845e+02   2.4703802e+02
   3.9226629e+02   2.6375345e+02
   3.6383542e+02   2.9644719e+02
   3.7788918e+02   2.9718271e+02
   3.9179164e+02   2.9668759e+02
   4.0576281e+02   2.9584847e+02
   4.1944299e+02   2.9373038e+02
   2.9714254e+02   2.2200774e+02
   3.1463670e+02   2.0706490e+02
   3.3749792e+02   2.0537216e+02
   3.5693762e+02   2.1724695e+02
   3.3771337e+02   2.2439513e+02
   3.1724361e+02   2.2527779e+02
   4.1435843e+02   2.1502496e+02
   4.3070562e+02   1.9768517e+02
   4.5505824e+02   1.9687034e+02
   4.7458232e+02   2.1087210e+02
   4.5510771e+02   2.1703490e+02
   4.3463654e+02   2.1750883e+02
   3.2867444e+02   3.4178137e+02
   3.4745301e+02   3.2822117e+02
   3.6936987e+02   3.2144167e+02
   3.9238392e+02   3.2034241e+02
   4.1414660e+02   3.2031297e+02
   4.3501342e+02   3.2689542e+02
   4.5323607e+02   3.3838586e+02
   4.3402025e+02   3.4905375e+02
   4.1344335e+02   3.5660408e+02
   3.9187674e+02   3.5820756e+02
   3.6965144e+02   3.5683933e+02
   3.4816826e+02   3.5200930e+02
   3.4300187e+02   3.3982302e+02
   3.6737367e+02   3.3135383e+02
   3.9283930e+02   3.2996164e+02
   4.1529031e+02   3.3018588e+02
   4.3636102e+02   3.3749891e+02
   4.1453034e+02   3.4286767e+02
   3.9240127e+02   3.4315977e+02
   3.6739003e+02   3.4286799e+02
