   2.5863366e+02   2.3480582e+02
   2.6013757e+02   2.6819882e+02
   2.6613925e+02   3.0092127e+02
   2.7479283e+02   3.3312632e+02
   2.8964918e+02   3.6281740e+02
   3.0942705e+02   3.8955386e+02
   3.3675708e+02   4.0874669e+02
   3.6823608e+02   4.1952480e+02
   4.0111212e+02   4.2050048e+02
   4.3340104e+02   4.1643505e+02
   4.6164604e+02   4.0063228e+02
   4.8563458e+02   3.7849284e+02
   5.0154740e+02   3.5009458e+02
   5.1132037e+02   3.1924660e+02
   5.1638160e+02   2.8688183e+02
   5.2033962e+02   2.5441631e+02
   5.2074047e+02   2.2204721e+02
   2.7778751e+02   2.0374021e+02
   2.9808257e+02   1.8849304e+02
   3.2284382e+02   1.8240999e+02
   3.4809343e+02   1.8305922e+02
   3.7296709e+02   1.8811870e+02
   4.1137473e+02   1.8910899e+02
   4.3310643e+02   1.8194809e+02
   4.5556447e+02   1.7790966e+02
   4.7825657e+02   1.7898167e+02
   4.9893201e+02   1.8789406e+02
   3.9490351e+02   2.2469705e+02
   3.9580572e+02   2.4158541e+02
   3.9706528e+02   2.5840084e+02
   3.9839067e+02   2.7511603e+02
   3.7118932e+02   3.0395395e+02
   3.8483542e+02   3.0563148e+02
   3.9841075e+02   3.0615939e+02
   4.1088998e+02   3.0520350e+02
   4.2305380e+02   3.0304728e+02
   3.0354297e+02   2.2996606e+02
   3.2137160e+02   2.1517727e+02
   3.4458956e+02   2.1432481e+02
   3.6387028e+02   2.2688927e+02
   3.4398862e+02   2.3254870e+02
   3.2356536e+02   2.3390043e+02
   4.1886451e+02   2.2463582e+02
   4.3547415e+02   2.0841680e+02
   4.5908499e+02   2.0742911e+02
   4.7850891e+02   2.2017119e+02
   4.5914187e+02   2.2611599e+02
   4.3892019e+02   2.2739422e+02
   3.4010785e+02   3.5215262e+02
   3.5816512e+02   3.4139729e+02
   3.7737242e+02   3.3316177e+02
   3.9805335e+02   3.3224603e+02
   4.1651244e+02   3.3271368e+02
   4.3385535e+02   3.3918186e+02
   4.5040418e+02   3.4738162e+02
   4.3417580e+02   3.5492431e+02
   4.1693272e+02   3.5952892e+02
   3.9925842e+02   3.6096217e+02
   3.7912224e+02   3.6022789e+02
   3.5927104e+02   3.5748193e+02
   3.6148750e+02   3.4647601e+02
   3.7998866e+02   3.4235485e+02
   3.9877245e+02   3.4129989e+02
   4.1610586e+02   3.4215691e+02
   4.3269962e+02   3.4626798e+02
   4.1591669e+02   3.4799058e+02
   3.9920831e+02   3.4878206e+02
   3.8017950e+02   3.4758072e+02
