   2.5749841e+02   2.3333175e+02
   2.5954290e+02   2.6718810e+02
   2.6507209e+02   3.0033960e+02
   2.7325015e+02   3.3308200e+02
   2.8806825e+02   3.6321612e+02
   3.0823785e+02   3.9025242e+02
   3.3571494e+02   4.0983504e+02
   3.6773349e+02   4.2037969e+02
   4.0102609e+02   4.2131283e+02
   4.3353641e+02   4.1797759e+02
   4.6174674e+02   4.0154263e+02
   4.8627797e+02   3.7955340e+02
   5.0176341e+02   3.5056332e+02
   5.1177167e+02   3.1953281e+02
   5.1620682e+02   2.8675715e+02
   5.2018025e+02   2.5406502e+02
   5.2083012e+02   2.2141907e+02
   2.7847218e+02   2.0209585e+02
   2.9835426e+02   1.8614021e+02
   3.2311627e+02   1.7916392e+02
   3.4865292e+02   1.7808699e+02
   3.7391431e+02   1.8190383e+02
   4.1085368e+02   1.8319474e+02
   4.3262110e+02   1.7785058e+02
   4.5466410e+02   1.7470227e+02
   4.7670283e+02   1.7698554e+02
   4.9722760e+02   1.8524238e+02
   3.9453117e+02   2.2332400e+02
   3.9538906e+02   2.4027479e+02
   3.9660579e+02   2.5715341e+02
   3.9788885e+02   2.7393162e+02
   3.6930667e+02   3.0255996e+02
   3.8359548e+02   3.0472477e+02
   3.9777466e+02   3.0525538e+02
   4.1094106e+02   3.0487570e+02
   4.2360951e+02   3.0217150e+02
   3.0280993e+02   2.2865563e+02
   3.2103013e+02   2.1403612e+02
   3.4417269e+02   2.1279591e+02
   3.6331196e+02   2.2558972e+02
   3.4337777e+02   2.3114459e+02
   3.2289263e+02   2.3263930e+02
   4.1861248e+02   2.2398132e+02
   4.3493597e+02   2.0704276e+02
   4.5889877e+02   2.0599760e+02
   4.7890266e+02   2.1858159e+02
   4.5961948e+02   2.2582061e+02
   4.3903256e+02   2.2663557e+02
   3.3678068e+02   3.5264098e+02
   3.5545481e+02   3.4182854e+02
   3.7516271e+02   3.3351699e+02
   3.9640121e+02   3.3215286e+02
   4.1585229e+02   3.3234053e+02
   4.3413674e+02   3.3905350e+02
   4.5157940e+02   3.4753879e+02
   4.3483102e+02   3.5646113e+02
   4.1676954e+02   3.6186708e+02
   3.9809981e+02   3.6350216e+02
   3.7707050e+02   3.6276244e+02
   3.5643902e+02   3.5930651e+02
   3.5781268e+02   3.4728806e+02
   3.7707067e+02   3.4246763e+02
   3.9671931e+02   3.4155425e+02
   4.1671070e+02   3.4241926e+02
   4.3570479e+02   3.4728254e+02
   4.1640903e+02   3.4935230e+02
   3.9705931e+02   3.4964785e+02
   3.7723705e+02   3.4842615e+02
