   2.1038412e+02   2.0619047e+02
   2.1145507e+02   2.3510185e+02
   2.1513949e+02   2.6376178e+02
   2.2058922e+02   2.9203089e+02
   2.3411867e+02   3.1770783e+02
   2.5027339e+02   3.4143170e+02
   2.7045079e+02   3.6225190e+02
   2.9410761e+02   3.7854549e+02
   3.2167060e+02   3.8609996e+02
   3.4863984e+02   3.7669877e+02
   3.7188798e+02   3.5990628e+02
   3.9127661e+02   3.3892923e+02
   4.0573672e+02   3.1393053e+02
   4.1536635e+02   2.8710740e+02
   4.1939382e+02   2.5864917e+02
   4.2214156e+02   2.3029842e+02
   4.2286154e+02   2.0168401e+02
   2.2312610e+02   1.8276542e+02
   2.3723857e+02   1.7273284e+02
   2.5419947e+02   1.6897363e+02
   2.7163303e+02   1.6989328e+02
   2.8888385e+02   1.7085141e+02
   3.4724352e+02   1.6510161e+02
   3.6250342e+02   1.6094045e+02
   3.7829483e+02   1.6089180e+02
   3.9362481e+02   1.6471129e+02
   4.0519116e+02   1.7496906e+02
   3.1600670e+02   1.9879994e+02
   3.1763482e+02   2.1953275e+02
   3.1877598e+02   2.4019371e+02
   3.1970134e+02   2.6085830e+02
   2.9421975e+02   2.7236405e+02
   3.0737231e+02   2.7798930e+02
   3.2134391e+02   2.8099648e+02
   3.3276223e+02   2.7774970e+02
   3.4230463e+02   2.7072337e+02
   2.4388544e+02   2.0827486e+02
   2.5822462e+02   2.0443917e+02
   2.7291395e+02   2.0477859e+02
   2.8745264e+02   2.0739810e+02
   2.7291777e+02   2.0940334e+02
   2.5840649e+02   2.0966554e+02
   3.4346307e+02   2.0162726e+02
   3.5727588e+02   2.0159380e+02
   3.7106659e+02   2.0212647e+02
   3.8481134e+02   2.0339340e+02
   3.7107173e+02   2.0619722e+02
   3.5711127e+02   2.0470862e+02
   2.8077261e+02   3.1319528e+02
   2.9108274e+02   3.0198417e+02
   3.0564301e+02   2.9775431e+02
   3.2034006e+02   3.0120407e+02
   3.3319840e+02   2.9721122e+02
   3.4626779e+02   3.0151809e+02
   3.5857641e+02   3.0742358e+02
   3.4782883e+02   3.1823358e+02
   3.3518006e+02   3.2674969e+02
   3.2123132e+02   3.3274989e+02
   3.0622603e+02   3.2973142e+02
   2.9303381e+02   3.2225031e+02
   2.9101291e+02   3.1274923e+02
   3.0524326e+02   3.0675823e+02
   3.2034129e+02   3.0831767e+02
   3.3514736e+02   3.0475870e+02
   3.4965934e+02   3.0920191e+02
   3.3503094e+02   3.1684870e+02
   3.1900868e+02   3.2029789e+02
   3.0450945e+02   3.1799750e+02
