   2.1042062e+02   2.0623789e+02
   2.1148982e+02   2.3513911e+02
   2.1517183e+02   2.6378894e+02
   2.2061545e+02   2.9204914e+02
   2.3413497e+02   3.1771925e+02
   2.5028103e+02   3.4143691e+02
   2.7044460e+02   3.6225586e+02
   2.9413204e+02   3.7848487e+02
   3.2169613e+02   3.8598673e+02
   3.4864527e+02   3.7659597e+02
   3.7187059e+02   3.5981033e+02
   3.9125646e+02   3.3885442e+02
   4.0570682e+02   3.1388327e+02
   4.1538702e+02   2.8709914e+02
   4.1940126e+02   2.5866592e+02
   4.2214893e+02   2.3033168e+02
   4.2286809e+02   2.0173930e+02
   2.2316160e+02   1.8281659e+02
   2.3727241e+02   1.7278591e+02
   2.5423104e+02   1.6902781e+02
   2.7166209e+02   1.6994792e+02
   2.8891044e+02   1.7090650e+02
   3.4726204e+02   1.6515951e+02
   3.6251991e+02   1.6099945e+02
   3.7831250e+02   1.6095172e+02
   3.9363676e+02   1.6477081e+02
   4.0520113e+02   1.7502753e+02
   3.1602849e+02   1.9885200e+02
   3.1765568e+02   2.1958192e+02
   3.1879597e+02   2.4024000e+02
   3.1972050e+02   2.6090169e+02
   2.9424213e+02   2.7240494e+02
   3.0739263e+02   2.7802984e+02
   3.2136215e+02   2.8103707e+02
   3.3277896e+02   2.7779114e+02
   3.4232025e+02   2.7076613e+02
   2.4394809e+02   2.0826081e+02
   2.5643287e+02   1.9478223e+02
   2.7495810e+02   1.9442187e+02
   2.8749994e+02   2.0748401e+02
   2.7296067e+02   2.0951258e+02
   2.5844047e+02   2.0976413e+02
   3.4154853e+02   2.0247444e+02
   3.5551309e+02   1.9102550e+02
   3.7333754e+02   1.8868273e+02
   3.8611128e+02   2.0044371e+02
   3.7205623e+02   2.0612937e+02
   3.5671538e+02   2.0477376e+02
   2.8077551e+02   3.1316493e+02
   2.9111836e+02   3.0201243e+02
   3.0566436e+02   2.9780111e+02
   3.2033504e+02   3.0127552e+02
   3.3318887e+02   2.9724714e+02
   3.4627312e+02   3.0155263e+02
   3.5860980e+02   3.0742382e+02
   3.4783642e+02   3.1816442e+02
   3.3521234e+02   3.2666736e+02
   3.2127713e+02   3.3262493e+02
   3.0627243e+02   3.2962509e+02
   2.9306371e+02   3.2217291e+02
   2.9117410e+02   3.1270289e+02
   3.0534190e+02   3.0682326e+02
   3.2035363e+02   3.0839427e+02
   3.3503463e+02   3.0488437e+02
   3.4942634e+02   3.0919787e+02
   3.3491894e+02   3.1672009e+02
   3.1905015e+02   3.2013308e+02
   3.0462397e+02   3.1783139e+02
