   2.1023019e+02   2.0504728e+02
   2.1128351e+02   2.3403780e+02
   2.1495450e+02   2.6277999e+02
   2.2043201e+02   2.9112018e+02
   2.3402598e+02   3.1685770e+02
   2.5022889e+02   3.4064104e+02
   2.7051309e+02   3.6147182e+02
   2.9375826e+02   3.7852993e+02
   3.2126094e+02   3.8672543e+02
   3.4843914e+02   3.7724941e+02
   3.7194293e+02   3.6042965e+02
   3.9136259e+02   3.3925952e+02
   4.0594764e+02   3.1399177e+02
   4.1500438e+02   2.8676351e+02
   4.1921701e+02   2.5805753e+02
   4.2199752e+02   2.2955704e+02
   4.2276210e+02   2.0072630e+02
   2.2299578e+02   1.8162785e+02
   2.3712040e+02   1.7160527e+02
   2.5408864e+02   1.6786006e+02
   2.7152553e+02   1.6879523e+02
   2.8877962e+02   1.6976874e+02
   3.4715822e+02   1.6406881e+02
   3.6242540e+02   1.5992005e+02
   3.7818061e+02   1.5988101e+02
   3.9355087e+02   1.6371911e+02
   4.0511097e+02   1.7398948e+02
   3.1588438e+02   1.9774773e+02
   3.1749469e+02   2.1848689e+02
   3.1861797e+02   2.3915377e+02
   3.1952542e+02   2.5982409e+02
   2.9402767e+02   2.7131020e+02
   3.0717841e+02   2.7694834e+02
   3.2115069e+02   2.7996849e+02
   3.3257458e+02   2.7673097e+02
   3.4212542e+02   2.6971135e+02
   2.4337658e+02   2.0789236e+02
   2.5514386e+02   1.9206619e+02
   2.7457641e+02   1.9114287e+02
   2.8706012e+02   2.0590112e+02
   2.7259430e+02   2.0761140e+02
   2.5820808e+02   2.0797918e+02
   3.4101024e+02   2.0068003e+02
   3.5550657e+02   1.8773252e+02
   3.7418103e+02   1.8495461e+02
   3.8648739e+02   1.9892010e+02
   3.7226738e+02   2.0503566e+02
   3.5654281e+02   2.0317399e+02
   2.8077747e+02   3.1290026e+02
   2.9070237e+02   3.0103261e+02
   3.0541403e+02   2.9660966e+02
   3.2039414e+02   2.9978390e+02
   3.3329302e+02   2.9622931e+02
   3.4616422e+02   3.0056333e+02
   3.5812002e+02   3.0687887e+02
   3.4767791e+02   3.1847212e+02
   3.3474730e+02   3.2711494e+02
   3.2065325e+02   3.3358853e+02
   3.0566575e+02   3.3033689e+02
   2.9269451e+02   3.2251010e+02
   2.8914951e+02   3.1265946e+02
   3.0409729e+02   3.0538871e+02
   3.2018268e+02   3.0682752e+02
   3.3643636e+02   3.0271433e+02
   3.5233444e+02   3.0868639e+02
   3.3630270e+02   3.1776622e+02
   3.1850163e+02   3.2161815e+02
   3.0317016e+02   3.1931960e+02
