   2.1037365e+02   2.0618086e+02
   2.1144542e+02   2.3509179e+02
   2.1513055e+02   2.6375125e+02
   2.2058158e+02   2.9201963e+02
   2.3411237e+02   3.1769549e+02
   2.5026790e+02   3.4141827e+02
   2.7044676e+02   3.6223655e+02
   2.9409589e+02   3.7854147e+02
   3.2165664e+02   3.8610543e+02
   3.4862744e+02   3.7670238e+02
   3.7187788e+02   3.5990944e+02
   3.9126496e+02   3.3892956e+02
   4.0572527e+02   3.1392714e+02
   4.1534326e+02   2.8709843e+02
   4.1937246e+02   2.5863745e+02
   4.2211942e+02   2.3028573e+02
   4.2283891e+02   2.0166931e+02
   2.2311432e+02   1.8275681e+02
   2.3722573e+02   1.7272444e+02
   2.5418559e+02   1.6896502e+02
   2.7161817e+02   1.6988418e+02
   2.8886804e+02   1.7084182e+02
   3.4722426e+02   1.6509088e+02
   3.6248319e+02   1.6092957e+02
   3.7827302e+02   1.6088046e+02
   3.9360291e+02   1.6469941e+02
   4.0516887e+02   1.7495632e+02
   3.1599006e+02   1.9878809e+02
   3.1761861e+02   2.1951968e+02
   3.1876022e+02   2.4017944e+02
   3.1968605e+02   2.6084284e+02
   2.9420620e+02   2.7234857e+02
   3.0735815e+02   2.7797318e+02
   3.2132903e+02   2.8097983e+02
   3.3274662e+02   2.7773295e+02
   3.4228831e+02   2.7070678e+02
   2.4386710e+02   2.0827696e+02
   2.5621622e+02   1.9423372e+02
   2.7496340e+02   1.9379157e+02
   2.8743331e+02   2.0737928e+02
   2.7290052e+02   2.0937988e+02
   2.5839232e+02   2.0964443e+02
   3.4140652e+02   2.0236760e+02
   3.5542679e+02   1.9037490e+02
   3.7347412e+02   1.8788740e+02
   3.8617154e+02   2.0022509e+02
   3.7208969e+02   2.0605469e+02
   3.5666267e+02   2.0465665e+02
   2.8076511e+02   3.1319087e+02
   2.9106735e+02   3.0196883e+02
   3.0562912e+02   2.9773527e+02
   3.2033022e+02   3.0117941e+02
   3.3318842e+02   2.9719382e+02
   3.4625378e+02   3.0150042e+02
   3.5855592e+02   3.0741222e+02
   3.4781489e+02   3.1823540e+02
   3.3516242e+02   3.2675376e+02
   3.2121240e+02   3.3276234e+02
   3.0620814e+02   3.2974064e+02
   2.9302014e+02   3.2225451e+02
   2.9097264e+02   3.1274846e+02
   3.0521390e+02   3.0673502e+02
   3.2032805e+02   3.0829143e+02
   3.3515786e+02   3.0472215e+02
   3.4969341e+02   3.0919047e+02
   3.3504241e+02   3.1686244e+02
   3.1899074e+02   3.2031947e+02
   3.0447797e+02   3.1802005e+02
