   1.8506943e+02   2.4308825e+02
   1.8691305e+02   2.7398823e+02
   1.9159998e+02   3.0468902e+02
   1.9454648e+02   3.3553098e+02
   2.0599736e+02   3.6416178e+02
   2.2480139e+02   3.8837225e+02
   2.4960415e+02   4.0695675e+02
   2.7573195e+02   4.2374479e+02
   3.0551613e+02   4.2845732e+02
   3.3638948e+02   4.2311796e+02
   3.6424760e+02   4.0961591e+02
   3.8704696e+02   3.8802054e+02
   4.0753744e+02   3.6468176e+02
   4.1567459e+02   3.3475148e+02
   4.1959844e+02   3.0370809e+02
   4.2213868e+02   2.7256061e+02
   4.2419705e+02   2.4149728e+02
   2.0683122e+02   2.0184154e+02
   2.2297633e+02   1.9391582e+02
   2.4037911e+02   1.8908781e+02
   2.5814972e+02   1.8842506e+02
   2.7603132e+02   1.8991097e+02
   3.2756362e+02   1.9116759e+02
   3.4504085e+02   1.8897037e+02
   3.6258574e+02   1.8715538e+02
   3.7991234e+02   1.8985939e+02
   3.9554516e+02   1.9749694e+02
   3.0217791e+02   2.1767029e+02
   3.0280104e+02   2.3434085e+02
   3.0230650e+02   2.5089792e+02
   3.0279380e+02   2.6748102e+02
   2.7937228e+02   2.8981822e+02
   2.9081450e+02   2.9073345e+02
   3.0212983e+02   2.8971315e+02
   3.1387205e+02   2.9047299e+02
   3.2557599e+02   2.8986808e+02
   2.2728451e+02   2.2705863e+02
   2.4150108e+02   2.1715023e+02
   2.5852904e+02   2.1647486e+02
   2.7266436e+02   2.2618830e+02
   2.5787037e+02   2.3168774e+02
   2.4206976e+02   2.3198889e+02
   3.2984437e+02   2.2641076e+02
   3.4337319e+02   2.1478303e+02
   3.6107101e+02   2.1482235e+02
   3.7536850e+02   2.2533308e+02
   3.6086931e+02   2.3166181e+02
   3.4507242e+02   2.3091280e+02
   2.6684983e+02   3.4268293e+02
   2.7505573e+02   3.2803600e+02
   2.8682501e+02   3.1672911e+02
   3.0245881e+02   3.1818180e+02
   3.1860783e+02   3.1640129e+02
   3.3059405e+02   3.2844343e+02
   3.3897143e+02   3.4351664e+02
   3.2882794e+02   3.5636246e+02
   3.1767989e+02   3.6816671e+02
   3.0287887e+02   3.7365347e+02
   2.8706721e+02   3.6859083e+02
   2.7450709e+02   3.5770471e+02
   2.7220065e+02   3.4289685e+02
   2.8435761e+02   3.2876888e+02
   3.0218832e+02   3.2642601e+02
   3.2015206e+02   3.2884677e+02
   3.3251848e+02   3.4235273e+02
   3.1912692e+02   3.5306527e+02
   3.0258811e+02   3.5647322e+02
   2.8570466e+02   3.5354836e+02
