   1.7541126e+02   2.1182323e+02
   1.7696594e+02   2.4731477e+02
   1.8039578e+02   2.8239328e+02
   1.8611527e+02   3.1721990e+02
   1.9635788e+02   3.5113149e+02
   2.1612935e+02   3.8037757e+02
   2.4053262e+02   4.0597587e+02
   2.6732205e+02   4.2866460e+02
   3.0090658e+02   4.3646374e+02
   3.3340481e+02   4.2789612e+02
   3.5836945e+02   4.0463246e+02
   3.7775376e+02   3.7628494e+02
   3.8864866e+02   3.4384889e+02
   3.9692240e+02   3.1063381e+02
   4.0147735e+02   2.7670730e+02
   4.0180898e+02   2.4245656e+02
   4.0179466e+02   2.0837406e+02
   1.9547603e+02   1.8460139e+02
   2.0204585e+02   1.6452034e+02
   2.1786539e+02   1.5092321e+02
   2.3818469e+02   1.4636599e+02
   2.5805814e+02   1.5235435e+02
   3.1888558e+02   1.4397462e+02
   3.3940381e+02   1.3954161e+02
   3.6001837e+02   1.4322179e+02
   3.7651965e+02   1.5618349e+02
   3.8673113e+02   1.7431271e+02
   2.9058382e+02   2.0099848e+02
   2.9093873e+02   2.2295619e+02
   2.9155822e+02   2.4498547e+02
   2.9262627e+02   2.6675805e+02
   2.6079829e+02   2.8682169e+02
   2.7761345e+02   2.9087575e+02
   2.9438834e+02   2.9340119e+02
   3.1143639e+02   2.8920454e+02
   3.2602957e+02   2.7991824e+02
   2.2306751e+02   2.0414115e+02
   2.3849912e+02   1.9669398e+02
   2.5547612e+02   1.9829395e+02
   2.6934155e+02   2.0790311e+02
   2.5313699e+02   2.1303114e+02
   2.3627586e+02   2.1383938e+02
   3.1221772e+02   2.0560652e+02
   3.2796551e+02   1.9744968e+02
   3.4544859e+02   1.9484191e+02
   3.6064030e+02   2.0286788e+02
   3.4583471e+02   2.1147513e+02
   3.2850648e+02   2.1105660e+02
   2.5386076e+02   3.3442957e+02
   2.6215404e+02   3.1820560e+02
   2.7782552e+02   3.0900531e+02
   2.9572577e+02   3.0745014e+02
   3.1548239e+02   3.0555542e+02
   3.3333809e+02   3.1332943e+02
   3.3652765e+02   3.3195782e+02
   3.2774291e+02   3.5607198e+02
   3.1486530e+02   3.7814602e+02
   2.9221664e+02   3.8827886e+02
   2.7080838e+02   3.7904049e+02
   2.5995857e+02   3.5754133e+02
   2.6428633e+02   3.4021058e+02
   2.7471191e+02   3.2425261e+02
   2.9685820e+02   3.1856068e+02
   3.1933824e+02   3.1736049e+02
   3.2793295e+02   3.3526473e+02
   3.1570265e+02   3.5316896e+02
   2.9303638e+02   3.7164873e+02
   2.7028980e+02   3.5616855e+02
