   1.7555401e+02   2.1083891e+02
   1.7712970e+02   2.4633511e+02
   1.8057252e+02   2.8141929e+02
   1.8631416e+02   3.1624837e+02
   1.9659552e+02   3.5015257e+02
   2.1639756e+02   3.7938557e+02
   2.4081862e+02   4.0497486e+02
   2.6764436e+02   4.2762680e+02
   3.0124338e+02   4.3539151e+02
   3.3374553e+02   4.2681284e+02
   3.5872368e+02   4.0356777e+02
   3.7810160e+02   3.7521318e+02
   3.8898826e+02   3.4277148e+02
   3.9725368e+02   3.0955236e+02
   4.0178426e+02   2.7561957e+02
   4.0209064e+02   2.4136742e+02
   4.0206067e+02   2.0728146e+02
   1.9562540e+02   1.8361587e+02
   2.0223331e+02   1.6356135e+02
   2.1807346e+02   1.5000203e+02
   2.3839690e+02   1.4546951e+02
   2.5826881e+02   1.5146633e+02
   3.1905240e+02   1.4306657e+02
   3.3955934e+02   1.3859623e+02
   3.6017698e+02   1.4223445e+02
   3.7670602e+02   1.5514132e+02
   3.8696214e+02   1.7323383e+02
   2.9080049e+02   2.0000100e+02
   2.9116467e+02   2.2199090e+02
   2.9179788e+02   2.4405232e+02
   2.9287487e+02   2.6585683e+02
   2.6103006e+02   2.8588455e+02
   2.7785247e+02   2.8994384e+02
   2.9463970e+02   2.9245295e+02
   3.1168607e+02   2.8825320e+02
   3.2627772e+02   2.7896592e+02
   2.2322037e+02   2.0318155e+02
   2.3866003e+02   1.9570822e+02
   2.5565762e+02   1.9730121e+02
   2.6954238e+02   2.0691731e+02
   2.5332738e+02   2.1204403e+02
   2.3645581e+02   2.1285703e+02
   3.1245650e+02   2.0458986e+02
   3.2820104e+02   1.9641626e+02
   3.4568851e+02   1.9380506e+02
   3.6088988e+02   2.0182608e+02
   3.4608201e+02   2.1043299e+02
   3.2875231e+02   2.1002396e+02
   2.5409865e+02   3.3342520e+02
   2.6242617e+02   3.1726392e+02
   2.7809734e+02   3.0809489e+02
   2.9598908e+02   3.0654300e+02
   3.1572440e+02   3.0462878e+02
   3.3357614e+02   3.1235338e+02
   3.3684438e+02   3.3089781e+02
   3.2805681e+02   3.5497561e+02
   3.1517498e+02   3.7700213e+02
   2.9255092e+02   3.8712214e+02
   2.7114724e+02   3.7791843e+02
   2.6025057e+02   3.5648648e+02
   2.6453175e+02   3.3920389e+02
   2.7496484e+02   3.2332918e+02
   2.9712416e+02   3.1766742e+02
   3.1961239e+02   3.1642950e+02
   3.2822838e+02   3.3423940e+02
   3.1601513e+02   3.5204930e+02
   2.9335160e+02   3.7047398e+02
   2.7058132e+02   3.5507859e+02
