   1.9909591e+02   1.6793429e+02
   2.0149680e+02   1.9684030e+02
   2.0860805e+02   2.2458396e+02
   2.1471678e+02   2.5280439e+02
   2.2291048e+02   2.8058538e+02
   2.3773869e+02   3.0507073e+02
   2.5738996e+02   3.2610326e+02
   2.8226072e+02   3.4057018e+02
   3.1040840e+02   3.4551618e+02
   3.3909463e+02   3.4078807e+02
   3.6397522e+02   3.2575504e+02
   3.8435711e+02   3.0514639e+02
   3.9962099e+02   2.8027209e+02
   4.0819852e+02   2.5255065e+02
   4.1366150e+02   2.2389707e+02
   4.1955184e+02   1.9535266e+02
   4.1915242e+02   1.6646822e+02
   2.0934356e+02   1.5146071e+02
   2.2341825e+02   1.3520899e+02
   2.4435808e+02   1.2911080e+02
   2.6581357e+02   1.3246337e+02
   2.8441108e+02   1.4339764e+02
   3.3091243e+02   1.4010818e+02
   3.4856638e+02   1.3286886e+02
   3.6752919e+02   1.3089457e+02
   3.8589378e+02   1.3559345e+02
   3.9975296e+02   1.4815282e+02
   3.0490079e+02   1.6536281e+02
   3.0483369e+02   1.8446404e+02
   3.0490267e+02   2.0347991e+02
   3.0465324e+02   2.2236320e+02
   2.7765634e+02   2.3409650e+02
   2.9079094e+02   2.4133707e+02
   3.0540457e+02   2.4336694e+02
   3.2038261e+02   2.4133723e+02
   3.3391528e+02   2.3511228e+02
   2.3766564e+02   1.6708572e+02
   2.5061567e+02   1.5731483e+02
   2.6682098e+02   1.5964950e+02
   2.7789671e+02   1.7161583e+02
   2.6409915e+02   1.7297020e+02
   2.5030775e+02   1.7242419e+02
   3.3465402e+02   1.7035805e+02
   3.4599738e+02   1.5827733e+02
   3.6242628e+02   1.5631227e+02
   3.7465552e+02   1.6684562e+02
   3.6162812e+02   1.7051292e+02
   3.4806985e+02   1.7107502e+02
   2.7050597e+02   2.7873599e+02
   2.8173797e+02   2.7096035e+02
   2.9254152e+02   2.6288569e+02
   3.0528890e+02   2.6469459e+02
   3.1993436e+02   2.6299793e+02
   3.3361612e+02   2.7020964e+02
   3.4659590e+02   2.7856775e+02
   3.3321743e+02   2.8174867e+02
   3.2015978e+02   2.8553057e+02
   3.0662910e+02   2.8659284e+02
   2.9434738e+02   2.8471077e+02
   2.8273447e+02   2.8026197e+02
   2.7887143e+02   2.7756289e+02
   2.9248404e+02   2.7426818e+02
   3.0628967e+02   2.7439054e+02
   3.2137025e+02   2.7419064e+02
   3.3588753e+02   2.7705697e+02
   3.2105385e+02   2.7485540e+02
   3.0628932e+02   2.7489251e+02
   2.9239242e+02   2.7479362e+02
