   1.9954683e+02   1.6746815e+02
   2.0048509e+02   1.9630054e+02
   2.0767644e+02   2.2407858e+02
   2.1481131e+02   2.5204530e+02
   2.2281669e+02   2.7963841e+02
   2.3745357e+02   3.0436015e+02
   2.5867752e+02   3.2398935e+02
   2.8310485e+02   3.3917193e+02
   3.1086911e+02   3.4416247e+02
   3.4025149e+02   3.3880577e+02
   3.6586523e+02   3.2375021e+02
   3.8624183e+02   3.0242077e+02
   4.0154847e+02   2.7678116e+02
   4.1000675e+02   2.4829979e+02
   4.1481372e+02   2.1864168e+02
   4.2042524e+02   1.8943854e+02
   4.1807646e+02   1.6016471e+02
   2.1075162e+02   1.4838203e+02
   2.2649608e+02   1.3553277e+02
   2.4638032e+02   1.3174565e+02
   2.6649344e+02   1.3461726e+02
   2.8483447e+02   1.4323764e+02
   3.3043913e+02   1.3996645e+02
   3.4814998e+02   1.3312947e+02
   3.6703691e+02   1.3177354e+02
   3.8518875e+02   1.3686245e+02
   4.0001669e+02   1.4835925e+02
   3.0522764e+02   1.6524148e+02
   3.0509895e+02   1.8431859e+02
   3.0510646e+02   2.0331089e+02
   3.0479637e+02   2.2216975e+02
   2.8119902e+02   2.3886179e+02
   2.9261303e+02   2.4335091e+02
   3.0472135e+02   2.4428080e+02
   3.1864455e+02   2.4315655e+02
   3.3125596e+02   2.3769100e+02
   2.3830639e+02   1.7274954e+02
   2.5095145e+02   1.6936160e+02
   2.6406187e+02   1.6889623e+02
   2.7661381e+02   1.7090505e+02
   2.6380608e+02   1.7326217e+02
   2.5093475e+02   1.7417521e+02
   3.3478372e+02   1.7122124e+02
   3.4624916e+02   1.6751284e+02
   3.5910238e+02   1.6724321e+02
   3.7174071e+02   1.6921547e+02
   3.5948576e+02   1.7109938e+02
   3.4709679e+02   1.7151268e+02
   2.7032830e+02   2.7915109e+02
   2.8185052e+02   2.7358992e+02
   2.9164178e+02   2.6491776e+02
   3.0392563e+02   2.6514224e+02
   3.1824290e+02   2.6376703e+02
   3.3062101e+02   2.7222876e+02
   3.4411359e+02   2.7789919e+02
   3.3089261e+02   2.8112205e+02
   3.1799281e+02   2.8536259e+02
   3.0476446e+02   2.8701658e+02
   2.9290982e+02   2.8583738e+02
   2.8200643e+02   2.8095938e+02
   2.7943230e+02   2.7794277e+02
   2.9138535e+02   2.7333537e+02
   3.0411347e+02   2.7323176e+02
   3.2049340e+02   2.7297996e+02
   3.3628835e+02   2.7687163e+02
   3.2024286e+02   2.7337051e+02
   3.0395658e+02   2.7370557e+02
   2.9124474e+02   2.7380993e+02
