   2.3593798e+02   2.2361150e+02
   2.3668206e+02   2.5783119e+02
   2.3954097e+02   2.9201511e+02
   2.4677470e+02   3.2520961e+02
   2.5707808e+02   3.5775123e+02
   2.7467841e+02   3.8694076e+02
   2.9925025e+02   4.1050637e+02
   3.2869653e+02   4.2777634e+02
   3.6201890e+02   4.3224925e+02
   3.9867856e+02   4.2685728e+02
   4.3232964e+02   4.1292060e+02
   4.6232148e+02   3.9168443e+02
   4.8521368e+02   3.6296722e+02
   4.9963369e+02   3.2917981e+02
   5.0656150e+02   2.9321129e+02
   5.1044669e+02   2.5666414e+02
   5.0889976e+02   2.2027870e+02
   2.5146575e+02   2.1245635e+02
   2.6720682e+02   1.9297704e+02
   2.9100813e+02   1.8424458e+02
   3.1618786e+02   1.8419873e+02
   3.4102898e+02   1.8787328e+02
   3.9040354e+02   1.8851775e+02
   4.1673446e+02   1.8335760e+02
   4.4361536e+02   1.8271797e+02
   4.6968381e+02   1.8960920e+02
   4.8878794e+02   2.0784182e+02
   3.6593668e+02   2.2611515e+02
   3.6492747e+02   2.4736311e+02
   3.6407199e+02   2.6852036e+02
   3.6319515e+02   2.8962873e+02
   3.2986546e+02   3.1634889e+02
   3.4738826e+02   3.1757327e+02
   3.6479371e+02   3.1822218e+02
   3.8246214e+02   3.1791374e+02
   3.9993123e+02   3.1746388e+02
   2.7273284e+02   2.3488896e+02
   2.9411168e+02   2.2250730e+02
   3.1844570e+02   2.2480778e+02
   3.3751784e+02   2.4019646e+02
   3.1488292e+02   2.4192238e+02
   2.9261649e+02   2.4424460e+02
   4.0014435e+02   2.3960375e+02
   4.1809267e+02   2.2193648e+02
   4.4264476e+02   2.2023108e+02
   4.6398068e+02   2.3291031e+02
   4.4355585e+02   2.4065165e+02
   4.2182955e+02   2.4113121e+02
   3.0487677e+02   3.5849661e+02
   3.2235934e+02   3.4523184e+02
   3.4196986e+02   3.3572066e+02
   3.6320739e+02   3.3821344e+02
   3.8575875e+02   3.3621333e+02
   4.0572729e+02   3.4708644e+02
   4.2297261e+02   3.6198403e+02
   4.0386752e+02   3.6921586e+02
   3.8309189e+02   3.7013739e+02
   3.6266236e+02   3.6996706e+02
   3.4261337e+02   3.7000653e+02
   3.2294641e+02   3.6644195e+02
   3.1922568e+02   3.5244181e+02
   3.3357460e+02   3.5231034e+02
   3.6295669e+02   3.5211966e+02
   3.9366756e+02   3.5415669e+02
   4.0832009e+02   3.5418897e+02
   3.9340967e+02   3.5422126e+02
   3.6295250e+02   3.5220508e+02
   3.3326641e+02   3.5257328e+02
