   1.7658889e+02   1.9101625e+02
   1.7583193e+02   2.2510590e+02
   1.8222532e+02   2.5868621e+02
   1.8846618e+02   2.9229731e+02
   2.0001417e+02   3.2441661e+02
   2.2103098e+02   3.5134969e+02
   2.4608629e+02   3.7442140e+02
   2.7517163e+02   3.9207964e+02
   3.0853778e+02   3.9588969e+02
   3.4107976e+02   3.8749073e+02
   3.6856895e+02   3.6839838e+02
   3.9029545e+02   3.4294929e+02
   4.1057773e+02   3.1637314e+02
   4.1920620e+02   2.8399826e+02
   4.2475546e+02   2.5097819e+02
   4.2842878e+02   2.1751238e+02
   4.2959725e+02   1.8416135e+02
   2.0294512e+02   1.6993893e+02
   2.2083025e+02   1.6447755e+02
   2.3933423e+02   1.6263601e+02
   2.5795339e+02   1.6344956e+02
   2.7643578e+02   1.6502013e+02
   3.2564500e+02   1.6358163e+02
   3.4394394e+02   1.6129897e+02
   3.6222468e+02   1.6183163e+02
   3.8050408e+02   1.6066309e+02
   3.9771554e+02   1.6600372e+02
   2.9791991e+02   1.8893014e+02
   2.9746028e+02   2.1051190e+02
   2.9673268e+02   2.3187916e+02
   2.9608614e+02   2.5314777e+02
   2.7342344e+02   2.6309231e+02
   2.8459147e+02   2.6949114e+02
   2.9744140e+02   2.7037190e+02
   3.0956940e+02   2.6877096e+02
   3.2081587e+02   2.6445960e+02
   2.2538279e+02   1.9477349e+02
   2.3994165e+02   1.8379117e+02
   2.5798439e+02   1.8341514e+02
   2.7242019e+02   1.9420940e+02
   2.5655512e+02   1.9579716e+02
   2.4081163e+02   1.9766423e+02
   3.3055999e+02   1.9259669e+02
   3.4367038e+02   1.8093792e+02
   3.6125379e+02   1.8017175e+02
   3.7506688e+02   1.9058510e+02
   3.6053102e+02   1.9420394e+02
   3.4549771e+02   1.9235279e+02
   2.6159641e+02   3.0414988e+02
   2.7394722e+02   2.9692832e+02
   2.8745125e+02   2.9243780e+02
   3.0117886e+02   2.9495236e+02
   3.1591881e+02   2.9217935e+02
   3.3046797e+02   2.9665650e+02
   3.4316380e+02   3.0469310e+02
   3.2995390e+02   3.0973492e+02
   3.1646339e+02   3.1411140e+02
   3.0242680e+02   3.1581516e+02
   2.8817097e+02   3.1396563e+02
   2.7451180e+02   3.0978816e+02
   2.7758777e+02   3.0325287e+02
   2.9002588e+02   3.0106210e+02
   3.0242105e+02   3.0290608e+02
   3.1572095e+02   3.0143961e+02
   3.2898515e+02   3.0183888e+02
   3.1555776e+02   3.0243230e+02
   3.0242093e+02   3.0380491e+02
   2.8999384e+02   3.0245565e+02
