   1.8799056e+02   1.9861936e+02
   1.9158609e+02   2.3362155e+02
   1.9424845e+02   2.6856422e+02
   1.9897582e+02   3.0341981e+02
   2.0764175e+02   3.3744902e+02
   2.2079084e+02   3.6983014e+02
   2.3809444e+02   4.0002587e+02
   2.6133183e+02   4.2609249e+02
   2.9410182e+02   4.3580602e+02
   3.2470162e+02   4.2234207e+02
   3.4772758e+02   3.9806198e+02
   3.6472833e+02   3.6917316e+02
   3.7643087e+02   3.3771972e+02
   3.8436654e+02   3.0510000e+02
   3.8710309e+02   2.7170529e+02
   3.9163607e+02   2.3837999e+02
   3.9394548e+02   2.0502244e+02
   2.0228271e+02   1.8065401e+02
   2.1397768e+02   1.6610348e+02
   2.3352905e+02   1.6617775e+02
   2.5317816e+02   1.6814681e+02
   2.7259603e+02   1.7032815e+02
   3.0825934e+02   1.7262304e+02
   3.2832368e+02   1.7260712e+02
   3.4818150e+02   1.6938371e+02
   3.6797521e+02   1.7081473e+02
   3.7689002e+02   1.8708290e+02
   2.9118384e+02   2.0224080e+02
   2.9139133e+02   2.2772279e+02
   2.9220083e+02   2.5286750e+02
   2.9191208e+02   2.7810946e+02
   2.6668896e+02   2.8666815e+02
   2.7953420e+02   2.9155559e+02
   2.9278563e+02   2.9474224e+02
   3.0510529e+02   2.9107832e+02
   3.1647719e+02   2.8544477e+02
   2.2319602e+02   2.0705975e+02
   2.3859129e+02   2.0006720e+02
   2.5505751e+02   2.0398314e+02
   2.6372821e+02   2.1803332e+02
   2.4842676e+02   2.1826815e+02
   2.3335535e+02   2.1752952e+02
   3.1301193e+02   2.1816162e+02
   3.2208536e+02   2.0348566e+02
   3.3918278e+02   1.9967399e+02
   3.5397523e+02   2.0842356e+02
   3.4322372e+02   2.1828983e+02
   3.2810467e+02   2.1797310e+02
   2.5625680e+02   3.4113339e+02
   2.6324590e+02   3.2622076e+02
   2.7616676e+02   3.1637913e+02
   2.9148506e+02   3.2008355e+02
   3.0601608e+02   3.1673037e+02
   3.1902760e+02   3.2481258e+02
   3.2749505e+02   3.3767145e+02
   3.2385985e+02   3.5829859e+02
   3.1275463e+02   3.7551858e+02
   2.9361737e+02   3.8196123e+02
   2.7456856e+02   3.7655140e+02
   2.6291030e+02   3.6016756e+02
   2.6181635e+02   3.4090773e+02
   2.7344611e+02   3.2581596e+02
   2.9155801e+02   3.2698126e+02
   3.0991628e+02   3.2567187e+02
   3.2346326e+02   3.3786879e+02
   3.1213641e+02   3.5578735e+02
   2.9345869e+02   3.6560295e+02
   2.7431407e+02   3.5750197e+02
