   1.8743525e+02   1.9763778e+02
   1.9079623e+02   2.3285557e+02
   1.9387687e+02   2.6806494e+02
   1.9879955e+02   3.0318540e+02
   2.0839708e+02   3.3717780e+02
   2.2241770e+02   3.6960883e+02
   2.3919767e+02   4.0039616e+02
   2.6260440e+02   4.2667864e+02
   2.9575720e+02   4.3595674e+02
   3.2612160e+02   4.2160864e+02
   3.4859032e+02   3.9686313e+02
   3.6426815e+02   3.6714025e+02
   3.7646308e+02   3.3589301e+02
   3.8458001e+02   3.0336618e+02
   3.8702755e+02   2.6991155e+02
   3.9168510e+02   2.3663513e+02
   3.9369806e+02   2.0328856e+02
   2.0166249e+02   1.8052528e+02
   2.1418239e+02   1.6715441e+02
   2.3345062e+02   1.6691373e+02
   2.5279559e+02   1.6865212e+02
   2.7187478e+02   1.7089956e+02
   3.0732814e+02   1.7288780e+02
   3.2703995e+02   1.7284828e+02
   3.4655321e+02   1.6971752e+02
   3.6594029e+02   1.7173890e+02
   3.7644674e+02   1.8677041e+02
   2.9052560e+02   2.0165546e+02
   2.9090228e+02   2.2705553e+02
   2.9168737e+02   2.5211439e+02
   2.9159285e+02   2.7727428e+02
   2.6651751e+02   2.8576165e+02
   2.7926336e+02   2.9021228e+02
   2.9230950e+02   2.9324777e+02
   3.0453252e+02   2.8969828e+02
   3.1588020e+02   2.8418409e+02
   2.2248084e+02   2.0619683e+02
   2.3781719e+02   1.9928797e+02
   2.5411738e+02   2.0316848e+02
   2.6309139e+02   2.1695425e+02
   2.4791004e+02   2.1713536e+02
   2.3291696e+02   2.1626632e+02
   3.1242202e+02   2.1670321e+02
   3.2157567e+02   2.0251439e+02
   3.3830139e+02   1.9891895e+02
   3.5298209e+02   2.0717274e+02
   3.4229990e+02   2.1689625e+02
   3.2732133e+02   2.1666454e+02
   2.5786267e+02   3.4199810e+02
   2.6258389e+02   3.2477157e+02
   2.7524359e+02   3.1439951e+02
   2.9055837e+02   3.1847382e+02
   3.0495566e+02   3.1457618e+02
   3.1780715e+02   3.2341012e+02
   3.2593582e+02   3.3722032e+02
   3.2396112e+02   3.5960591e+02
   3.1367729e+02   3.7897015e+02
   2.9389218e+02   3.8636916e+02
   2.7426212e+02   3.8075193e+02
   2.6300661e+02   3.6280114e+02
   2.6246261e+02   3.4137128e+02
   2.7306061e+02   3.2436529e+02
   2.9074531e+02   3.2547836e+02
   3.0843939e+02   3.2426731e+02
   3.2092260e+02   3.3769681e+02
   3.1179521e+02   3.5833983e+02
   2.9310294e+02   3.6849243e+02
   2.7401256e+02   3.5992437e+02
