   1.8769246e+02   1.9877485e+02
   1.9068860e+02   2.3294186e+02
   1.9302975e+02   2.6693419e+02
   1.9716564e+02   3.0088683e+02
   2.0453968e+02   3.3434169e+02
   2.1625009e+02   3.6617942e+02
   2.3388329e+02   3.9518383e+02
   2.5688735e+02   4.2020036e+02
   2.8868390e+02   4.3008203e+02
   3.1949667e+02   4.1892954e+02
   3.4341202e+02   3.9604641e+02
   3.6245382e+02   3.6899828e+02
   3.7414989e+02   3.3798923e+02
   3.8225597e+02   3.0579060e+02
   3.8573224e+02   2.7292923e+02
   3.9012390e+02   2.3996675e+02
   3.9263305e+02   2.0703803e+02
   2.0177401e+02   1.8212318e+02
   2.1325754e+02   1.6723621e+02
   2.3288673e+02   1.6767046e+02
   2.5259654e+02   1.7007171e+02
   2.7214174e+02   1.7221683e+02
   3.0749822e+02   1.7475914e+02
   3.2772329e+02   1.7488345e+02
   3.4778761e+02   1.7192367e+02
   3.6780871e+02   1.7293105e+02
   3.7581452e+02   1.8962409e+02
   2.9028397e+02   2.0366650e+02
   2.9028560e+02   2.2897996e+02
   2.9080629e+02   2.5396811e+02
   2.9032761e+02   2.7903663e+02
   2.6506029e+02   2.8764717e+02
   2.7790192e+02   2.9274125e+02
   2.9113978e+02   2.9621731e+02
   3.0349507e+02   2.9247642e+02
   3.1491598e+02   2.8690467e+02
   2.2235774e+02   2.0796879e+02
   2.3775608e+02   2.0099635e+02
   2.5429271e+02   2.0462491e+02
   2.6271891e+02   2.1871742e+02
   2.4742023e+02   2.1914067e+02
   2.3237428e+02   2.1851346e+02
   3.1252481e+02   2.1939788e+02
   3.2155952e+02   2.0481607e+02
   3.3867099e+02   2.0140659e+02
   3.5322714e+02   2.1044090e+02
   3.4238173e+02   2.1998632e+02
   3.2745784e+02   2.1953609e+02
   2.5131382e+02   3.3690833e+02
   2.6194015e+02   3.2637336e+02
   2.7545793e+02   3.1825634e+02
   2.9048184e+02   3.2177637e+02
   3.0486005e+02   3.1895230e+02
   3.1810819e+02   3.2530285e+02
   3.2780469e+02   3.3535882e+02
   3.2122939e+02   3.5247590e+02
   3.0866040e+02   3.6545636e+02
   2.9085770e+02   3.6993742e+02
   2.7301692e+02   3.6546502e+02
   2.6041106e+02   3.5253905e+02
   2.5840528e+02   3.3737728e+02
   2.7203802e+02   3.2683516e+02
   2.9036968e+02   3.2834093e+02
   3.0901989e+02   3.2676084e+02
   3.2412243e+02   3.3556909e+02
   3.0963606e+02   3.4809896e+02
   2.9133537e+02   3.5627032e+02
   2.7250966e+02   3.4968699e+02
