   1.8777586e+02   1.9844976e+02
   1.8760094e+02   2.3155033e+02
   1.9226204e+02   2.6447395e+02
   1.9625360e+02   2.9747503e+02
   2.0625949e+02   3.2901181e+02
   2.1969301e+02   3.5955967e+02
   2.3536876e+02   3.8857158e+02
   2.5932814e+02   4.1139427e+02
   2.9095008e+02   4.1847465e+02
   3.2110876e+02   4.0849424e+02
   3.4414965e+02   3.8650946e+02
   3.6085876e+02   3.5927213e+02
   3.7560224e+02   3.3076230e+02
   3.8514616e+02   3.0021394e+02
   3.8869423e+02   2.6834533e+02
   3.9300873e+02   2.3658204e+02
   3.9366389e+02   2.0481082e+02
   2.0055444e+02   1.9187449e+02
   2.1686883e+02   1.8377854e+02
   2.3502460e+02   1.8293598e+02
   2.5308448e+02   1.8491412e+02
   2.7093195e+02   1.8709070e+02
   3.0419016e+02   1.8781953e+02
   3.2272146e+02   1.8792395e+02
   3.4125230e+02   1.8614914e+02
   3.5939185e+02   1.8948496e+02
   3.7578974e+02   1.9917896e+02
   2.8870458e+02   2.0893735e+02
   2.8957081e+02   2.3337088e+02
   2.8932211e+02   2.5747300e+02
   2.8992848e+02   2.8164952e+02
   2.6542433e+02   2.9042983e+02
   2.7779983e+02   2.9303585e+02
   2.8976434e+02   2.9627124e+02
   3.0162608e+02   2.9282740e+02
   3.1307004e+02   2.8806384e+02
   2.1997710e+02   2.1062204e+02
   2.3501783e+02   2.0398928e+02
   2.5085557e+02   2.0615137e+02
   2.6087529e+02   2.1858172e+02
   2.4628445e+02   2.1952672e+02
   2.3172156e+02   2.1860447e+02
   3.1335254e+02   2.1773682e+02
   3.2265301e+02   2.0659272e+02
   3.3734064e+02   2.0575141e+02
   3.5062881e+02   2.1217419e+02
   3.3998157e+02   2.1989281e+02
   3.2654183e+02   2.1980579e+02
   2.5304793e+02   3.3505596e+02
   2.6057125e+02   3.2293363e+02
   2.7441094e+02   3.1672347e+02
   2.8857793e+02   3.2199841e+02
   3.0164604e+02   3.1694327e+02
   3.1473064e+02   3.2242350e+02
   3.2640812e+02   3.2937165e+02
   3.2129833e+02   3.4713506e+02
   3.0925264e+02   3.6090430e+02
   2.9130041e+02   3.6555473e+02
   2.7335060e+02   3.6302267e+02
   2.6015733e+02   3.5117646e+02
   2.5883791e+02   3.3491156e+02
   2.7237896e+02   3.2623044e+02
   2.8870911e+02   3.2824220e+02
   3.0388280e+02   3.2606535e+02
   3.1703721e+02   3.3156558e+02
   3.0675824e+02   3.4513139e+02
   2.8952761e+02   3.5035454e+02
   2.7195539e+02   3.4595195e+02
