   2.5190846e+02   2.2691561e+02
   2.5451055e+02   2.5120589e+02
   2.5904659e+02   2.7495712e+02
   2.6495869e+02   2.9847096e+02
   2.7536026e+02   3.2033951e+02
   2.9034012e+02   3.3932757e+02
   3.0893458e+02   3.5490851e+02
   3.3011963e+02   3.6693568e+02
   3.5375306e+02   3.7012011e+02
   3.7745884e+02   3.6729883e+02
   3.9871372e+02   3.5654637e+02
   4.1692771e+02   3.4086835e+02
   4.3132179e+02   3.2178955e+02
   4.4235839e+02   3.0063402e+02
   4.4661632e+02   2.7710579e+02
   4.4916024e+02   2.5331023e+02
   4.5129806e+02   2.2959731e+02
   2.7125681e+02   1.9292175e+02
   2.8651610e+02   1.8441185e+02
   3.0348399e+02   1.8009191e+02
   3.2075267e+02   1.8020783e+02
   3.3651345e+02   1.8716290e+02
   3.6370519e+02   1.8665672e+02
   3.7963875e+02   1.7872630e+02
   3.9746680e+02   1.7762909e+02
   4.1429035e+02   1.8344743e+02
   4.3089491e+02   1.8958621e+02
   3.5079932e+02   2.0775181e+02
   3.5112738e+02   2.2219942e+02
   3.5115438e+02   2.3651594e+02
   3.5147936e+02   2.5081160e+02
   3.3036027e+02   2.6759218e+02
   3.4057441e+02   2.7052636e+02
   3.5103122e+02   2.7195047e+02
   3.6110277e+02   2.7113354e+02
   3.7073295e+02   2.6866502e+02
   2.9039957e+02   2.0988938e+02
   3.0157942e+02   2.0297581e+02
   3.1437191e+02   2.0098449e+02
   3.2574316e+02   2.0683247e+02
   3.1403477e+02   2.0942106e+02
   3.0222117e+02   2.1043589e+02
   3.7620851e+02   2.0775456e+02
   3.8689395e+02   2.0124448e+02
   3.9952678e+02   2.0299237e+02
   4.1011308e+02   2.0987634e+02
   3.9874048e+02   2.1072882e+02
   3.8730266e+02   2.1006404e+02
   3.1693825e+02   3.0144789e+02
   3.2751119e+02   2.9475668e+02
   3.3934111e+02   2.9113835e+02
   3.5128458e+02   2.9346890e+02
   3.6411526e+02   2.9190018e+02
   3.7669396e+02   2.9558283e+02
   3.8837325e+02   3.0118227e+02
   3.7790093e+02   3.0894331e+02
   3.6570156e+02   3.1370281e+02
   3.5285264e+02   3.1541557e+02
   3.3939001e+02   3.1423225e+02
   3.2676182e+02   3.1020448e+02
   3.2946840e+02   3.0135426e+02
   3.4059988e+02   3.0119571e+02
   3.5163033e+02   3.0180244e+02
   3.6425186e+02   2.9996261e+02
   3.7677000e+02   3.0140582e+02
   3.6414052e+02   3.0158910e+02
   3.5164238e+02   3.0322099e+02
   3.4051057e+02   3.0221347e+02
