   2.5217613e+02   2.2637423e+02
   2.5476431e+02   2.5066576e+02
   2.5926107e+02   2.7442038e+02
   2.6516159e+02   2.9793795e+02
   2.7557045e+02   3.1979582e+02
   2.9055787e+02   3.3877597e+02
   3.0913241e+02   3.5437513e+02
   3.3031860e+02   3.6640546e+02
   3.5395160e+02   3.6958985e+02
   3.7765870e+02   3.6680105e+02
   3.9889086e+02   3.5602910e+02
   4.1709916e+02   3.4034344e+02
   4.3153681e+02   3.2129851e+02
   4.4264345e+02   3.0018245e+02
   4.4693549e+02   2.7666516e+02
   4.4947863e+02   2.5287868e+02
   4.5160741e+02   2.2916663e+02
   2.7166293e+02   1.9230391e+02
   2.8701237e+02   1.8396415e+02
   3.0397866e+02   1.7969040e+02
   3.2122700e+02   1.7983095e+02
   3.3699334e+02   1.8675234e+02
   3.6394343e+02   1.8629907e+02
   3.7994026e+02   1.7843858e+02
   3.9777000e+02   1.7728640e+02
   4.1458643e+02   1.8314096e+02
   4.3123664e+02   1.8919692e+02
   3.5114113e+02   2.0716244e+02
   3.5144658e+02   2.2156212e+02
   3.5146187e+02   2.3583845e+02
   3.5177239e+02   2.5008635e+02
   3.3054212e+02   2.6660865e+02
   3.4076908e+02   2.6970308e+02
   3.5129005e+02   2.7120050e+02
   3.6143925e+02   2.7029627e+02
   3.7111895e+02   2.6770646e+02
   2.9068945e+02   2.0932341e+02
   3.0188179e+02   2.0248165e+02
   3.1465039e+02   2.0049830e+02
   3.2604317e+02   2.0625542e+02
   3.1432269e+02   2.0877940e+02
   3.0250682e+02   2.0976421e+02
   3.7649811e+02   2.0720129e+02
   3.8723332e+02   2.0078834e+02
   3.9986086e+02   2.0256728e+02
   4.1048175e+02   2.0938956e+02
   3.9908156e+02   2.1011526e+02
   3.8762000e+02   2.0943045e+02
   3.1705766e+02   3.0054399e+02
   3.2768196e+02   2.9388844e+02
   3.3955183e+02   2.9031581e+02
   3.5153430e+02   2.9261780e+02
   3.6438560e+02   2.9109144e+02
   3.7697681e+02   2.9473164e+02
   3.8865077e+02   3.0035569e+02
   3.7812674e+02   3.0803684e+02
   3.6589443e+02   3.1271444e+02
   3.5303113e+02   3.1436632e+02
   3.3956877e+02   3.1319077e+02
   3.2692512e+02   3.0922594e+02
   3.2961761e+02   3.0045027e+02
   3.4078570e+02   3.0025613e+02
   3.5185529e+02   3.0090157e+02
   3.6446893e+02   2.9905776e+02
   3.7698156e+02   3.0052695e+02
   3.6436211e+02   3.0070267e+02
   3.5186978e+02   3.0229171e+02
   3.4070124e+02   3.0129392e+02
