   2.5212262e+02   2.2681529e+02
   2.5468704e+02   2.5111643e+02
   2.5919934e+02   2.7487140e+02
   2.6508397e+02   2.9839681e+02
   2.7545381e+02   3.2028624e+02
   2.9038643e+02   3.3931550e+02
   3.0897459e+02   3.5490715e+02
   3.3016303e+02   3.6695853e+02
   3.5379040e+02   3.7018160e+02
   3.7750705e+02   3.6739317e+02
   3.9877312e+02   3.5665316e+02
   4.1702102e+02   3.4099777e+02
   4.3143164e+02   3.2191647e+02
   4.4252670e+02   3.0078260e+02
   4.4678915e+02   2.7724798e+02
   4.4933386e+02   2.5344435e+02
   4.5149247e+02   2.2972616e+02
   2.7154866e+02   1.9290776e+02
   2.8685693e+02   1.8447653e+02
   3.0382714e+02   1.8019486e+02
   3.2107949e+02   1.8033112e+02
   3.3685444e+02   1.8724480e+02
   3.6386174e+02   1.8676059e+02
   3.7983357e+02   1.7889675e+02
   3.9766599e+02   1.7783680e+02
   4.1447794e+02   1.8368115e+02
   4.3109861e+02   1.8978283e+02
   3.5101618e+02   2.0776184e+02
   3.5133917e+02   2.2223243e+02
   3.5134597e+02   2.3656970e+02
   3.5167315e+02   2.5088783e+02
   3.3050286e+02   2.6775603e+02
   3.4072769e+02   2.7065351e+02
   3.5117645e+02   2.7206890e+02
   3.6123958e+02   2.7130266e+02
   3.7087004e+02   2.6888193e+02
   2.9064783e+02   2.0984531e+02
   3.0182981e+02   2.0295438e+02
   3.1460849e+02   2.0097643e+02
   3.2596790e+02   2.0682612e+02
   3.1426786e+02   2.0941838e+02
   3.0246562e+02   2.1042150e+02
   3.7645611e+02   2.0782808e+02
   3.8712659e+02   2.0131727e+02
   3.9974417e+02   2.0311048e+02
   4.1031303e+02   2.1000596e+02
   3.9895198e+02   2.1084975e+02
   3.8752708e+02   2.1018472e+02
   3.1706169e+02   3.0154065e+02
   3.2764250e+02   2.9487352e+02
   3.3946614e+02   2.9126869e+02
   3.5140178e+02   2.9359169e+02
   3.6423504e+02   2.9205829e+02
   3.7681017e+02   2.9575816e+02
   3.8848499e+02   3.0136100e+02
   3.7802687e+02   3.0917162e+02
   3.6581539e+02   3.1395915e+02
   3.5295063e+02   3.1566039e+02
   3.3947334e+02   3.1445599e+02
   3.2684622e+02   3.1037558e+02
   3.2961598e+02   3.0149263e+02
   3.4072759e+02   3.0138034e+02
   3.5173825e+02   3.0198696e+02
   3.6437960e+02   3.0015002e+02
   3.7691379e+02   3.0161757e+02
   3.6426668e+02   3.0176932e+02
   3.5174658e+02   3.0339743e+02
   3.4063695e+02   3.0237054e+02
