   2.5211316e+02   2.2683373e+02
   2.5464749e+02   2.5116233e+02
   2.5915223e+02   2.7494049e+02
   2.6501485e+02   2.9849425e+02
   2.7535579e+02   3.2042629e+02
   2.9025603e+02   3.3950948e+02
   3.0885462e+02   3.5512430e+02
   3.3005342e+02   3.6721298e+02
   3.5369459e+02   3.7047780e+02
   3.7743836e+02   3.6770698e+02
   3.9874702e+02   3.5698985e+02
   4.1704340e+02   3.4135134e+02
   4.3146758e+02   3.2224643e+02
   4.4258644e+02   3.0109631e+02
   4.4685482e+02   2.7753626e+02
   4.4941912e+02   2.5370572e+02
   4.5161266e+02   2.2996609e+02
   2.7155644e+02   1.9299971e+02
   2.8686776e+02   1.8453500e+02
   3.0385703e+02   1.8026146e+02
   3.2112384e+02   1.8040972e+02
   3.3691248e+02   1.8733243e+02
   3.6395275e+02   1.8685368e+02
   3.7993461e+02   1.7899924e+02
   3.9778407e+02   1.7799951e+02
   4.1460243e+02   1.8385790e+02
   4.3121957e+02   1.8999502e+02
   3.5106647e+02   2.0792164e+02
   3.5138766e+02   2.2244119e+02
   3.5137832e+02   2.3682199e+02
   3.5170405e+02   2.5118858e+02
   3.3052880e+02   2.6823326e+02
   3.4076012e+02   2.7104051e+02
   3.5118045e+02   2.7242341e+02
   3.6120941e+02   2.7173579e+02
   3.7082531e+02   2.6940696e+02
   2.9069087e+02   2.0992164e+02
   3.0188202e+02   2.0301098e+02
   3.1467618e+02   2.0104426e+02
   3.2602334e+02   2.0695208e+02
   3.1432262e+02   2.0957203e+02
   3.0251772e+02   2.1057556e+02
   3.7657068e+02   2.0802521e+02
   3.8722148e+02   2.0146857e+02
   3.9984183e+02   2.0328335e+02
   4.1038741e+02   2.1022873e+02
   3.9903659e+02   2.1112220e+02
   3.8762191e+02   2.1045829e+02
   3.1707242e+02   3.0195581e+02
   3.2764607e+02   2.9528721e+02
   3.3945877e+02   2.9167321e+02
   3.5137893e+02   2.9401598e+02
   3.6421523e+02   2.9249021e+02
   3.7678986e+02   2.9623270e+02
   3.8847035e+02   3.0183826e+02
   3.7803166e+02   3.0971602e+02
   3.6581576e+02   3.1455535e+02
   3.5293700e+02   3.1627202e+02
   3.3944081e+02   3.1504108e+02
   3.2681445e+02   3.1088700e+02
   3.2963653e+02   3.0194321e+02
   3.4072779e+02   3.0188296e+02
   3.5171641e+02   3.0247875e+02
   3.6438484e+02   3.0065281e+02
   3.7694036e+02   3.0213185e+02
   3.6426759e+02   3.0226015e+02
   3.5172039e+02   3.0389955e+02
   3.4063328e+02   3.0284803e+02
