   2.5168012e+02   2.2530799e+02
   2.5427682e+02   2.4960952e+02
   2.5882776e+02   2.7361713e+02
   2.6450268e+02   2.9724507e+02
   2.7463609e+02   3.1938692e+02
   2.8992054e+02   3.3829131e+02
   3.0832242e+02   3.5437232e+02
   3.2897555e+02   3.6685191e+02
   3.5279146e+02   3.7021566e+02
   3.7651474e+02   3.6724518e+02
   3.9846339e+02   3.5739098e+02
   4.1677737e+02   3.4200166e+02
   4.3119663e+02   3.2309178e+02
   4.4090250e+02   3.0122135e+02
   4.4576358e+02   2.7774539e+02
   4.4947531e+02   2.5398774e+02
   4.5236822e+02   2.3032957e+02
   2.6897059e+02   1.9079083e+02
   2.8230399e+02   1.7864155e+02
   2.9957416e+02   1.7351052e+02
   3.1766042e+02   1.7361722e+02
   3.3274934e+02   1.8290722e+02
   3.6816446e+02   1.8248437e+02
   3.8277741e+02   1.7260972e+02
   4.0065382e+02   1.7214883e+02
   4.1771587e+02   1.7767469e+02
   4.3310373e+02   1.8672895e+02
   3.5116708e+02   2.0861640e+02
   3.5122714e+02   2.2323654e+02
   3.5123449e+02   2.3766533e+02
   3.5100188e+02   2.5214199e+02
   3.3171651e+02   2.6923201e+02
   3.4142051e+02   2.7148075e+02
   3.5123464e+02   2.7266299e+02
   3.6059522e+02   2.7219039e+02
   3.6974201e+02   2.7056388e+02
   2.9010737e+02   2.0890741e+02
   3.0149034e+02   2.0094066e+02
   3.1515081e+02   1.9910987e+02
   3.2633051e+02   2.0672840e+02
   3.1435408e+02   2.0953677e+02
   3.0213958e+02   2.1068664e+02
   3.7667754e+02   2.0773565e+02
   3.8748233e+02   2.0041395e+02
   4.0059299e+02   2.0120737e+02
   4.1090379e+02   2.0918684e+02
   3.9947006e+02   2.1141567e+02
   3.8796597e+02   2.1046421e+02
   3.1787575e+02   3.0345093e+02
   3.2796493e+02   2.9612312e+02
   3.3968782e+02   2.9209196e+02
   3.5128041e+02   2.9559731e+02
   3.6394415e+02   2.9316186e+02
   3.7635845e+02   2.9760876e+02
   3.8803818e+02   3.0340135e+02
   3.7743944e+02   3.1050275e+02
   3.6567179e+02   3.1508117e+02
   3.5324225e+02   3.1729633e+02
   3.4011211e+02   3.1588989e+02
   3.2776656e+02   3.1173218e+02
   3.2948445e+02   3.0278740e+02
   3.4072928e+02   3.0245416e+02
   3.5179790e+02   3.0308638e+02
   3.6419559e+02   3.0182493e+02
   3.7639853e+02   3.0291146e+02
   3.6398456e+02   3.0339623e+02
   3.5180117e+02   3.0510550e+02
   3.4055672e+02   3.0391695e+02
