   2.5195290e+02   2.2691075e+02
   2.5455292e+02   2.5119180e+02
   2.5908558e+02   2.7493365e+02
   2.6499486e+02   2.9843852e+02
   2.7539238e+02   3.2029827e+02
   2.9036545e+02   3.3927953e+02
   3.0895221e+02   3.5485452e+02
   3.3012977e+02   3.6687698e+02
   3.5375367e+02   3.7006061e+02
   3.7745045e+02   3.6724216e+02
   3.9869571e+02   3.5649241e+02
   4.1690291e+02   3.4082029e+02
   4.3129296e+02   3.2174967e+02
   4.4233002e+02   3.0060478e+02
   4.4658664e+02   2.7708586e+02
   4.4912813e+02   2.5329964e+02
   4.5126428e+02   2.2959581e+02
   2.7130174e+02   1.9292994e+02
   2.8656105e+02   1.8443426e+02
   3.0352196e+02   1.8011904e+02
   3.2078204e+02   1.8023601e+02
   3.3653791e+02   1.8718378e+02
   3.6369855e+02   1.8667972e+02
   3.7963011e+02   1.7875801e+02
   3.9745129e+02   1.7765945e+02
   4.1426760e+02   1.8347742e+02
   4.3086881e+02   1.8960710e+02
   3.5080682e+02   2.0775184e+02
   3.5113433e+02   2.2219258e+02
   3.5116064e+02   2.3650256e+02
   3.5148578e+02   2.5079140e+02
   3.3036842e+02   2.6755889e+02
   3.4057980e+02   2.7049692e+02
   3.5103511e+02   2.7192280e+02
   3.6110580e+02   2.7110404e+02
   3.7073430e+02   2.6863264e+02
   2.9043037e+02   2.0989061e+02
   3.0160605e+02   2.0298355e+02
   3.1439154e+02   2.0099329e+02
   3.2575903e+02   2.0683413e+02
   3.1405530e+02   2.0941958e+02
   3.0224692e+02   2.1043274e+02
   3.7620499e+02   2.0775785e+02
   3.8688737e+02   2.0125419e+02
   3.9951428e+02   2.0300429e+02
   4.1009753e+02   2.0988259e+02
   3.9872879e+02   2.1072911e+02
   3.8729502e+02   2.1006434e+02
   3.1694995e+02   3.0140214e+02
   3.2752105e+02   2.9471579e+02
   3.3934759e+02   2.9110097e+02
   3.5128787e+02   2.9342818e+02
   3.6411443e+02   2.9186301e+02
   3.7668875e+02   2.9554232e+02
   3.8836326e+02   3.0114014e+02
   3.7789387e+02   3.0889745e+02
   3.6569752e+02   3.1365336e+02
   3.5285237e+02   3.1536282e+02
   3.3939431e+02   3.1418011e+02
   3.2677025e+02   3.1015504e+02
   3.2947766e+02   3.0131002e+02
   3.4060543e+02   3.0115149e+02
   3.5163237e+02   3.0175910e+02
   3.6424938e+02   2.9991921e+02
   3.7676315e+02   3.0136349e+02
   3.6413831e+02   3.0154556e+02
   3.5164443e+02   3.0317538e+02
   3.4051638e+02   3.0216842e+02
