   2.2148188e+02   2.1174715e+02
   2.2348667e+02   2.4142478e+02
   2.2992265e+02   2.7016501e+02
   2.3844926e+02   2.9841364e+02
   2.4954271e+02   3.2571030e+02
   2.6616136e+02   3.5005303e+02
   2.8753238e+02   3.7040833e+02
   3.1297550e+02   3.8507309e+02
   3.4193879e+02   3.8837431e+02
   3.7175232e+02   3.8132951e+02
   3.9746366e+02   3.6486964e+02
   4.1792103e+02   3.4221318e+02
   4.3226703e+02   3.1522911e+02
   4.4333998e+02   2.8676280e+02
   4.4976505e+02   2.5664642e+02
   4.5405553e+02   2.2642154e+02
   4.5422929e+02   1.9605591e+02
   2.3715996e+02   1.8634320e+02
   2.5156902e+02   1.7395422e+02
   2.7045443e+02   1.7078748e+02
   2.8896221e+02   1.7540941e+02
   3.0524374e+02   1.8564416e+02
   3.4966649e+02   1.8326086e+02
   3.6619604e+02   1.6827401e+02
   3.8652962e+02   1.5945344e+02
   4.0856897e+02   1.5914628e+02
   4.2622774e+02   1.7158551e+02
   3.3176422e+02   2.0410297e+02
   3.3181887e+02   2.2678182e+02
   3.3147660e+02   2.4915343e+02
   3.3163431e+02   2.7162854e+02
   3.0303031e+02   2.8012756e+02
   3.1646752e+02   2.8913588e+02
   3.3206397e+02   2.9283172e+02
   3.4845575e+02   2.8919282e+02
   3.6236863e+02   2.7974207e+02
   2.5897509e+02   2.1134488e+02
   2.7286272e+02   2.0091419e+02
   2.9051583e+02   2.0517465e+02
   3.0441983e+02   2.1642142e+02
   2.8841936e+02   2.1877999e+02
   2.7257531e+02   2.1881667e+02
   3.5998029e+02   2.1337612e+02
   3.7157789e+02   2.0001329e+02
   3.8836393e+02   1.9415662e+02
   4.0494905e+02   1.9984892e+02
   3.9261926e+02   2.1021138e+02
   3.7643976e+02   2.1257019e+02
   2.9691809e+02   3.1952862e+02
   3.0822880e+02   3.1221459e+02
   3.2118991e+02   3.0824789e+02
   3.3442806e+02   3.1026575e+02
   3.4917798e+02   3.0813119e+02
   3.6386592e+02   3.1154521e+02
   3.7812452e+02   3.1557201e+02
   3.6635658e+02   3.2809270e+02
   3.5194856e+02   3.3743057e+02
   3.3531260e+02   3.4078218e+02
   3.2032566e+02   3.3818662e+02
   3.0735989e+02   3.3029096e+02
   3.0374425e+02   3.2030677e+02
   3.1954225e+02   3.1864926e+02
   3.3543089e+02   3.1918841e+02
   3.5325111e+02   3.1805726e+02
   3.7084958e+02   3.1793757e+02
   3.5296669e+02   3.2060609e+02
   3.3504459e+02   3.2172439e+02
   3.1918826e+02   3.2100626e+02
