   1.7597994e+02   2.2159378e+02
   1.7797607e+02   2.5189769e+02
   1.8234299e+02   2.8189316e+02
   1.8646514e+02   3.1172157e+02
   1.9088575e+02   3.4182719e+02
   2.0424810e+02   3.6869048e+02
   2.2567337e+02   3.8983716e+02
   2.5238830e+02   4.0349722e+02
   2.8192273e+02   4.0906684e+02
   3.1237440e+02   4.0680386e+02
   3.4080475e+02   3.9608075e+02
   3.6612737e+02   3.7950271e+02
   3.8083892e+02   3.5300421e+02
   3.9028897e+02   3.2408072e+02
   3.9703992e+02   2.9436410e+02
   4.0208833e+02   2.6431079e+02
   4.0447185e+02   2.3410224e+02
   1.8870650e+02   2.1590936e+02
   1.9968611e+02   1.9707958e+02
   2.2126921e+02   1.9083552e+02
   2.4367167e+02   1.9369931e+02
   2.6520327e+02   1.9733337e+02
   2.9959637e+02   1.9780822e+02
   3.2118847e+02   1.9577014e+02
   3.4301549e+02   1.9479875e+02
   3.6453823e+02   1.9988485e+02
   3.8161135e+02   2.1336632e+02
   2.8510249e+02   2.1777236e+02
   2.8293811e+02   2.3947675e+02
   2.8060750e+02   2.6089767e+02
   2.7838643e+02   2.8235689e+02
   2.5687597e+02   2.9792699e+02
   2.6815509e+02   3.0017800e+02
   2.7951239e+02   3.0148544e+02
   2.9168495e+02   3.0095275e+02
   3.0364718e+02   2.9914720e+02
   2.0829216e+02   2.2582110e+02
   2.2467142e+02   2.1473115e+02
   2.4460487e+02   2.1734330e+02
   2.6096960e+02   2.2896443e+02
   2.4317980e+02   2.3043154e+02
   2.2530343e+02   2.3050118e+02
   3.0818074e+02   2.3092708e+02
   3.2464153e+02   2.2003432e+02
   3.4435126e+02   2.1872983e+02
   3.6077827e+02   2.2897690e+02
   3.4387115e+02   2.3533341e+02
   3.2587026e+02   2.3397124e+02
   2.4667425e+02   3.3547782e+02
   2.5676719e+02   3.2476572e+02
   2.7001607e+02   3.1881688e+02
   2.8336133e+02   3.2339255e+02
   2.9643714e+02   3.1897008e+02
   3.0880152e+02   3.2591248e+02
   3.1871277e+02   3.3607559e+02
   3.0822948e+02   3.4443462e+02
   2.9609783e+02   3.4993998e+02
   2.8293838e+02   3.5004719e+02
   2.6974221e+02   3.4871278e+02
   2.5787990e+02   3.4254681e+02
   2.5573315e+02   3.3028075e+02
   2.6479205e+02   3.3006055e+02
   2.8306147e+02   3.3413370e+02
   3.0125566e+02   3.3014831e+02
   3.0998421e+02   3.3033886e+02
   3.0099102e+02   3.3052940e+02
   2.8302431e+02   3.3442214e+02
   2.6463314e+02   3.3050094e+02
