   1.7512241e+02   2.2138907e+02
   1.7729365e+02   2.5194357e+02
   1.8185446e+02   2.8217401e+02
   1.8617404e+02   3.1232873e+02
   1.9080744e+02   3.4267425e+02
   2.0360830e+02   3.7013095e+02
   2.2602491e+02   3.9075865e+02
   2.5210780e+02   4.0647374e+02
   2.8175063e+02   4.1138971e+02
   3.1268927e+02   4.0961422e+02
   3.4152679e+02   3.9803525e+02
   3.6738004e+02   3.8125363e+02
   3.8206679e+02   3.5417620e+02
   3.9160217e+02   3.2462592e+02
   3.9832016e+02   2.9436073e+02
   4.0334489e+02   2.6373114e+02
   4.0564735e+02   2.3281459e+02
   1.8792895e+02   2.1558938e+02
   1.9589098e+02   1.9319583e+02
   2.1915644e+02   1.8624179e+02
   2.4319044e+02   1.9203246e+02
   2.6478593e+02   2.0428694e+02
   2.9962106e+02   2.0887510e+02
   3.2109689e+02   1.9883573e+02
   3.4369269e+02   1.9262809e+02
   3.6658440e+02   1.9649293e+02
   3.8400159e+02   2.1156265e+02
   2.8582076e+02   2.1732760e+02
   2.8387643e+02   2.3914603e+02
   2.8189400e+02   2.6088624e+02
   2.7998987e+02   2.8257399e+02
   2.5702711e+02   2.9741029e+02
   2.6847176e+02   2.9944015e+02
   2.7985890e+02   3.0085014e+02
   2.9189299e+02   3.0086284e+02
   3.0382314e+02   3.0000682e+02
   2.0705294e+02   2.2463258e+02
   2.2334333e+02   2.1308023e+02
   2.4348320e+02   2.1620436e+02
   2.5888385e+02   2.2951284e+02
   2.4129600e+02   2.2864285e+02
   2.2390480e+02   2.2863191e+02
   3.0906845e+02   2.3260951e+02
   3.2473658e+02   2.2003822e+02
   3.4472706e+02   2.1772423e+02
   3.6205338e+02   2.2729190e+02
   3.4536036e+02   2.3405512e+02
   3.2719916e+02   2.3246895e+02
   2.4422324e+02   3.3722903e+02
   2.5443778e+02   3.2587015e+02
   2.6801926e+02   3.1954817e+02
   2.8150454e+02   3.2505227e+02
   2.9589818e+02   3.2012328e+02
   3.0930119e+02   3.2841967e+02
   3.2028254e+02   3.3973606e+02
   3.0837628e+02   3.4717221e+02
   2.9534231e+02   3.5212733e+02
   2.8147615e+02   3.5170860e+02
   2.6806581e+02   3.5003852e+02
   2.5606962e+02   3.4377651e+02
   2.5357354e+02   3.3272179e+02
   2.6292385e+02   3.3252438e+02
   2.8165221e+02   3.3553805e+02
   3.0148965e+02   3.3378233e+02
   3.1088609e+02   3.3393045e+02
   3.0114745e+02   3.3407857e+02
   2.8151896e+02   3.3583220e+02
   2.6262732e+02   3.3291919e+02
