   1.7529001e+02   2.2161827e+02
   1.7747548e+02   2.5212602e+02
   1.8204682e+02   2.8230970e+02
   1.8636818e+02   3.1229149e+02
   1.9098688e+02   3.4258370e+02
   2.0497890e+02   3.6935513e+02
   2.2635996e+02   3.9080366e+02
   2.5375999e+02   4.0346973e+02
   2.8361411e+02   4.0915755e+02
   3.1415211e+02   4.0639809e+02
   3.4262126e+02   3.9569244e+02
   3.6784168e+02   3.7882115e+02
   3.8253599e+02   3.5217486e+02
   3.9180814e+02   3.2314957e+02
   3.9840407e+02   2.9329734e+02
   4.0327610e+02   2.6313043e+02
   4.0547816e+02   2.3289499e+02
   1.8807417e+02   2.1581989e+02
   2.0040119e+02   1.9830312e+02
   2.2140870e+02   1.9213430e+02
   2.4333061e+02   1.9349962e+02
   2.6506425e+02   1.9303392e+02
   2.9961794e+02   1.9132377e+02
   3.2152941e+02   1.9279572e+02
   3.4327973e+02   1.9406776e+02
   3.6446539e+02   1.9955877e+02
   3.8163219e+02   2.1236281e+02
   2.8485992e+02   2.1697428e+02
   2.8274772e+02   2.3888507e+02
   2.8040468e+02   2.6041599e+02
   2.7818763e+02   2.8202670e+02
   2.5724456e+02   2.9828029e+02
   2.6859141e+02   3.0056672e+02
   2.8007098e+02   3.0174762e+02
   2.9243574e+02   3.0085499e+02
   3.0452608e+02   2.9849006e+02
   2.0818650e+02   2.2607827e+02
   2.2467172e+02   2.1485020e+02
   2.4478757e+02   2.1710484e+02
   2.6184856e+02   2.2801512e+02
   2.4379513e+02   2.3073050e+02
   2.2550061e+02   2.3098851e+02
   3.0821366e+02   2.2909818e+02
   3.2512830e+02   2.1863450e+02
   3.4496001e+02   2.1760875e+02
   3.6123309e+02   2.2824622e+02
   3.4407945e+02   2.3461734e+02
   3.2593874e+02   2.3351100e+02
   2.4843622e+02   3.3526650e+02
   2.5849931e+02   3.2465331e+02
   2.7169337e+02   3.1870413e+02
   2.8515486e+02   3.2279033e+02
   2.9772988e+02   3.1845238e+02
   3.0979093e+02   3.2475418e+02
   3.1940285e+02   3.3441013e+02
   3.0953250e+02   3.4340078e+02
   2.9771858e+02   3.4933648e+02
   2.8472591e+02   3.4977651e+02
   2.7148336e+02   3.4869067e+02
   2.5952484e+02   3.4256211e+02
   2.5743445e+02   3.2955112e+02
   2.6643269e+02   3.2931807e+02
   2.8472176e+02   3.3381121e+02
   3.0230938e+02   3.2859752e+02
   3.1085612e+02   3.2881255e+02
   3.0207964e+02   3.2902758e+02
   2.8472348e+02   3.3410107e+02
   2.6633863e+02   3.2978417e+02
