   2.4808294e+02   2.2035693e+02
   2.5100288e+02   2.4514585e+02
   2.5465369e+02   2.6956902e+02
   2.5820056e+02   2.9398534e+02
   2.6353963e+02   3.1804227e+02
   2.7815633e+02   3.3791984e+02
   2.9761599e+02   3.5301848e+02
   3.1913836e+02   3.6481682e+02
   3.4320669e+02   3.6997641e+02
   3.6502276e+02   3.6515903e+02
   3.8409184e+02   3.5339694e+02
   3.9938370e+02   3.3713098e+02
   4.1150285e+02   3.1822220e+02
   4.1801589e+02   2.9698669e+02
   4.2143513e+02   2.7464882e+02
   4.2588877e+02   2.5268112e+02
   4.2812984e+02   2.3059852e+02
   2.7657971e+02   2.1982216e+02
   2.9095414e+02   2.0892927e+02
   3.0915629e+02   2.0708190e+02
   3.2735835e+02   2.0806066e+02
   3.4545968e+02   2.0987190e+02
   3.5936685e+02   2.1198728e+02
   3.7600963e+02   2.1190835e+02
   3.9247030e+02   2.1125143e+02
   4.0851349e+02   2.1438465e+02
   4.1794615e+02   2.2707986e+02
   3.5006144e+02   2.2426601e+02
   3.5101175e+02   2.3760704e+02
   3.5136810e+02   2.5085619e+02
   3.5173113e+02   2.6401521e+02
   3.2468287e+02   2.7974302e+02
   3.3661939e+02   2.8190782e+02
   3.4856323e+02   2.8265190e+02
   3.5871805e+02   2.8278447e+02
   3.6866161e+02   2.8178667e+02
   2.9490723e+02   2.2715145e+02
   3.0551919e+02   2.2224554e+02
   3.1705678e+02   2.2187990e+02
   3.2726266e+02   2.2704830e+02
   3.1634526e+02   2.2881029e+02
   3.0550326e+02   2.2937065e+02
   3.6963153e+02   2.2870318e+02
   3.8055533e+02   2.2559315e+02
   3.9172294e+02   2.2639941e+02
   4.0137646e+02   2.3201990e+02
   3.9057734e+02   2.3282595e+02
   3.7987861e+02   2.3186616e+02
   3.1160649e+02   3.1037034e+02
   3.2249004e+02   3.0433007e+02
   3.3349670e+02   2.9846430e+02
   3.4444173e+02   3.0286500e+02
   3.5601221e+02   3.0064339e+02
   3.6651626e+02   3.0653367e+02
   3.7544089e+02   3.1464954e+02
   3.6637070e+02   3.2143389e+02
   3.5543638e+02   3.2420171e+02
   3.4422571e+02   3.2522724e+02
   3.3170751e+02   3.2402413e+02
   3.1999373e+02   3.1952235e+02
   3.1523224e+02   3.1050874e+02
   3.3006200e+02   3.0927189e+02
   3.4460186e+02   3.1051888e+02
   3.5837903e+02   3.1086601e+02
   3.7168743e+02   3.1384139e+02
   3.5814256e+02   3.1121072e+02
   3.4460194e+02   3.1093756e+02
   3.2987997e+02   3.0971471e+02
