   2.4827284e+02   2.2101306e+02
   2.5106503e+02   2.4572527e+02
   2.5435310e+02   2.7018017e+02
   2.5778901e+02   2.9459468e+02
   2.6357206e+02   3.1862367e+02
   2.7743814e+02   3.3892070e+02
   2.9708847e+02   3.5376817e+02
   3.1862924e+02   3.6560549e+02
   3.4261411e+02   3.7023938e+02
   3.6445773e+02   3.6608198e+02
   3.8339837e+02   3.5401089e+02
   3.9893189e+02   3.3799309e+02
   4.1159013e+02   3.1948794e+02
   4.1788626e+02   2.9811907e+02
   4.2106768e+02   2.7581138e+02
   4.2533464e+02   2.5378119e+02
   4.2774542e+02   2.3164366e+02
   2.7737676e+02   2.2031942e+02
   2.9206588e+02   2.1137717e+02
   3.0950290e+02   2.0999397e+02
   3.2687130e+02   2.1084223e+02
   3.4424747e+02   2.1166110e+02
   3.5964664e+02   2.1456938e+02
   3.7577615e+02   2.1433601e+02
   3.9183821e+02   2.1371097e+02
   4.0747253e+02   2.1656949e+02
   4.1702539e+02   2.2864849e+02
   3.5016340e+02   2.2689789e+02
   3.5071460e+02   2.3976466e+02
   3.5103032e+02   2.5258266e+02
   3.5135819e+02   2.6528636e+02
   3.2351314e+02   2.8068858e+02
   3.3588190e+02   2.8307809e+02
   3.4827998e+02   2.8382718e+02
   3.5845831e+02   2.8395908e+02
   3.6848410e+02   2.8310537e+02
   2.9482168e+02   2.2881972e+02
   3.0536237e+02   2.2442753e+02
   3.1660940e+02   2.2386530e+02
   3.2687040e+02   2.2834432e+02
   3.1616879e+02   2.3048465e+02
   3.0537471e+02   2.3094751e+02
   3.6949381e+02   2.3042235e+02
   3.8016953e+02   2.2724462e+02
   3.9117915e+02   2.2836550e+02
   4.0088312e+02   2.3367391e+02
   3.9021544e+02   2.3462158e+02
   3.7963782e+02   2.3356656e+02
   3.1150686e+02   3.1125002e+02
   3.2246913e+02   3.0567593e+02
   3.3348484e+02   3.0018422e+02
   3.4469647e+02   3.0353335e+02
   3.5601005e+02   3.0185493e+02
   3.6620513e+02   3.0748164e+02
   3.7488450e+02   3.1529609e+02
   3.6578689e+02   3.2181476e+02
   3.5498339e+02   3.2463671e+02
   3.4391409e+02   3.2549845e+02
   3.3155051e+02   3.2428448e+02
   3.1989371e+02   3.2009855e+02
   3.1513321e+02   3.1147936e+02
   3.2986174e+02   3.1022068e+02
   3.4435102e+02   3.1131962e+02
   3.5786067e+02   3.1145451e+02
   3.7087505e+02   3.1454417e+02
   3.5766869e+02   3.1179922e+02
   3.4435128e+02   3.1171499e+02
   3.2967897e+02   3.1065612e+02
