   2.4846249e+02   2.1826999e+02
   2.5144211e+02   2.4299147e+02
   2.5424950e+02   2.6744169e+02
   2.5770711e+02   2.9206034e+02
   2.6334522e+02   3.1603563e+02
   2.7774582e+02   3.3580707e+02
   2.9804228e+02   3.5013334e+02
   3.1914503e+02   3.6283981e+02
   3.4317065e+02   3.6640844e+02
   3.6503135e+02   3.6265904e+02
   3.8345945e+02   3.5039166e+02
   3.9963643e+02   3.3499343e+02
   4.1199795e+02   3.1647086e+02
   4.1828589e+02   2.9525274e+02
   4.2141624e+02   2.7316895e+02
   4.2550973e+02   2.5114389e+02
   4.2819423e+02   2.2922879e+02
   2.7429951e+02   2.1613893e+02
   2.8578002e+02   2.0246909e+02
   3.0253396e+02   1.9660364e+02
   3.2032683e+02   1.9822091e+02
   3.3798016e+02   2.0101035e+02
   3.6275411e+02   2.0586193e+02
   3.7966086e+02   2.0119161e+02
   3.9726780e+02   2.0093409e+02
   4.1364745e+02   2.0627512e+02
   4.2000164e+02   2.2163885e+02
   3.5031363e+02   2.2020798e+02
   3.5111911e+02   2.3446602e+02
   3.5166734e+02   2.4855099e+02
   3.5217306e+02   2.6259730e+02
   3.2475933e+02   2.7503994e+02
   3.3722400e+02   2.7889067e+02
   3.5010236e+02   2.8022528e+02
   3.5959497e+02   2.7996309e+02
   3.6896523e+02   2.7883223e+02
   2.9590843e+02   2.2415772e+02
   3.0553560e+02   2.1791531e+02
   3.1702856e+02   2.1804128e+02
   3.2614864e+02   2.2483553e+02
   3.1605832e+02   2.2717876e+02
   3.0583571e+02   2.2681093e+02
   3.6949205e+02   2.2757442e+02
   3.7926933e+02   2.2136223e+02
   3.9091431e+02   2.2208640e+02
   3.9959070e+02   2.2963203e+02
   3.8950628e+02   2.3143747e+02
   3.7931645e+02   2.3017873e+02
   3.1295776e+02   3.0491075e+02
   3.2401871e+02   2.9967373e+02
   3.3535172e+02   2.9565987e+02
   3.4649416e+02   2.9910986e+02
   3.5743601e+02   2.9666099e+02
   3.6738542e+02   3.0263718e+02
   3.7689392e+02   3.0910808e+02
   3.6772512e+02   3.1615090e+02
   3.5731431e+02   3.2088577e+02
   3.4588415e+02   3.2140755e+02
   3.3262079e+02   3.2021134e+02
   3.2050375e+02   3.1535392e+02
   3.1699172e+02   3.0601471e+02
   3.3176456e+02   3.0537710e+02
   3.4632851e+02   3.0659639e+02
   3.5963862e+02   3.0625862e+02
   3.7267897e+02   3.0791247e+02
   3.5948012e+02   3.0664044e+02
   3.4632827e+02   3.0680990e+02
   3.3154781e+02   3.0572989e+02
