   1.7818857e+02   2.1416737e+02
   1.8233753e+02   2.4454117e+02
   1.9088940e+02   2.7382378e+02
   2.0081631e+02   3.0278108e+02
   2.1091006e+02   3.3174335e+02
   2.2673490e+02   3.5773776e+02
   2.4844815e+02   3.7918564e+02
   2.7430922e+02   3.9516711e+02
   3.0417319e+02   3.9979739e+02
   3.3175061e+02   3.9138705e+02
   3.5593201e+02   3.7554231e+02
   3.7551317e+02   3.5426446e+02
   3.9238712e+02   3.3099949e+02
   4.0242982e+02   3.0380186e+02
   4.0893331e+02   2.7564808e+02
   4.1417436e+02   2.4735047e+02
   4.1797581e+02   2.1879831e+02
   2.0539305e+02   1.8445859e+02
   2.1835550e+02   1.7584622e+02
   2.3339195e+02   1.7198442e+02
   2.4901832e+02   1.7106199e+02
   2.6398106e+02   1.7484036e+02
   3.2842697e+02   1.7191846e+02
   3.4397214e+02   1.6925316e+02
   3.5962440e+02   1.6946867e+02
   3.7487303e+02   1.7276671e+02
   3.8869922e+02   1.8004018e+02
   2.9578155e+02   2.0790378e+02
   2.9551702e+02   2.2979258e+02
   2.9565447e+02   2.5164755e+02
   2.9620681e+02   2.7338770e+02
   2.7263642e+02   2.8247397e+02
   2.8442803e+02   2.8611579e+02
   2.9619066e+02   2.8908852e+02
   3.0929940e+02   2.8632477e+02
   3.2153920e+02   2.8096085e+02
   2.2589547e+02   2.1040658e+02
   2.3969918e+02   2.0166862e+02
   2.5610032e+02   2.0253924e+02
   2.6816139e+02   2.1334080e+02
   2.5371086e+02   2.1871903e+02
   2.3853300e+02   2.1855069e+02
   3.2455542e+02   2.1280597e+02
   3.3781072e+02   2.0117219e+02
   3.5516262e+02   1.9918968e+02
   3.7027060e+02   2.0791238e+02
   3.5670540e+02   2.1640790e+02
   3.4047344e+02   2.1617511e+02
   2.5799129e+02   3.2871494e+02
   2.7009272e+02   3.1806627e+02
   2.8428797e+02   3.1087375e+02
   2.9958992e+02   3.1372174e+02
   3.1324934e+02   3.0840531e+02
   3.2740678e+02   3.1408166e+02
   3.3959793e+02   3.2293602e+02
   3.2607324e+02   3.2697691e+02
   3.1335537e+02   3.3292802e+02
   2.9953321e+02   3.3470299e+02
   2.8538579e+02   3.3510101e+02
   2.7181409e+02   3.3128572e+02
   2.7393646e+02   3.2242760e+02
   2.8555870e+02   3.1958181e+02
   2.9744242e+02   3.2089298e+02
   3.1009474e+02   3.1813461e+02
   3.2296985e+02   3.1838506e+02
   3.1027219e+02   3.1902939e+02
   2.9786080e+02   3.2172998e+02
   2.8576031e+02   3.2040637e+02
