   1.7816746e+02   2.1419252e+02
   1.8232065e+02   2.4456943e+02
   1.9097037e+02   2.7413060e+02
   2.0089799e+02   3.0308832e+02
   2.1090730e+02   3.3177851e+02
   2.2691919e+02   3.5800107e+02
   2.4868277e+02   3.7940323e+02
   2.7458471e+02   3.9531120e+02
   3.0457695e+02   3.9872559e+02
   3.3226672e+02   3.9118213e+02
   3.5529611e+02   3.7408501e+02
   3.7478408e+02   3.5297237e+02
   3.9268158e+02   3.3052514e+02
   4.0251975e+02   3.0352419e+02
   4.0900692e+02   2.7536398e+02
   4.1423281e+02   2.4705732e+02
   4.1798390e+02   2.1879455e+02
   2.0537154e+02   1.8447685e+02
   2.1833448e+02   1.7586185e+02
   2.3337225e+02   1.7199775e+02
   2.4900037e+02   1.7107329e+02
   2.6396536e+02   1.7485027e+02
   3.2841861e+02   1.7192010e+02
   3.4396530e+02   1.6925257e+02
   3.5961947e+02   1.6946619e+02
   3.7487032e+02   1.7276275e+02
   3.8869905e+02   1.8003539e+02
   2.9577371e+02   2.0791373e+02
   2.9551262e+02   2.2960278e+02
   2.9564135e+02   2.5104458e+02
   2.9532706e+02   2.7233212e+02
   2.7232668e+02   2.8111126e+02
   2.8398208e+02   2.8601381e+02
   2.9619284e+02   2.8910812e+02
   3.0918270e+02   2.8638115e+02
   3.2129642e+02   2.8116193e+02
   2.2587960e+02   2.1042542e+02
   2.3831807e+02   1.9860951e+02
   2.5578991e+02   2.0099700e+02
   2.6815092e+02   2.1335480e+02
   2.5365428e+02   2.1662213e+02
   2.3886404e+02   2.1707084e+02
   3.2552071e+02   2.1077703e+02
   3.3821113e+02   1.9805592e+02
   3.5620576e+02   1.9718798e+02
   3.7027166e+02   2.0791318e+02
   3.5645204e+02   2.1498179e+02
   3.4064245e+02   2.1468425e+02
   2.5940400e+02   3.2584583e+02
   2.7169559e+02   3.1686176e+02
   2.8532887e+02   3.1074780e+02
   2.9953943e+02   3.1423575e+02
   3.1234440e+02   3.0838908e+02
   3.2609231e+02   3.1322798e+02
   3.3886311e+02   3.1998284e+02
   3.2633768e+02   3.2676657e+02
   3.1342657e+02   3.3294800e+02
   2.9954140e+02   3.3472762e+02
   2.8557251e+02   3.3518378e+02
   2.7222058e+02   3.3132900e+02
   2.7357994e+02   3.2172793e+02
   2.8556337e+02   3.1960636e+02
   2.9744866e+02   3.2091622e+02
   3.1006479e+02   3.1789766e+02
   3.2297884e+02   3.1840486e+02
   3.1012463e+02   3.1879798e+02
   2.9786720e+02   3.2175327e+02
   2.8564294e+02   3.2043445e+02
