   2.0115058e+02   1.7234575e+02
   2.0235631e+02   2.0563753e+02
   2.0486336e+02   2.3849277e+02
   2.1016399e+02   2.7115761e+02
   2.2250268e+02   3.0194228e+02
   2.3705098e+02   3.3164606e+02
   2.5646863e+02   3.5824970e+02
   2.8356912e+02   3.7702665e+02
   3.1557217e+02   3.8373844e+02
   3.4751032e+02   3.7611731e+02
   3.7390540e+02   3.5674937e+02
   3.9317872e+02   3.3037660e+02
   4.0714143e+02   3.0047988e+02
   4.1797456e+02   2.6942737e+02
   4.2251980e+02   2.3696779e+02
   4.2625811e+02   2.0409840e+02
   4.2817400e+02   1.7141870e+02
   2.2545857e+02   1.6003960e+02
   2.3831638e+02   1.5167695e+02
   2.5398677e+02   1.5154988e+02
   2.6939348e+02   1.5433347e+02
   2.8471432e+02   1.5744929e+02
   3.4625119e+02   1.6105388e+02
   3.6145672e+02   1.5696849e+02
   3.7685337e+02   1.5485805e+02
   3.9204320e+02   1.5745001e+02
   4.0444387e+02   1.6655168e+02
   3.1570942e+02   1.8363856e+02
   3.1786479e+02   2.0397888e+02
   3.1956390e+02   2.2437751e+02
   3.2082008e+02   2.4451239e+02
   2.9253571e+02   2.6016426e+02
   3.0455893e+02   2.6638916e+02
   3.1780000e+02   2.6859726e+02
   3.2948092e+02   2.6664544e+02
   3.3949831e+02   2.6067311e+02
   2.4570364e+02   1.8076421e+02
   2.5890537e+02   1.7189858e+02
   2.7493839e+02   1.7245703e+02
   2.8478853e+02   1.8430437e+02
   2.7139310e+02   1.8958061e+02
   2.5712600e+02   1.8904099e+02
   3.4647815e+02   1.8427252e+02
   3.5796223e+02   1.7371943e+02
   3.7363815e+02   1.7386888e+02
   3.8441121e+02   1.8490542e+02
   3.7250999e+02   1.9169346e+02
   3.5887651e+02   1.9039371e+02
   2.6145671e+02   2.8467072e+02
   2.7941908e+02   2.8154767e+02
   2.9746423e+02   2.8090942e+02
   3.1540207e+02   2.8312939e+02
   3.3356492e+02   2.8066738e+02
   3.5169412e+02   2.8067415e+02
   3.6965221e+02   2.8189840e+02
   3.5555684e+02   3.0207163e+02
   3.3787918e+02   3.1872157e+02
   3.1479531e+02   3.2494027e+02
   2.9241210e+02   3.1874882e+02
   2.7513274e+02   3.0352106e+02
   2.6864585e+02   2.8689692e+02
   2.9227591e+02   2.8670884e+02
   3.1568432e+02   2.8917501e+02
   3.3799573e+02   2.8740883e+02
   3.6023010e+02   2.8620929e+02
   3.3994616e+02   3.0242016e+02
   3.1557599e+02   3.1067722e+02
   2.8906459e+02   3.0437797e+02
