   2.0281788e+02   2.3922524e+02
   2.0659745e+02   2.6346202e+02
   2.1287308e+02   2.8725569e+02
   2.1770141e+02   3.1104829e+02
   2.2824579e+02   3.3315048e+02
   2.4614151e+02   3.4978817e+02
   2.6823567e+02   3.6010122e+02
   2.9125890e+02   3.6845078e+02
   3.1530032e+02   3.6914237e+02
   3.3841796e+02   3.6720960e+02
   3.6058433e+02   3.6087985e+02
   3.7950571e+02   3.4773577e+02
   3.9279931e+02   3.2879944e+02
   4.0307020e+02   3.0820844e+02
   4.0765128e+02   2.8559838e+02
   4.1210167e+02   2.6278731e+02
   4.1573159e+02   2.4006986e+02
   2.2137752e+02   1.9871368e+02
   2.3125071e+02   1.8484780e+02
   2.4709409e+02   1.7856292e+02
   2.6423933e+02   1.7912303e+02
   2.8136027e+02   1.8067562e+02
   3.4268954e+02   1.7676921e+02
   3.5839513e+02   1.7528384e+02
   3.7395214e+02   1.7610310e+02
   3.8876495e+02   1.8094766e+02
   3.9893766e+02   1.9224961e+02
   3.1362624e+02   2.0487002e+02
   3.1469082e+02   2.2003549e+02
   3.1472457e+02   2.3505424e+02
   3.1472162e+02   2.5007992e+02
   2.8753280e+02   2.6979088e+02
   3.0105212e+02   2.7182653e+02
   3.1447338e+02   2.7340321e+02
   3.2699611e+02   2.7129017e+02
   3.3951115e+02   2.6951165e+02
   2.4213016e+02   2.1688220e+02
   2.5508148e+02   2.0807727e+02
   2.7074692e+02   2.0857017e+02
   2.8330690e+02   2.1765217e+02
   2.6948240e+02   2.2139641e+02
   2.5537632e+02   2.2167358e+02
   3.4001081e+02   2.1580683e+02
   3.5273345e+02   2.0655159e+02
   3.6822117e+02   2.0488963e+02
   3.8082338e+02   2.1342228e+02
   3.6771669e+02   2.1814242e+02
   3.5371777e+02   2.1778408e+02
   2.6499156e+02   3.0121327e+02
   2.8127450e+02   2.9592400e+02
   2.9696369e+02   2.8841592e+02
   3.1349367e+02   2.9039632e+02
   3.2921366e+02   2.8780444e+02
   3.4397747e+02   2.9420908e+02
   3.5880937e+02   3.0048464e+02
   3.4437762e+02   3.0645026e+02
   3.2955736e+02   3.1102335e+02
   3.1407875e+02   3.1167301e+02
   2.9726912e+02   3.1092173e+02
   2.8135606e+02   3.0531450e+02
   2.8254735e+02   3.0212820e+02
   2.9809135e+02   2.9960509e+02
   3.1368393e+02   2.9925716e+02
   3.3135232e+02   2.9902163e+02
   3.4884510e+02   3.0118656e+02
   3.3134396e+02   2.9939154e+02
   3.1382652e+02   2.9945278e+02
   2.9796133e+02   3.0003224e+02
