   2.0290945e+02   2.3987871e+02
   2.0673852e+02   2.6412499e+02
   2.1321268e+02   2.8779162e+02
   2.1798529e+02   3.1159457e+02
   2.2851944e+02   3.3368096e+02
   2.4636673e+02   3.5033174e+02
   2.6842428e+02   3.6074157e+02
   2.9150692e+02   3.6881345e+02
   3.1553601e+02   3.6973540e+02
   3.3862680e+02   3.6745665e+02
   3.6084442e+02   3.6129064e+02
   3.7978661e+02   3.4815796e+02
   3.9297571e+02   3.2911738e+02
   4.0326775e+02   3.0852522e+02
   4.0775528e+02   2.8588547e+02
   4.1223158e+02   2.6310020e+02
   4.1582491e+02   2.4036095e+02
   2.2194657e+02   1.9907997e+02
   2.3138492e+02   1.8505203e+02
   2.4717445e+02   1.7875723e+02
   2.6426997e+02   1.7923446e+02
   2.8128863e+02   1.8082365e+02
   3.4305631e+02   1.7677559e+02
   3.5841755e+02   1.7526962e+02
   3.7364464e+02   1.7611861e+02
   3.8811472e+02   1.8094238e+02
   3.9825432e+02   1.9189576e+02
   3.1383966e+02   2.0500922e+02
   3.1475618e+02   2.2026854e+02
   3.1480713e+02   2.3539150e+02
   3.1483182e+02   2.5054294e+02
   2.8780825e+02   2.7007326e+02
   3.0111088e+02   2.7207420e+02
   3.1436018e+02   2.7327670e+02
   3.2703642e+02   2.7144918e+02
   3.3963337e+02   2.6973027e+02
   2.4212062e+02   2.1715233e+02
   2.5515827e+02   2.0834479e+02
   2.7091931e+02   2.0872381e+02
   2.8334841e+02   2.1802372e+02
   2.6949140e+02   2.2178438e+02
   2.5536595e+02   2.2207349e+02
   3.4051707e+02   2.1583225e+02
   3.5321271e+02   2.0661634e+02
   3.6872187e+02   2.0518316e+02
   3.8121412e+02   2.1383889e+02
   3.6808108e+02   2.1850911e+02
   3.5413660e+02   2.1821601e+02
   2.6719499e+02   3.0272359e+02
   2.8265686e+02   2.9664581e+02
   2.9756401e+02   2.8877315e+02
   3.1355684e+02   2.9070153e+02
   3.2908601e+02   2.8813173e+02
   3.4353212e+02   2.9502332e+02
   3.5784877e+02   3.0202442e+02
   3.4373686e+02   3.0752918e+02
   3.2936946e+02   3.1185416e+02
   3.1438275e+02   3.1238439e+02
   2.9825714e+02   3.1175607e+02
   2.8287751e+02   3.0675953e+02
   2.8387443e+02   3.0325049e+02
   2.9882724e+02   3.0022718e+02
   3.1392818e+02   2.9992925e+02
   3.3116581e+02   2.9955369e+02
   3.4814973e+02   3.0229214e+02
   3.3113108e+02   2.9991382e+02
   3.1400509e+02   3.0014401e+02
   2.9867827e+02   3.0067778e+02
