   2.0804171e+02   1.7136307e+02
   2.1165839e+02   1.9748427e+02
   2.1697409e+02   2.2309521e+02
   2.2091164e+02   2.4906245e+02
   2.2984174e+02   2.7362033e+02
   2.4496694e+02   2.9487746e+02
   2.6727972e+02   3.0885008e+02
   2.9157472e+02   3.1845056e+02
   3.1736488e+02   3.2070180e+02
   3.4320359e+02   3.1745282e+02
   3.6787663e+02   3.0869859e+02
   3.8996338e+02   2.9503862e+02
   4.0517040e+02   2.7409328e+02
   4.1558394e+02   2.5011499e+02
   4.2074287e+02   2.2456255e+02
   4.2600277e+02   1.9896080e+02
   4.3046415e+02   1.7338588e+02
   2.2824807e+02   1.3034427e+02
   2.3941888e+02   1.2018189e+02
   2.5186973e+02   1.1208345e+02
   2.6644976e+02   1.0952997e+02
   2.8109172e+02   1.1213578e+02
   3.3898690e+02   1.1148617e+02
   3.5467822e+02   1.0903426e+02
   3.7047748e+02   1.1041126e+02
   3.8463314e+02   1.1731791e+02
   3.9740413e+02   1.2665656e+02
   3.1173552e+02   1.4335783e+02
   3.1047029e+02   1.5638301e+02
   3.0871583e+02   1.6932638e+02
   3.0702883e+02   1.8224570e+02
   2.9141984e+02   2.0905695e+02
   2.9938144e+02   2.1238040e+02
   3.0791810e+02   2.1317842e+02
   3.1793435e+02   2.1258744e+02
   3.2765570e+02   2.1022893e+02
   2.4957648e+02   1.5073380e+02
   2.6084983e+02   1.4216806e+02
   2.7517540e+02   1.4419043e+02
   2.8669629e+02   1.5278942e+02
   2.7420137e+02   1.5696638e+02
   2.6111833e+02   1.5656242e+02
   3.4208071e+02   1.5189582e+02
   3.5277845e+02   1.4249107e+02
   3.6717180e+02   1.4265497e+02
   3.7890535e+02   1.5071090e+02
   3.6697702e+02   1.5634877e+02
   3.5391092e+02   1.5715385e+02
   2.7428253e+02   2.4727335e+02
   2.8495772e+02   2.3936351e+02
   2.9707509e+02   2.3399047e+02
   3.0995691e+02   2.3520491e+02
   3.2460210e+02   2.3310497e+02
   3.3869352e+02   2.3788699e+02
   3.5069236e+02   2.4623653e+02
   3.3853430e+02   2.5162804e+02
   3.2591906e+02   2.5561715e+02
   3.1279299e+02   2.5670845e+02
   2.9941299e+02   2.5557693e+02
   2.8646644e+02   2.5252157e+02
   2.8347460e+02   2.4648335e+02
   2.9737240e+02   2.4459379e+02
   3.1130154e+02   2.4438066e+02
   3.2687838e+02   2.4352192e+02
   3.4217946e+02   2.4565489e+02
   3.2683141e+02   2.4441772e+02
   3.1160825e+02   2.4527633e+02
   2.9745517e+02   2.4535816e+02
