   1.2777269e+02   1.9927032e+02
   1.3599033e+02   2.2946678e+02
   1.4500068e+02   2.5949238e+02
   1.5426043e+02   2.8892596e+02
   1.6863388e+02   3.1658279e+02
   1.8952283e+02   3.3966963e+02
   2.1455609e+02   3.5796275e+02
   2.4433660e+02   3.6614472e+02
   2.7549730e+02   3.6782872e+02
   3.0320538e+02   3.6322443e+02
   3.2798058e+02   3.5026598e+02
   3.4929228e+02   3.3233102e+02
   3.6700966e+02   3.1077592e+02
   3.7680506e+02   2.8454300e+02
   3.8312379e+02   2.5724787e+02
   3.8876932e+02   2.2974948e+02
   3.9321090e+02   2.0230849e+02
   1.6256925e+02   1.4215576e+02
   1.7635781e+02   1.2783975e+02
   1.9409671e+02   1.1944222e+02
   2.1339643e+02   1.2040888e+02
   2.3245983e+02   1.2381756e+02
   2.9136217e+02   1.3078701e+02
   3.0762024e+02   1.2430319e+02
   3.2499279e+02   1.2232904e+02
   3.4243871e+02   1.2402301e+02
   3.5618843e+02   1.3354607e+02
   2.7037533e+02   1.6142463e+02
   2.6947963e+02   1.8066685e+02
   2.6905128e+02   1.9958524e+02
   2.6998056e+02   2.1856741e+02
   2.4962246e+02   2.3979953e+02
   2.5965564e+02   2.3736931e+02
   2.6976819e+02   2.3614673e+02
   2.8049218e+02   2.3675911e+02
   2.9082653e+02   2.3935716e+02
   1.8542250e+02   1.7225646e+02
   1.9771176e+02   1.5583145e+02
   2.1812523e+02   1.5379200e+02
   2.3369835e+02   1.6665601e+02
   2.1845351e+02   1.7310695e+02
   2.0225771e+02   1.7516309e+02
   2.9801716e+02   1.6751176e+02
   3.1253052e+02   1.5487162e+02
   3.3170248e+02   1.5516220e+02
   3.4169467e+02   1.7069118e+02
   3.2643249e+02   1.7331481e+02
   3.1143382e+02   1.7333874e+02
   2.2061060e+02   2.9066869e+02
   2.3238696e+02   2.7422215e+02
   2.5107409e+02   2.6614366e+02
   2.7118076e+02   2.6706306e+02
   2.8988030e+02   2.6547834e+02
   3.0717086e+02   2.7178679e+02
   3.1564794e+02   2.8823928e+02
   3.0508851e+02   3.0237770e+02
   2.8790591e+02   3.0752332e+02
   2.6984128e+02   3.1025474e+02
   2.5143295e+02   3.0956131e+02
   2.3483184e+02   3.0187403e+02
   2.3435177e+02   2.8658499e+02
   2.5187601e+02   2.7818192e+02
   2.7105514e+02   2.7423029e+02
   2.8687905e+02   2.7411259e+02
   2.9977619e+02   2.8317925e+02
   2.8417113e+02   2.9147360e+02
   2.6547755e+02   2.9367223e+02
   2.4869626e+02   2.9234520e+02
