   1.9411420e+02   2.0680713e+02
   1.9929968e+02   2.3574827e+02
   2.0496742e+02   2.6424481e+02
   2.1063133e+02   2.9287460e+02
   2.2164500e+02   3.1961239e+02
   2.3967813e+02   3.4247675e+02
   2.6058623e+02   3.6290568e+02
   2.8629069e+02   3.7629993e+02
   3.1491404e+02   3.7920855e+02
   3.4369372e+02   3.7539961e+02
   3.6914956e+02   3.6156952e+02
   3.8783175e+02   3.3935100e+02
   4.0422201e+02   3.1537199e+02
   4.1396954e+02   2.8813942e+02
   4.1761278e+02   2.5923967e+02
   4.2110375e+02   2.3036740e+02
   4.2108623e+02   2.0156623e+02
   2.1455179e+02   1.7867779e+02
   2.2703982e+02   1.6464586e+02
   2.4488063e+02   1.5862938e+02
   2.6347024e+02   1.6145514e+02
   2.8159658e+02   1.6702412e+02
   3.3750188e+02   1.6233157e+02
   3.5368596e+02   1.5699540e+02
   3.7038491e+02   1.5375687e+02
   3.8664730e+02   1.5823147e+02
   3.9942136e+02   1.6904663e+02
   3.0758269e+02   1.8848650e+02
   3.0844006e+02   2.0718168e+02
   3.0943380e+02   2.2586052e+02
   3.0990531e+02   2.4453758e+02
   2.8815635e+02   2.6113846e+02
   2.9919036e+02   2.6177661e+02
   3.0995807e+02   2.6346829e+02
   3.2018400e+02   2.6283076e+02
   3.3030800e+02   2.6207716e+02
   2.3716301e+02   1.9554601e+02
   2.5008377e+02   1.8514268e+02
   2.6684274e+02   1.8655663e+02
   2.7980958e+02   1.9700563e+02
   2.6534977e+02   2.0111428e+02
   2.5035944e+02   2.0200242e+02
   3.3577732e+02   1.9471368e+02
   3.4743065e+02   1.8218561e+02
   3.6496467e+02   1.8176744e+02
   3.7950470e+02   1.9111462e+02
   3.6583687e+02   1.9741663e+02
   3.5069006e+02   1.9748770e+02
   2.7089455e+02   3.0099254e+02
   2.8199875e+02   2.8917054e+02
   2.9616980e+02   2.8183180e+02
   3.1147813e+02   2.8470710e+02
   3.2719732e+02   2.8183596e+02
   3.4175872e+02   2.8895119e+02
   3.5431379e+02   2.9919866e+02
   3.4272665e+02   3.1016781e+02
   3.2872073e+02   3.1757910e+02
   3.1315419e+02   3.1981348e+02
   2.9684829e+02   3.1877671e+02
   2.8186278e+02   3.1271355e+02
   2.8136583e+02   2.9959280e+02
   2.9183710e+02   2.9828551e+02
   3.1268586e+02   2.9854680e+02
   3.3368830e+02   2.9804580e+02
   3.4400105e+02   2.9946590e+02
   3.3357742e+02   3.0088601e+02
   3.1291833e+02   3.0188374e+02
   2.9176973e+02   3.0090008e+02
