   1.9254112e+02   2.0621595e+02
   1.9776856e+02   2.3578036e+02
   2.0359243e+02   2.6548844e+02
   2.0801359e+02   2.9514271e+02
   2.1881406e+02   3.2293452e+02
   2.3842410e+02   3.4556398e+02
   2.6099306e+02   3.6503352e+02
   2.8796376e+02   3.7851975e+02
   3.1735269e+02   3.8036857e+02
   3.4601821e+02   3.7640493e+02
   3.7027487e+02   3.6074630e+02
   3.8922389e+02   3.3918115e+02
   4.0601009e+02   3.1550454e+02
   4.1478832e+02   2.8785574e+02
   4.1744275e+02   2.5907372e+02
   4.2100495e+02   2.3026519e+02
   4.2103979e+02   2.0151274e+02
   2.1568301e+02   1.8260469e+02
   2.2881579e+02   1.7186331e+02
   2.4482171e+02   1.6606561e+02
   2.6178833e+02   1.6558793e+02
   2.7869275e+02   1.6746510e+02
   3.3409813e+02   1.6578160e+02
   3.5050121e+02   1.6210950e+02
   3.6708082e+02   1.5969191e+02
   3.8323943e+02   1.6366749e+02
   3.9699069e+02   1.7310041e+02
   3.0817263e+02   1.8957239e+02
   3.0974295e+02   2.0914291e+02
   3.1012150e+02   2.2856302e+02
   3.1016539e+02   2.4789632e+02
   2.8441589e+02   2.6407420e+02
   2.9641244e+02   2.6586751e+02
   3.0840576e+02   2.6708495e+02
   3.2106813e+02   2.6597558e+02
   3.3353660e+02   2.6413486e+02
   2.3680257e+02   1.9916229e+02
   2.4995662e+02   1.9024138e+02
   2.6577831e+02   1.9077141e+02
   2.7951520e+02   1.9876320e+02
   2.6505632e+02   2.0368692e+02
   2.5010446e+02   2.0563504e+02
   3.3686972e+02   1.9650346e+02
   3.4989602e+02   1.8552432e+02
   3.6704374e+02   1.8553166e+02
   3.8091193e+02   1.9517228e+02
   3.6668069e+02   2.0063453e+02
   3.5154780e+02   2.0022368e+02
   2.6702425e+02   3.0743610e+02
   2.7865134e+02   2.9386564e+02
   2.9314608e+02   2.8389985e+02
   3.1052608e+02   2.8398699e+02
   3.2787422e+02   2.8290491e+02
   3.4349933e+02   2.9119194e+02
   3.5700697e+02   3.0239513e+02
   3.4995922e+02   3.1918898e+02
   3.3284390e+02   3.2667834e+02
   3.1428234e+02   3.2865560e+02
   2.9500328e+02   3.2831255e+02
   2.7694889e+02   3.2298353e+02
   2.7762629e+02   3.0546510e+02
   2.8822833e+02   2.9875277e+02
   3.1093772e+02   2.9704088e+02
   3.3443387e+02   2.9732094e+02
   3.4572042e+02   3.0461585e+02
   3.3511183e+02   3.1191076e+02
   3.1134206e+02   3.1343587e+02
   2.8892155e+02   3.1217742e+02
