   1.9321083e+02   2.0486515e+02
   1.9845547e+02   2.3445468e+02
   2.0429113e+02   2.6416938e+02
   2.0877686e+02   2.9381667e+02
   2.1954821e+02   3.2164369e+02
   2.3917578e+02   3.4428098e+02
   2.6183108e+02   3.6369210e+02
   2.8879961e+02   3.7722136e+02
   3.1819454e+02   3.7901735e+02
   3.4680793e+02   3.7497208e+02
   3.7097946e+02   3.5923144e+02
   3.8987855e+02   3.3763462e+02
   4.0660977e+02   3.1396997e+02
   4.1538120e+02   2.8634528e+02
   4.1804837e+02   2.5759774e+02
   4.2159684e+02   2.2880912e+02
   4.2161986e+02   2.0007742e+02
   2.1641611e+02   1.8125443e+02
   2.2951350e+02   1.7051652e+02
   2.4545416e+02   1.6467518e+02
   2.6237323e+02   1.6425707e+02
   2.7923378e+02   1.6614078e+02
   3.3479022e+02   1.6426832e+02
   3.5116851e+02   1.6070529e+02
   3.6770141e+02   1.5840423e+02
   3.8381414e+02   1.6233245e+02
   3.9756819e+02   1.7165861e+02
   3.0884698e+02   1.8824488e+02
   3.1044989e+02   2.0773439e+02
   3.1081631e+02   2.2708760e+02
   3.1087736e+02   2.4634753e+02
   2.8522779e+02   2.6261029e+02
   2.9715202e+02   2.6439485e+02
   3.0907392e+02   2.6559139e+02
   3.2168856e+02   2.6444893e+02
   3.3411863e+02   2.6261085e+02
   2.3751328e+02   1.9775451e+02
   2.5059494e+02   1.8873526e+02
   2.6642548e+02   1.8925257e+02
   2.8012762e+02   1.9731308e+02
   2.6572517e+02   2.0225916e+02
   2.5080895e+02   2.0414658e+02
   3.3742750e+02   1.9503528e+02
   3.5049521e+02   1.8413076e+02
   3.6758304e+02   1.8405195e+02
   3.8145227e+02   1.9361930e+02
   3.6725335e+02   1.9916008e+02
   3.5211255e+02   1.9877004e+02
   2.6780609e+02   3.0596332e+02
   2.7941370e+02   2.9246159e+02
   2.9385321e+02   2.8251866e+02
   3.1118090e+02   2.8252359e+02
   3.2852732e+02   2.8149201e+02
   3.4413890e+02   2.8974957e+02
   3.5753813e+02   3.0103193e+02
   3.5048806e+02   3.1790500e+02
   3.3349456e+02   3.2566397e+02
   3.1493895e+02   3.2777257e+02
   2.9564625e+02   3.2728999e+02
   2.7770210e+02   3.2161767e+02
   2.7837221e+02   3.0412191e+02
   2.8893833e+02   2.9725337e+02
   3.1156598e+02   2.9553702e+02
   3.3501647e+02   2.9587939e+02
   3.4627730e+02   3.0330506e+02
   3.3575665e+02   3.1073073e+02
   3.1207526e+02   3.1236391e+02
   2.8965492e+02   3.1099045e+02
