   1.9298478e+02   2.0494987e+02
   1.9829905e+02   2.3465915e+02
   2.0418306e+02   2.6441096e+02
   2.0894067e+02   2.9405624e+02
   2.1964804e+02   3.2201684e+02
   2.3931870e+02   3.4473258e+02
   2.6224803e+02   3.6402128e+02
   2.8921952e+02   3.7771470e+02
   3.1866599e+02   3.7937439e+02
   3.4716733e+02   3.7505259e+02
   3.7114699e+02   3.5907197e+02
   3.8990577e+02   3.3730068e+02
   4.0647104e+02   3.1361549e+02
   4.1527016e+02   2.8602887e+02
   4.1801800e+02   2.5733268e+02
   4.2152220e+02   2.2854933e+02
   4.2150092e+02   1.9982677e+02
   2.1634451e+02   1.8112599e+02
   2.2932505e+02   1.7025672e+02
   2.4514714e+02   1.6424870e+02
   2.6200326e+02   1.6414598e+02
   2.7879832e+02   1.6618795e+02
   3.3498431e+02   1.6356665e+02
   3.5130526e+02   1.6029618e+02
   3.6772121e+02   1.5834583e+02
   3.8371822e+02   1.6214139e+02
   3.9747442e+02   1.7118106e+02
   3.0878890e+02   1.8829934e+02
   3.1047859e+02   2.0752711e+02
   3.1082946e+02   2.2667009e+02
   3.1096470e+02   2.4570109e+02
   2.8574382e+02   2.6229495e+02
   2.9741659e+02   2.6401136e+02
   3.0908086e+02   2.6515778e+02
   3.2147335e+02   2.6392005e+02
   3.3371562e+02   2.6212633e+02
   2.3746606e+02   1.9747698e+02
   2.5032303e+02   1.8805790e+02
   2.6624940e+02   1.8856409e+02
   2.7983803e+02   1.9695772e+02
   2.6559425e+02   2.0195954e+02
   2.5076422e+02   2.0361202e+02
   3.3702127e+02   1.9460836e+02
   3.5020157e+02   1.8387165e+02
   3.6713839e+02   1.8348942e+02
   3.8106415e+02   1.9282026e+02
   3.6696593e+02   1.9866490e+02
   3.5176797e+02   1.9836261e+02
   2.6819562e+02   3.0558031e+02
   2.7974240e+02   2.9234235e+02
   2.9401582e+02   2.8254993e+02
   3.1112950e+02   2.8238274e+02
   3.2844552e+02   2.8144997e+02
   3.4400525e+02   2.8958224e+02
   3.5703836e+02   3.0111500e+02
   3.4980124e+02   3.1807492e+02
   3.3329427e+02   3.2674203e+02
   3.1483157e+02   3.2930152e+02
   2.9556178e+02   3.2833065e+02
   2.7805602e+02   3.2148039e+02
   2.7865942e+02   3.0418454e+02
   2.8912322e+02   2.9698072e+02
   3.1145769e+02   2.9531670e+02
   3.3471320e+02   2.9583661e+02
   3.4587578e+02   3.0349687e+02
   3.3563248e+02   3.1115714e+02
   3.1231105e+02   3.1313427e+02
   2.8989145e+02   3.1138836e+02
