   1.9313184e+02   2.0524700e+02
   1.9838174e+02   2.3483389e+02
   2.0422645e+02   2.6456053e+02
   2.0868214e+02   2.9422395e+02
   2.1947511e+02   3.2204689e+02
   2.3912454e+02   3.4467229e+02
   2.6177258e+02   3.6408945e+02
   2.8876471e+02   3.7759221e+02
   3.1816941e+02   3.7938658e+02
   3.4680442e+02   3.7536248e+02
   3.7099352e+02   3.5962405e+02
   3.8991021e+02   3.3803909e+02
   4.0666166e+02   3.1436434e+02
   4.1541442e+02   2.8671876e+02
   4.1805350e+02   2.5795458e+02
   4.2159773e+02   2.2915438e+02
   4.2161520e+02   2.0041195e+02
   2.1633576e+02   1.8167845e+02
   2.2945304e+02   1.7097210e+02
   2.4539862e+02   1.6514523e+02
   2.6231949e+02   1.6465619e+02
   2.7918593e+02   1.6648694e+02
   3.3467707e+02   1.6470841e+02
   3.5106862e+02   1.6111237e+02
   3.6762044e+02   1.5876520e+02
   3.8375423e+02   1.6270158e+02
   3.9752346e+02   1.7205179e+02
   3.0879561e+02   1.8859019e+02
   3.1040105e+02   2.0812538e+02
   3.1077292e+02   2.2751729e+02
   3.1082921e+02   2.4681773e+02
   2.8509385e+02   2.6305139e+02
   2.9706193e+02   2.6484880e+02
   3.0903006e+02   2.6604387e+02
   3.2169447e+02   2.6490454e+02
   3.3416893e+02   2.6304720e+02
   2.3743292e+02   1.9819251e+02
   2.5054574e+02   1.8922652e+02
   2.6636291e+02   1.8973267e+02
   2.8009299e+02   1.9773023e+02
   2.6566743e+02   2.0268259e+02
   2.5073614e+02   2.0461425e+02
   3.3743661e+02   1.9543781e+02
   3.5050017e+02   1.8451402e+02
   3.6761025e+02   1.8447005e+02
   3.8147604e+02   1.9406735e+02
   3.6725757e+02   1.9957103e+02
   3.5211875e+02   1.9917232e+02
   2.6769896e+02   3.0646047e+02
   2.7931661e+02   2.9290316e+02
   2.9378046e+02   2.8291279e+02
   3.1115619e+02   2.8291236e+02
   3.2852398e+02   2.8187373e+02
   3.4415862e+02   2.9015224e+02
   3.5762062e+02   3.0140818e+02
   3.5063196e+02   3.1832086e+02
   3.3355147e+02   3.2597445e+02
   3.1495687e+02   3.2803217e+02
   2.9563278e+02   3.2762452e+02
   2.7760193e+02   3.2211276e+02
   2.7828078e+02   3.0454892e+02
   2.8886260e+02   2.9768168e+02
   3.1154806e+02   2.9593460e+02
   3.3504974e+02   2.9625061e+02
   3.4633518e+02   3.0369137e+02
   3.3577985e+02   3.1113213e+02
   3.1202270e+02   3.1273558e+02
   2.8958466e+02   3.1141616e+02
