   2.0281141e+02   2.5014972e+02
   2.0848806e+02   2.7951012e+02
   2.1845970e+02   3.0793628e+02
   2.2439966e+02   3.3722088e+02
   2.3402324e+02   3.6543045e+02
   2.5202478e+02   3.8940807e+02
   2.7340455e+02   4.1035374e+02
   2.9861965e+02   4.2664831e+02
   3.2770240e+02   4.3001504e+02
   3.5957522e+02   4.2491707e+02
   3.8777256e+02   4.0892489e+02
   4.1112674e+02   3.8633223e+02
   4.3099745e+02   3.6087411e+02
   4.3940948e+02   3.2966583e+02
   4.4342347e+02   2.9729702e+02
   4.4806215e+02   2.6529188e+02
   4.4980251e+02   2.3302902e+02
   2.1862459e+02   2.1899918e+02
   2.3246177e+02   2.0932378e+02
   2.4944350e+02   2.0758509e+02
   2.6645958e+02   2.0767758e+02
   2.8344381e+02   2.0883642e+02
   3.3971465e+02   2.0153879e+02
   3.5871199e+02   1.9853549e+02
   3.7773501e+02   1.9569884e+02
   3.9681745e+02   1.9486737e+02
   4.1302348e+02   2.0374526e+02
   3.1418033e+02   2.3483364e+02
   3.1479540e+02   2.5405640e+02
   3.1587043e+02   2.7320048e+02
   3.1669057e+02   2.9228795e+02
   2.9838005e+02   3.0831856e+02
   3.0887569e+02   3.0905365e+02
   3.1924395e+02   3.0938899e+02
   3.3140484e+02   3.0775230e+02
   3.4324795e+02   3.0505440e+02
   2.4272479e+02   2.4175410e+02
   2.5592927e+02   2.3277120e+02
   2.7188617e+02   2.3170913e+02
   2.8486091e+02   2.4046411e+02
   2.7104994e+02   2.4562291e+02
   2.5640319e+02   2.4667257e+02
   3.4839843e+02   2.3754357e+02
   3.6146927e+02   2.2629771e+02
   3.7869132e+02   2.2441332e+02
   3.9340747e+02   2.3293106e+02
   3.7925460e+02   2.3881371e+02
   3.6374898e+02   2.3875510e+02
   2.7509179e+02   3.4956810e+02
   2.9032783e+02   3.3963373e+02
   3.0761531e+02   3.3459186e+02
   3.2536900e+02   3.3744916e+02
   3.4363186e+02   3.3243732e+02
   3.6248725e+02   3.3564541e+02
   3.8027867e+02   3.4212787e+02
   3.6331570e+02   3.5291386e+02
   3.4565902e+02   3.6261575e+02
   3.2644107e+02   3.6772800e+02
   3.0780561e+02   3.6648129e+02
   2.9033110e+02   3.5995763e+02
   2.9342178e+02   3.4868162e+02
   3.0965457e+02   3.4804366e+02
   3.2580670e+02   3.4719581e+02
   3.4364877e+02   3.4554191e+02
   3.6133503e+02   3.4467613e+02
   3.4321947e+02   3.4607732e+02
   3.2550447e+02   3.4836737e+02
   3.0932317e+02   3.4849626e+02
