   2.0756875e+02   1.9790289e+02
   2.1157199e+02   2.2868536e+02
   2.1480178e+02   2.5962650e+02
   2.2229449e+02   2.8970104e+02
   2.3376151e+02   3.1841979e+02
   2.5020386e+02   3.4454845e+02
   2.6963860e+02   3.6871255e+02
   2.9125669e+02   3.9056630e+02
   3.1975696e+02   4.0087481e+02
   3.4713891e+02   3.8810634e+02
   3.6583864e+02   3.6416150e+02
   3.8324737e+02   3.3878804e+02
   3.9464535e+02   3.1026090e+02
   4.0841093e+02   2.8288016e+02
   4.1865713e+02   2.5428837e+02
   4.2227142e+02   2.2391399e+02
   4.2301620e+02   1.9342768e+02
   2.2397791e+02   1.6287278e+02
   2.3696725e+02   1.4541107e+02
   2.5576251e+02   1.3500757e+02
   2.7750091e+02   1.3409613e+02
   2.9875495e+02   1.3811089e+02
   3.4919430e+02   1.3241610e+02
   3.6762653e+02   1.2805625e+02
   3.8661395e+02   1.2973768e+02
   4.0026568e+02   1.4313979e+02
   4.0709215e+02   1.6143427e+02
   3.2080580e+02   1.8597143e+02
   3.2243591e+02   2.0460820e+02
   3.2398470e+02   2.2323609e+02
   3.2619944e+02   2.4170707e+02
   2.9708267e+02   2.5419693e+02
   3.1098391e+02   2.5599200e+02
   3.2471132e+02   2.5567961e+02
   3.3580747e+02   2.5494376e+02
   3.4604203e+02   2.5091547e+02
   2.4837311e+02   1.8610069e+02
   2.6089704e+02   1.7483290e+02
   2.7784589e+02   1.7554564e+02
   2.9110800e+02   1.8603718e+02
   2.7694196e+02   1.9202351e+02
   2.6174759e+02   1.9284509e+02
   3.4393739e+02   1.8279112e+02
   3.5714378e+02   1.7096396e+02
   3.7472777e+02   1.6977868e+02
   3.8823187e+02   1.8072030e+02
   3.7421892e+02   1.8707171e+02
   3.5881374e+02   1.8681110e+02
   2.8565037e+02   3.1249802e+02
   2.9267516e+02   2.9536052e+02
   3.0554112e+02   2.8288557e+02
   3.2303865e+02   2.8260674e+02
   3.3866979e+02   2.8083449e+02
   3.5070359e+02   2.9036254e+02
   3.5292957e+02   3.0644950e+02
   3.4604489e+02   3.2841527e+02
   3.3611056e+02   3.4842318e+02
   3.1723429e+02   3.5970154e+02
   3.0052301e+02   3.4968949e+02
   2.9128750e+02   3.3187963e+02
   2.9064662e+02   3.1069409e+02
   3.0220233e+02   2.9219422e+02
   3.2293000e+02   2.8990124e+02
   3.4152702e+02   2.8972034e+02
   3.4925828e+02   3.0671753e+02
   3.3845481e+02   3.3079370e+02
   3.1646364e+02   3.4387626e+02
   2.9842194e+02   3.3258110e+02
