   1.8381054e+02   2.3734025e+02
   1.8731292e+02   2.6670467e+02
   1.8991319e+02   2.9595183e+02
   1.9386409e+02   3.2510072e+02
   2.0247144e+02   3.5306608e+02
   2.2342396e+02   3.7333244e+02
   2.4987062e+02   3.8647479e+02
   2.7691888e+02   3.9805320e+02
   3.0581485e+02   4.0049749e+02
   3.3450972e+02   3.9634929e+02
   3.6186653e+02   3.8689462e+02
   3.8625656e+02   3.7116762e+02
   4.0896687e+02   3.5358676e+02
   4.1671267e+02   3.2586896e+02
   4.2049136e+02   2.9721080e+02
   4.2407091e+02   2.6852027e+02
   4.2581569e+02   2.3964803e+02
   2.0658453e+02   2.0190393e+02
   2.2214010e+02   1.9463645e+02
   2.3857775e+02   1.9048678e+02
   2.5573601e+02   1.9007559e+02
   2.7267164e+02   1.9012075e+02
   3.3043675e+02   1.9277506e+02
   3.4708895e+02   1.8975077e+02
   3.6363754e+02   1.8773329e+02
   3.7991555e+02   1.9127049e+02
   3.9476449e+02   1.9893361e+02
   3.0296658e+02   2.1649106e+02
   3.0285496e+02   2.3423003e+02
   3.0334134e+02   2.5183832e+02
   3.0343213e+02   2.6931427e+02
   2.8137392e+02   2.9165392e+02
   2.9252861e+02   2.9077902e+02
   3.0369298e+02   2.9122733e+02
   3.1485708e+02   2.9079505e+02
   3.2601225e+02   2.9036311e+02
   2.2684978e+02   2.3234136e+02
   2.4092242e+02   2.2341256e+02
   2.5720175e+02   2.2080622e+02
   2.7123199e+02   2.2858128e+02
   2.5702492e+02   2.3435538e+02
   2.4177292e+02   2.3512310e+02
   3.3206858e+02   2.3003077e+02
   3.4584763e+02   2.2022807e+02
   3.6319210e+02   2.2100040e+02
   3.7889985e+02   2.2841288e+02
   3.6353439e+02   2.3311924e+02
   3.4770406e+02   2.3319958e+02
   2.5574615e+02   3.2884493e+02
   2.7177254e+02   3.2437106e+02
   2.8732505e+02   3.1863408e+02
   3.0324064e+02   3.2098556e+02
   3.2009391e+02   3.1733390e+02
   3.3693246e+02   3.2309219e+02
   3.5420139e+02   3.2545920e+02
   3.3772500e+02   3.3248631e+02
   3.2152050e+02   3.4008214e+02
   3.0410485e+02   3.4330483e+02
   2.8698852e+02   3.4249628e+02
   2.7123841e+02   3.3610868e+02
   2.7731438e+02   3.2781359e+02
   2.9019713e+02   3.2735540e+02
   3.0307488e+02   3.2696402e+02
   3.1587694e+02   3.2657622e+02
   3.2850235e+02   3.2618037e+02
   3.1598057e+02   3.2743378e+02
   3.0347265e+02   3.2782599e+02
   2.9030882e+02   3.2821790e+02
