   1.9197021e+02   2.1993660e+02
   1.9782027e+02   2.4888818e+02
   2.0204277e+02   2.7821534e+02
   2.0764671e+02   3.0721727e+02
   2.1724515e+02   3.3518270e+02
   2.3301864e+02   3.6003002e+02
   2.5667702e+02   3.7748157e+02
   2.8419067e+02   3.8773436e+02
   3.1333949e+02   3.9015068e+02
   3.4166094e+02   3.8495235e+02
   3.6592415e+02   3.6978914e+02
   3.8387101e+02   3.4736545e+02
   3.9904148e+02   3.2267940e+02
   4.0714740e+02   2.9509392e+02
   4.1190034e+02   2.6673267e+02
   4.1491793e+02   2.3802795e+02
   4.1775160e+02   2.0946811e+02
   2.0803966e+02   1.9883347e+02
   2.1514500e+02   1.8087775e+02
   2.3278380e+02   1.7157239e+02
   2.5228909e+02   1.6817700e+02
   2.7213718e+02   1.6909775e+02
   3.3077300e+02   1.6667297e+02
   3.4843426e+02   1.6455461e+02
   3.6609044e+02   1.6221875e+02
   3.8322267e+02   1.6653739e+02
   3.9390015e+02   1.8008959e+02
   3.0486957e+02   1.9198695e+02
   3.0578446e+02   2.1259454e+02
   3.0579877e+02   2.3311246e+02
   3.0622280e+02   2.5347968e+02
   2.8097786e+02   2.6815476e+02
   2.9348202e+02   2.7175509e+02
   3.0621545e+02   2.7275336e+02
   3.1914901e+02   2.7062148e+02
   3.3099869e+02   2.6542046e+02
   2.3648900e+02   2.0480998e+02
   2.5080714e+02   1.9561900e+02
   2.6763975e+02   1.9620181e+02
   2.7916521e+02   2.0803854e+02
   2.6443773e+02   2.1201003e+02
   2.4935106e+02   2.1207091e+02
   3.3056378e+02   2.0255139e+02
   3.4003039e+02   1.8932563e+02
   3.5631300e+02   1.8683519e+02
   3.7049080e+02   1.9476537e+02
   3.5957379e+02   2.0399294e+02
   3.4498123e+02   2.0454532e+02
   2.6772068e+02   3.1193899e+02
   2.7964099e+02   3.0198404e+02
   2.9302292e+02   2.9426158e+02
   3.0780036e+02   2.9631305e+02
   3.2236758e+02   2.9355029e+02
   3.3575663e+02   3.0054495e+02
   3.4874950e+02   3.0840881e+02
   3.3577816e+02   3.1434399e+02
   3.2322316e+02   3.2084080e+02
   3.0938704e+02   3.2180173e+02
   2.9490461e+02   3.2173752e+02
   2.8127739e+02   3.1701819e+02
   2.7787870e+02   3.1072560e+02
   2.9252581e+02   3.0419245e+02
   3.0842265e+02   3.0362022e+02
   3.2397609e+02   3.0274015e+02
   3.3849934e+02   3.0786538e+02
   3.2352762e+02   3.0704307e+02
   3.0872790e+02   3.0855430e+02
   2.9313248e+02   3.0859681e+02
