   1.7678220e+02   2.1704951e+02
   1.7709146e+02   2.4937032e+02
   1.7997878e+02   2.8139367e+02
   1.8572996e+02   3.1293622e+02
   1.9679205e+02   3.4278866e+02
   2.1573378e+02   3.6881355e+02
   2.3708150e+02   3.9272193e+02
   2.6526718e+02   4.0730930e+02
   2.9697617e+02   4.1085161e+02
   3.2863560e+02   4.0676098e+02
   3.5637708e+02   3.9044795e+02
   3.7954970e+02   3.6830090e+02
   3.9696896e+02   3.4148464e+02
   4.0879204e+02   3.1156484e+02
   4.1404575e+02   2.7994604e+02
   4.1875494e+02   2.4800754e+02
   4.1900910e+02   2.1609982e+02
   1.9037881e+02   2.0149810e+02
   2.0674791e+02   1.8647312e+02
   2.2764613e+02   1.7947824e+02
   2.4995594e+02   1.8013648e+02
   2.7207555e+02   1.8174941e+02
   3.2447150e+02   1.8111478e+02
   3.4542080e+02   1.7976370e+02
   3.6639100e+02   1.8001781e+02
   3.8682634e+02   1.8423853e+02
   4.0424385e+02   1.9531104e+02
   3.0166443e+02   2.1260581e+02
   3.0184864e+02   2.3278554e+02
   3.0206557e+02   2.5287425e+02
   3.0206251e+02   2.7288644e+02
   2.6531062e+02   2.9453295e+02
   2.8329110e+02   2.9635680e+02
   3.0117092e+02   2.9689665e+02
   3.1713240e+02   2.9632229e+02
   3.3279157e+02   2.9498440e+02
   2.2099900e+02   2.1554088e+02
   2.3870198e+02   2.0667961e+02
   2.5835431e+02   2.0902629e+02
   2.7171875e+02   2.2302747e+02
   2.5455930e+02   2.2058023e+02
   2.3719862e+02   2.2076101e+02
   3.2820791e+02   2.2535657e+02
   3.4198754e+02   2.1129395e+02
   3.6180778e+02   2.0970528e+02
   3.7884578e+02   2.1950327e+02
   3.6237216e+02   2.2386941e+02
   3.4514064e+02   2.2372385e+02
   2.5317869e+02   3.3614786e+02
   2.6915894e+02   3.2724698e+02
   2.8501695e+02   3.1821693e+02
   3.0277572e+02   3.1741925e+02
   3.1897061e+02   3.1848714e+02
   3.3178209e+02   3.2927798e+02
   3.4588934e+02   3.3769984e+02
   3.3488123e+02   3.5102803e+02
   3.1836138e+02   3.5682541e+02
   3.0095367e+02   3.5762209e+02
   2.8223623e+02   3.5657042e+02
   2.6483997e+02   3.5025247e+02
   2.6509020e+02   3.3098379e+02
   2.7700171e+02   3.3071743e+02
   3.0113629e+02   3.3165643e+02
   3.2407215e+02   3.3172132e+02
   3.3498075e+02   3.3213439e+02
   3.2375577e+02   3.3254745e+02
   3.0111988e+02   3.3287063e+02
   2.7671008e+02   3.3125015e+02
