   1.7734985e+02   2.1667984e+02
   1.7759068e+02   2.4887451e+02
   1.8025910e+02   2.8085702e+02
   1.8560893e+02   3.1245961e+02
   1.9688682e+02   3.4219247e+02
   2.1563428e+02   3.6822713e+02
   2.3711141e+02   3.9199207e+02
   2.6512657e+02   4.0653092e+02
   2.9678295e+02   4.0996193e+02
   3.2839024e+02   4.0573978e+02
   3.5615381e+02   3.8957283e+02
   3.7962194e+02   3.6785376e+02
   3.9693741e+02   3.4094770e+02
   4.0815201e+02   3.1098221e+02
   4.1337036e+02   2.7937407e+02
   4.1861569e+02   2.4750767e+02
   4.1846077e+02   2.1575297e+02
   1.9083283e+02   2.0133020e+02
   2.0694642e+02   1.8620991e+02
   2.2771533e+02   1.7917002e+02
   2.4994432e+02   1.7915887e+02
   2.7194307e+02   1.8046858e+02
   3.2374861e+02   1.8002257e+02
   3.4476129e+02   1.7896718e+02
   3.6578093e+02   1.7979445e+02
   3.8624964e+02   1.8412815e+02
   4.0365507e+02   1.9530499e+02
   3.0161616e+02   2.1241694e+02
   3.0179432e+02   2.3250616e+02
   3.0200505e+02   2.5250478e+02
   3.0199682e+02   2.7242717e+02
   2.6542150e+02   2.9405718e+02
   2.8330917e+02   2.9588182e+02
   3.0110300e+02   2.9632940e+02
   3.1698470e+02   2.9589124e+02
   3.3256699e+02   2.9461514e+02
   2.2131196e+02   2.1531791e+02
   2.3890698e+02   2.0624900e+02
   2.5854901e+02   2.0862513e+02
   2.7190345e+02   2.2268287e+02
   2.5479873e+02   2.2015676e+02
   2.3750342e+02   2.2036857e+02
   3.2804696e+02   2.2493706e+02
   3.4168640e+02   2.1090450e+02
   3.6145760e+02   2.0953581e+02
   3.7844938e+02   2.1930348e+02
   3.6195007e+02   2.2322485e+02
   3.4486499e+02   2.2324750e+02
   2.5421600e+02   3.3498157e+02
   2.6988341e+02   3.2635376e+02
   2.8539238e+02   3.1762265e+02
   3.0275866e+02   3.1687912e+02
   3.1872721e+02   3.1779242e+02
   3.3123518e+02   3.2865742e+02
   3.4501192e+02   3.3727255e+02
   3.3312783e+02   3.4963823e+02
   3.1687396e+02   3.5558051e+02
   2.9975241e+02   3.5664888e+02
   2.8185502e+02   3.5498076e+02
   2.6533895e+02   3.4853481e+02
   2.6584476e+02   3.2918593e+02
   2.7747352e+02   3.2901318e+02
   3.0123934e+02   3.3061199e+02
   3.2382986e+02   3.2983455e+02
   3.3442089e+02   3.3005019e+02
   3.2357773e+02   3.3026584e+02
   3.0120977e+02   3.3098085e+02
   2.7721184e+02   3.2935869e+02
