   2.0468053e+02   2.1513002e+02
   2.0975193e+02   2.4323749e+02
   2.1610936e+02   2.7060772e+02
   2.2432653e+02   2.9777418e+02
   2.3474332e+02   3.2389880e+02
   2.5199693e+02   3.4635173e+02
   2.7329181e+02   3.6485809e+02
   2.9863151e+02   3.7753755e+02
   3.2628595e+02   3.7956512e+02
   3.5461004e+02   3.7735049e+02
   3.7950125e+02   3.6350420e+02
   4.0077620e+02   3.4419832e+02
   4.1766632e+02   3.2125538e+02
   4.2623933e+02   2.9411961e+02
   4.2934363e+02   2.6583723e+02
   4.3306929e+02   2.3734922e+02
   4.3561652e+02   2.0906426e+02
   2.2787608e+02   1.9315675e+02
   2.4071215e+02   1.8182530e+02
   2.5824422e+02   1.8022103e+02
   2.7605627e+02   1.7918216e+02
   2.9354488e+02   1.7762457e+02
   3.4262768e+02   1.7369941e+02
   3.6246947e+02   1.7202668e+02
   3.8229029e+02   1.7207303e+02
   4.0160600e+02   1.7534549e+02
   4.1706459e+02   1.8710954e+02
   3.2204072e+02   1.9846834e+02
   3.2170202e+02   2.2081967e+02
   3.2090487e+02   2.4311741e+02
   3.1934000e+02   2.6522923e+02
   2.9609555e+02   2.7594015e+02
   3.0834365e+02   2.7929056e+02
   3.2053903e+02   2.8200184e+02
   3.3422554e+02   2.7848434e+02
   3.4788004e+02   2.7566463e+02
   2.5204181e+02   2.0524930e+02
   2.6624997e+02   1.9663556e+02
   2.8289453e+02   1.9792481e+02
   2.9398976e+02   2.0995053e+02
   2.7925463e+02   2.1237431e+02
   2.6450939e+02   2.1256034e+02
   3.5012925e+02   2.0828001e+02
   3.6068067e+02   1.9505655e+02
   3.7748876e+02   1.9236319e+02
   3.9196295e+02   2.0086860e+02
   3.7952762e+02   2.0828520e+02
   3.6471009e+02   2.0872076e+02
   2.7305768e+02   2.9668994e+02
   2.9018932e+02   2.9660062e+02
   3.0719693e+02   2.9512465e+02
   3.2382889e+02   2.9841750e+02
   3.4036901e+02   2.9409563e+02
   3.5753203e+02   2.9637535e+02
   3.7468872e+02   2.9538017e+02
   3.6026365e+02   3.0932429e+02
   3.4397501e+02   3.2046681e+02
   3.2471775e+02   3.2447811e+02
   3.0490265e+02   3.2117170e+02
   2.8804780e+02   3.1007416e+02
   2.8603928e+02   3.0196852e+02
   3.0488272e+02   3.0529879e+02
   3.2377398e+02   3.0756500e+02
   3.4422079e+02   3.0408767e+02
   3.6430271e+02   3.0060037e+02
   3.4394011e+02   3.0425348e+02
   3.2366725e+02   3.0780561e+02
   3.0467618e+02   3.0551011e+02
