   1.8123662e+02   1.5364291e+02
   1.8172216e+02   1.8522458e+02
   1.8675687e+02   2.1638267e+02
   1.9275099e+02   2.4719610e+02
   2.0602749e+02   2.7585057e+02
   2.2564452e+02   3.0007025e+02
   2.5306400e+02   3.1558623e+02
   2.8049849e+02   3.3093393e+02
   3.1095218e+02   3.3318305e+02
   3.4072303e+02   3.2687293e+02
   3.6720062e+02   3.1264406e+02
   3.8866408e+02   2.9097742e+02
   4.0576984e+02   2.6613522e+02
   4.1594772e+02   2.3753764e+02
   4.2022092e+02   2.0769891e+02
   4.2068370e+02   1.7736685e+02
   4.1789121e+02   1.4721430e+02
   2.0594334e+02   1.3855661e+02
   2.1864927e+02   1.2722487e+02
   2.3533816e+02   1.2364890e+02
   2.5249160e+02   1.2489296e+02
   2.6924625e+02   1.2858312e+02
   3.3129056e+02   1.2521075e+02
   3.4726721e+02   1.2225024e+02
   3.6326780e+02   1.2125553e+02
   3.7894768e+02   1.2447832e+02
   3.9255857e+02   1.3284700e+02
   3.0026496e+02   1.5343613e+02
   3.0068650e+02   1.7002936e+02
   3.0114084e+02   1.8658946e+02
   3.0189493e+02   2.0301205e+02
   2.7837910e+02   2.1755922e+02
   2.9011626e+02   2.1953154e+02
   3.0191792e+02   2.2025979e+02
   3.1281911e+02   2.1975844e+02
   3.2350057e+02   2.1776882e+02
   2.3320270e+02   1.5316566e+02
   2.4502087e+02   1.4561257e+02
   2.5895348e+02   1.4654257e+02
   2.6960296e+02   1.5551284e+02
   2.5730063e+02   1.5604437e+02
   2.4498388e+02   1.5621225e+02
   3.3210283e+02   1.5444992e+02
   3.4322940e+02   1.4554697e+02
   3.5748193e+02   1.4426287e+02
   3.6986357e+02   1.5103563e+02
   3.5780825e+02   1.5525335e+02
   3.4491436e+02   1.5544264e+02
   2.5343611e+02   2.4546911e+02
   2.7012210e+02   2.4103333e+02
   2.8728509e+02   2.3933782e+02
   3.0416664e+02   2.4088682e+02
   3.2215716e+02   2.3882381e+02
   3.4032259e+02   2.3869699e+02
   3.5814664e+02   2.4072509e+02
   3.4383982e+02   2.5698696e+02
   3.2594329e+02   2.6858926e+02
   3.0514408e+02   2.7193433e+02
   2.8500175e+02   2.7051795e+02
   2.6749268e+02   2.6020299e+02
   2.6361692e+02   2.4646164e+02
   2.8459434e+02   2.4769040e+02
   3.0523466e+02   2.4929287e+02
   3.2683675e+02   2.4672804e+02
   3.4818618e+02   2.4441310e+02
   3.2699274e+02   2.5559512e+02
   3.0347520e+02   2.5850258e+02
   2.8226776e+02   2.5642860e+02
