   1.9451797e+02   2.0147533e+02
   1.9272198e+02   2.3036623e+02
   1.9581754e+02   2.5889788e+02
   2.0129488e+02   2.8716194e+02
   2.0967197e+02   3.1443763e+02
   2.2534951e+02   3.3860889e+02
   2.4752642e+02   3.5674199e+02
   2.7214897e+02   3.7119596e+02
   3.0022152e+02   3.7551528e+02
   3.2907673e+02   3.7247214e+02
   3.5574076e+02   3.6035725e+02
   3.8049300e+02   3.4505659e+02
   4.0073056e+02   3.2433805e+02
   4.1285291e+02   2.9780122e+02
   4.1833871e+02   2.6937546e+02
   4.2129515e+02   2.4019808e+02
   4.2272941e+02   2.1132960e+02
   2.0916538e+02   1.7916844e+02
   2.1654190e+02   1.6239098e+02
   2.3494241e+02   1.5661601e+02
   2.5398330e+02   1.5388316e+02
   2.7271369e+02   1.5766426e+02
   3.2420949e+02   1.5846142e+02
   3.4506374e+02   1.5665538e+02
   3.6576685e+02   1.5990039e+02
   3.8573452e+02   1.6661263e+02
   3.9892097e+02   1.8212249e+02
   2.9728900e+02   1.8811009e+02
   2.9509120e+02   2.0886340e+02
   2.9492533e+02   2.2938652e+02
   2.9491665e+02   2.5007000e+02
   2.7104284e+02   2.6236114e+02
   2.8422226e+02   2.6556107e+02
   2.9643488e+02   2.7085394e+02
   3.0859154e+02   2.6440802e+02
   3.2184498e+02   2.6164324e+02
   2.3484007e+02   1.9467868e+02
   2.4865851e+02   1.8818930e+02
   2.6381155e+02   1.9060692e+02
   2.7610707e+02   1.9959394e+02
   2.6156958e+02   2.0092071e+02
   2.4711104e+02   2.0168135e+02
   3.2535284e+02   2.0006393e+02
   3.3806165e+02   1.9085053e+02
   3.5380108e+02   1.8925056e+02
   3.6674095e+02   1.9747711e+02
   3.5366262e+02   2.0276588e+02
   3.3932520e+02   2.0240784e+02
   2.5469509e+02   3.0042499e+02
   2.6943932e+02   2.9297017e+02
   2.8386866e+02   2.8527401e+02
   2.9854774e+02   2.9067730e+02
   3.1425732e+02   2.8457447e+02
   3.3021295e+02   2.9184901e+02
   3.4645142e+02   2.9784338e+02
   3.3176402e+02   3.0584880e+02
   3.1612412e+02   3.1137459e+02
   2.9969668e+02   3.1242322e+02
   2.8383336e+02   3.1169214e+02
   2.6845091e+02   3.0781815e+02
   2.6513942e+02   2.9977847e+02
   2.8231058e+02   2.9739442e+02
   2.9919978e+02   3.0003111e+02
   3.1749491e+02   2.9632893e+02
   3.3587450e+02   2.9810458e+02
   3.1735114e+02   2.9674788e+02
   2.9919852e+02   3.0043703e+02
   2.8217201e+02   2.9778602e+02
