   1.9448753e+02   2.0123829e+02
   1.9272575e+02   2.3014031e+02
   1.9585923e+02   2.5868094e+02
   2.0137531e+02   2.8694711e+02
   2.0980679e+02   3.1422331e+02
   2.2557123e+02   3.3834095e+02
   2.4772204e+02   3.5653651e+02
   2.7245963e+02   3.7080488e+02
   3.0056224e+02   3.7504134e+02
   3.2940075e+02   3.7205297e+02
   3.5602807e+02   3.6000449e+02
   3.8073863e+02   3.4468435e+02
   4.0074323e+02   3.2379701e+02
   4.1266514e+02   2.9720785e+02
   4.1821298e+02   2.6881327e+02
   4.2112735e+02   2.3968699e+02
   4.2253012e+02   2.1083635e+02
   2.0909912e+02   1.7893301e+02
   2.1654721e+02   1.6213528e+02
   2.3488571e+02   1.5623686e+02
   2.5396255e+02   1.5361309e+02
   2.7272433e+02   1.5727417e+02
   3.2380107e+02   1.5784722e+02
   3.4481117e+02   1.5645906e+02
   3.6568990e+02   1.5952534e+02
   3.8572396e+02   1.6634429e+02
   3.9884763e+02   1.8208351e+02
   2.9716314e+02   1.8777168e+02
   2.9498966e+02   2.0851106e+02
   2.9484627e+02   2.2901820e+02
   2.9486011e+02   2.4968542e+02
   2.7101847e+02   2.6199288e+02
   2.8419100e+02   2.6517594e+02
   2.9639978e+02   2.7045135e+02
   3.0853985e+02   2.6399727e+02
   3.2177985e+02   2.6122024e+02
   2.3438650e+02   1.9477470e+02
   2.4831756e+02   1.8881800e+02
   2.6345752e+02   1.9096862e+02
   2.7600132e+02   1.9911519e+02
   2.6142222e+02   2.0050042e+02
   2.4690529e+02   2.0131183e+02
   3.2510417e+02   1.9965218e+02
   3.3818393e+02   1.9111244e+02
   3.5400754e+02   1.8967283e+02
   3.6730228e+02   1.9728949e+02
   3.5390715e+02   2.0234095e+02
   3.3934207e+02   2.0181127e+02
   2.5475014e+02   3.0004762e+02
   2.6944141e+02   2.9258617e+02
   2.8383802e+02   2.8493485e+02
   2.9849629e+02   2.9026238e+02
   3.1419347e+02   2.8417756e+02
   3.3015878e+02   2.9138318e+02
   3.4637572e+02   2.9736955e+02
   3.3174134e+02   3.0544812e+02
   3.1612228e+02   3.1102102e+02
   2.9969743e+02   3.1209550e+02
   2.8383870e+02   3.1137616e+02
   2.6848376e+02   3.0748661e+02
   2.6524625e+02   2.9939707e+02
   2.8232422e+02   2.9685837e+02
   2.9917112e+02   2.9947751e+02
   3.1742696e+02   2.9577074e+02
   3.3574256e+02   2.9765193e+02
   3.1726601e+02   2.9637278e+02
   2.9918509e+02   3.0009398e+02
   2.8220407e+02   2.9740391e+02
