   1.8571697e+02   1.9520876e+02
   1.8471240e+02   2.2427014e+02
   1.8733640e+02   2.5337425e+02
   1.9387060e+02   2.8170869e+02
   2.0795587e+02   3.0680692e+02
   2.2263383e+02   3.3211273e+02
   2.3892008e+02   3.5602467e+02
   2.5988478e+02   3.7614344e+02
   2.8746553e+02   3.8224027e+02
   3.1732884e+02   3.7759169e+02
   3.4343560e+02   3.6241362e+02
   3.6647385e+02   3.4294869e+02
   3.8431781e+02   3.1881308e+02
   3.9333040e+02   2.8993629e+02
   3.9842505e+02   2.5994456e+02
   4.0418573e+02   2.3029822e+02
   4.0577329e+02   2.0033454e+02
   1.9514159e+02   1.8480976e+02
   2.0789271e+02   1.7126629e+02
   2.2680125e+02   1.6918713e+02
   2.4566318e+02   1.7248406e+02
   2.6260464e+02   1.8122216e+02
   3.0207035e+02   1.8214511e+02
   3.1894754e+02   1.7507038e+02
   3.3664223e+02   1.7143797e+02
   3.5480613e+02   1.7093611e+02
   3.7186000e+02   1.7666442e+02
   2.8291050e+02   2.0935184e+02
   2.8131483e+02   2.2655435e+02
   2.8038946e+02   2.4354053e+02
   2.7907862e+02   2.6059955e+02
   2.5934382e+02   2.8445519e+02
   2.6993017e+02   2.8635648e+02
   2.8054969e+02   2.8740172e+02
   2.9435783e+02   2.8684500e+02
   3.0794095e+02   2.8534163e+02
   2.1104528e+02   2.1435460e+02
   2.2330618e+02   2.0707510e+02
   2.3749497e+02   2.0997631e+02
   2.4902949e+02   2.1878115e+02
   2.3591420e+02   2.2317030e+02
   2.2214135e+02   2.2228126e+02
   3.1825330e+02   2.1966241e+02
   3.3092989e+02   2.1067200e+02
   3.4613198e+02   2.0823719e+02
   3.5948752e+02   2.1554144e+02
   3.4755999e+02   2.2418679e+02
   3.3257165e+02   2.2417247e+02
   2.4949243e+02   3.1620763e+02
   2.5967947e+02   3.0930964e+02
   2.7110791e+02   3.0535473e+02
   2.8246287e+02   3.0860788e+02
   2.9681767e+02   3.0734167e+02
   3.1055554e+02   3.1207439e+02
   3.2351248e+02   3.1860303e+02
   3.1076620e+02   3.2705599e+02
   2.9749855e+02   3.3418414e+02
   2.8263078e+02   3.3551713e+02
   2.6968301e+02   3.3318476e+02
   2.5878378e+02   3.2553019e+02
   2.5617138e+02   3.1659789e+02
   2.6956819e+02   3.1711073e+02
   2.8281060e+02   3.1884091e+02
   2.9849528e+02   3.1823600e+02
   3.1388104e+02   3.2035095e+02
   2.9823556e+02   3.1913138e+02
   2.8267611e+02   3.1948539e+02
   2.6935302e+02   3.1785221e+02
