   1.8569288e+02   1.9515072e+02
   1.8468484e+02   2.2422893e+02
   1.8730648e+02   2.5334568e+02
   1.9388859e+02   2.8168592e+02
   2.0793750e+02   3.0682391e+02
   2.2262005e+02   3.3214200e+02
   2.3891380e+02   3.5606918e+02
   2.5988593e+02   3.7619815e+02
   2.8748213e+02   3.8230126e+02
   3.1737630e+02   3.7764773e+02
   3.4350982e+02   3.6245213e+02
   3.6656999e+02   3.4296443e+02
   3.8442331e+02   3.1879201e+02
   3.9343242e+02   2.8987895e+02
   3.9853567e+02   2.5985960e+02
   4.0430103e+02   2.3018063e+02
   4.0589152e+02   2.0018203e+02
   1.9517209e+02   1.8466284e+02
   2.0795203e+02   1.7117180e+02
   2.2684844e+02   1.6912107e+02
   2.4569187e+02   1.7242525e+02
   2.6263158e+02   1.8112701e+02
   3.0211964e+02   1.8206357e+02
   3.1901385e+02   1.7501106e+02
   3.3672248e+02   1.7137913e+02
   3.5489293e+02   1.7086461e+02
   3.7194617e+02   1.7661406e+02
   2.8294162e+02   2.0931169e+02
   2.8134331e+02   2.2652406e+02
   2.8041571e+02   2.4352004e+02
   2.7910242e+02   2.6058887e+02
   2.5935375e+02   2.8445644e+02
   2.6994609e+02   2.8635989e+02
   2.8057168e+02   2.8740679e+02
   2.9438792e+02   2.8685112e+02
   3.0797910e+02   2.8534823e+02
   2.1103405e+02   2.1431022e+02
   2.2330966e+02   2.0702666e+02
   2.3751576e+02   2.0991412e+02
   2.4906158e+02   2.1872443e+02
   2.3593239e+02   2.2313080e+02
   2.2214272e+02   2.2224493e+02
   3.1830398e+02   2.1963177e+02
   3.3098869e+02   2.1063658e+02
   3.4620190e+02   2.0820125e+02
   3.5956262e+02   2.1551249e+02
   3.4762729e+02   2.2416170e+02
   3.3263022e+02   2.2414588e+02
   2.4949817e+02   3.1621265e+02
   2.5969400e+02   3.0932182e+02
   2.7112627e+02   3.0536899e+02
   2.8248388e+02   3.0862549e+02
   2.9685451e+02   3.0733628e+02
   3.1060292e+02   3.1210173e+02
   3.2358399e+02   3.1862615e+02
   3.1084018e+02   3.2709902e+02
   2.9756907e+02   3.3424605e+02
   2.8269034e+02   3.3557829e+02
   2.6971453e+02   3.3324439e+02
   2.5879383e+02   3.2556996e+02
   2.5621906e+02   3.1661708e+02
   2.6960983e+02   3.1711010e+02
   2.8284471e+02   3.1884625e+02
   2.9853843e+02   3.1823745e+02
   3.1392944e+02   3.2037024e+02
   2.9828083e+02   3.1920913e+02
   2.8271681e+02   3.1955882e+02
   2.6939622e+02   3.1790611e+02
