   1.7203212e+02   1.8797563e+02
   1.7502706e+02   2.2029837e+02
   1.8151258e+02   2.5165377e+02
   1.8609087e+02   2.8352255e+02
   1.9617933e+02   3.1412794e+02
   2.1400770e+02   3.4084547e+02
   2.3610448e+02   3.6423191e+02
   2.6476702e+02   3.7882031e+02
   2.9618438e+02   3.8490961e+02
   3.2501518e+02   3.7669896e+02
   3.4850051e+02   3.5806367e+02
   3.6742294e+02   3.3439285e+02
   3.7909567e+02   3.0673858e+02
   3.8692119e+02   2.7765289e+02
   3.9368051e+02   2.4805511e+02
   3.9911536e+02   2.1866093e+02
   4.0025784e+02   1.8860940e+02
   1.9482688e+02   1.6955417e+02
   2.0985076e+02   1.6005876e+02
   2.2728085e+02   1.5598432e+02
   2.4506292e+02   1.5635200e+02
   2.6246436e+02   1.5986578e+02
   3.2270089e+02   1.6107679e+02
   3.3668715e+02   1.5810695e+02
   3.5052131e+02   1.5457210e+02
   3.6454667e+02   1.5681863e+02
   3.7675896e+02   1.6401146e+02
   2.9674860e+02   1.8523281e+02
   2.9815805e+02   2.0628574e+02
   2.9939398e+02   2.2733530e+02
   2.9931326e+02   2.4819971e+02
   2.7900947e+02   2.6216844e+02
   2.8916197e+02   2.6359958e+02
   2.9931544e+02   2.6408421e+02
   3.0908206e+02   2.6291521e+02
   3.1870167e+02   2.6169711e+02
   2.2338778e+02   1.8706357e+02
   2.3751431e+02   1.7914580e+02
   2.5360836e+02   1.7987398e+02
   2.6680333e+02   1.8880068e+02
   2.5222513e+02   1.9570678e+02
   2.3632317e+02   1.9579209e+02
   3.2352094e+02   1.9143268e+02
   3.3541853e+02   1.8144999e+02
   3.5098504e+02   1.8107978e+02
   3.6413388e+02   1.8930610e+02
   3.5154160e+02   1.9703744e+02
   3.3689162e+02   1.9754904e+02
   2.5547395e+02   3.0460440e+02
   2.6966714e+02   2.9877173e+02
   2.8366702e+02   2.9230352e+02
   2.9821162e+02   2.9544038e+02
   3.1168672e+02   2.9206876e+02
   3.2456857e+02   2.9839671e+02
   3.3714646e+02   3.0516614e+02
   3.2406636e+02   3.1131001e+02
   3.1183016e+02   3.1773873e+02
   2.9823527e+02   3.1990079e+02
   2.8300701e+02   3.1797269e+02
   2.6841746e+02   3.1277055e+02
   2.7415827e+02   3.0496491e+02
   2.8617183e+02   3.0262193e+02
   2.9837875e+02   3.0210842e+02
   3.0847575e+02   3.0238138e+02
   3.1824590e+02   3.0397584e+02
   3.0820598e+02   3.0458913e+02
   2.9838497e+02   3.0510072e+02
   2.8646606e+02   3.0429754e+02
