   1.7193401e+02   1.8775301e+02
   1.7499372e+02   2.2023350e+02
   1.8155532e+02   2.5179632e+02
   1.8616486e+02   2.8380081e+02
   1.9616664e+02   3.1456071e+02
   2.1397938e+02   3.4156568e+02
   2.3609238e+02   3.6508826e+02
   2.6497727e+02   3.7964882e+02
   2.9654337e+02   3.8585475e+02
   3.2526952e+02   3.7730956e+02
   3.4849508e+02   3.5820202e+02
   3.6765146e+02   3.3463640e+02
   3.7934669e+02   3.0690897e+02
   3.8713855e+02   2.7771321e+02
   3.9384520e+02   2.4804458e+02
   3.9921138e+02   2.1858206e+02
   4.0034018e+02   1.8845156e+02
   1.9444694e+02   1.6958030e+02
   2.0951975e+02   1.6005983e+02
   2.2698581e+02   1.5586494e+02
   2.4481663e+02   1.5616521e+02
   2.6227522e+02   1.5966217e+02
   3.2267342e+02   1.6086880e+02
   3.3668724e+02   1.5795284e+02
   3.5051747e+02   1.5434567e+02
   3.6454110e+02   1.5668738e+02
   3.7674637e+02   1.6394027e+02
   2.9651868e+02   1.8514052e+02
   2.9800588e+02   2.0620391e+02
   2.9922153e+02   2.2727486e+02
   2.9912706e+02   2.4814930e+02
   2.7856429e+02   2.6181331e+02
   2.8881252e+02   2.6357331e+02
   2.9913835e+02   2.6410677e+02
   3.0902755e+02   2.6292776e+02
   3.1868080e+02   2.6128933e+02
   2.2323139e+02   1.8713748e+02
   2.3731714e+02   1.7916967e+02
   2.5340652e+02   1.7988298e+02
   2.6670534e+02   1.8868488e+02
   2.5216762e+02   1.9564146e+02
   2.3627346e+02   1.9570639e+02
   3.2348415e+02   1.9155416e+02
   3.3542205e+02   1.8149744e+02
   3.5106875e+02   1.8111244e+02
   3.6426088e+02   1.8940570e+02
   3.5161401e+02   1.9701489e+02
   3.3693650e+02   1.9750679e+02
   2.5451189e+02   3.0370498e+02
   2.6914445e+02   2.9822597e+02
   2.8349125e+02   2.9166628e+02
   2.9835311e+02   2.9469868e+02
   3.1167023e+02   2.9167562e+02
   3.2433168e+02   2.9784980e+02
   3.3686314e+02   3.0416224e+02
   3.2393450e+02   3.1092673e+02
   3.1198222e+02   3.1823742e+02
   2.9820692e+02   3.2009061e+02
   2.8261930e+02   3.1780487e+02
   2.6775858e+02   3.1218379e+02
   2.7391182e+02   3.0545584e+02
   2.8600613e+02   3.0210706e+02
   2.9847451e+02   3.0132920e+02
   3.0858587e+02   3.0190563e+02
   3.1821634e+02   3.0411575e+02
   3.0799300e+02   3.0508910e+02
   2.9784369e+02   3.0509108e+02
   2.8618685e+02   3.0454926e+02
