   1.7430797e+02   2.3091307e+02
   1.7603199e+02   2.5845010e+02
   1.7948794e+02   2.8606631e+02
   1.8539008e+02   3.1289201e+02
   1.9677336e+02   3.3794328e+02
   2.1303062e+02   3.6007506e+02
   2.3524949e+02   3.7649314e+02
   2.6031260e+02   3.8827046e+02
   2.8721042e+02   3.9228669e+02
   3.1387947e+02   3.8577094e+02
   3.3739297e+02   3.7153871e+02
   3.5774814e+02   3.5311833e+02
   3.7325933e+02   3.3080438e+02
   3.8088028e+02   3.0432859e+02
   3.8627489e+02   2.7761996e+02
   3.8730460e+02   2.5018828e+02
   3.8785825e+02   2.2283724e+02
   1.8711998e+02   1.9965771e+02
   1.9937063e+02   1.8865885e+02
   2.1431366e+02   1.8262055e+02
   2.3056736e+02   1.8437462e+02
   2.4641449e+02   1.8802114e+02
   3.0531057e+02   1.8399726e+02
   3.2019894e+02   1.7903703e+02
   3.3533339e+02   1.7556066e+02
   3.5044197e+02   1.7895609e+02
   3.6180538e+02   1.8918930e+02
   2.7763353e+02   2.2091014e+02
   2.7847215e+02   2.3962138e+02
   2.7817226e+02   2.5837930e+02
   2.7849349e+02   2.7695862e+02
   2.4942089e+02   2.9177922e+02
   2.6361211e+02   2.9609131e+02
   2.7834304e+02   2.9761543e+02
   2.9152081e+02   2.9465861e+02
   3.0398210e+02   2.9000523e+02
   2.1077797e+02   2.2461420e+02
   2.2342424e+02   2.1461543e+02
   2.3955174e+02   2.1718306e+02
   2.5029619e+02   2.2941734e+02
   2.3639430e+02   2.3083833e+02
   2.2255755e+02   2.3107013e+02
   3.0379101e+02   2.2534661e+02
   3.1311727e+02   2.1289182e+02
   3.2873386e+02   2.1007100e+02
   3.4259504e+02   2.1712982e+02
   3.3180649e+02   2.2587153e+02
   3.1777266e+02   2.2704365e+02
   2.5451597e+02   3.3182447e+02
   2.6181347e+02   3.2342899e+02
   2.7073105e+02   3.1707021e+02
   2.8113489e+02   3.1825915e+02
   2.9269175e+02   3.1596599e+02
   3.0352938e+02   3.2078363e+02
   3.1250337e+02   3.2849807e+02
   3.0714550e+02   3.3961223e+02
   2.9652830e+02   3.4572763e+02
   2.8430240e+02   3.4648314e+02
   2.7271220e+02   3.4606257e+02
   2.6248692e+02   3.4040413e+02
   2.6601623e+02   3.3094941e+02
   2.7342279e+02   3.2464778e+02
   2.8270181e+02   3.2619909e+02
   2.9248186e+02   3.2365401e+02
   3.0086759e+02   3.2966236e+02
   2.9241433e+02   3.3480524e+02
   2.8302594e+02   3.3579404e+02
   2.7411248e+02   3.3513120e+02
