   1.8172259e+02   1.9420979e+02
   1.8337325e+02   2.2427946e+02
   1.8940691e+02   2.5397993e+02
   1.9521626e+02   2.8358970e+02
   2.0428095e+02   3.1209086e+02
   2.2069186e+02   3.3709344e+02
   2.4406757e+02   3.5642614e+02
   2.6813034e+02   3.7438707e+02
   2.9686944e+02   3.8035522e+02
   3.2424785e+02   3.7403629e+02
   3.4759059e+02   3.5835076e+02
   3.6722778e+02   3.3834543e+02
   3.8397540e+02   3.1582553e+02
   3.9352900e+02   2.8943062e+02
   3.9808152e+02   2.6159907e+02
   4.0386154e+02   2.3402846e+02
   4.0576044e+02   2.0610382e+02
   1.9865609e+02   1.8282089e+02
   2.1160421e+02   1.6864633e+02
   2.3099914e+02   1.6593611e+02
   2.5047010e+02   1.6867271e+02
   2.6852413e+02   1.7654584e+02
   3.0767931e+02   1.8129356e+02
   3.2520932e+02   1.7335786e+02
   3.4362923e+02   1.6816466e+02
   3.6263176e+02   1.6911520e+02
   3.7819533e+02   1.7943127e+02
   2.8917505e+02   2.0310844e+02
   2.8921776e+02   2.2187958e+02
   2.8871003e+02   2.4056181e+02
   2.8863342e+02   2.5911583e+02
   2.6354810e+02   2.8047660e+02
   2.7573380e+02   2.8286975e+02
   2.8789000e+02   2.8457883e+02
   3.0108900e+02   2.8396609e+02
   3.1408662e+02   2.8225919e+02
   2.1547392e+02   2.1080121e+02
   2.2792845e+02   2.0377366e+02
   2.4223568e+02   2.0548141e+02
   2.5388942e+02   2.1387589e+02
   2.4102174e+02   2.1955556e+02
   2.2715631e+02   2.1839081e+02
   3.2600876e+02   2.1513925e+02
   3.3776412e+02   2.0837252e+02
   3.5114204e+02   2.0702030e+02
   3.6284008e+02   2.1310319e+02
   3.5187315e+02   2.2078597e+02
   3.3835816e+02   2.2074114e+02
   2.4998414e+02   3.1046970e+02
   2.6255498e+02   3.0497730e+02
   2.7592839e+02   3.0224363e+02
   2.8909208e+02   3.0529627e+02
   3.0369402e+02   3.0368042e+02
   3.1777178e+02   3.0880521e+02
   3.3149918e+02   3.1419201e+02
   3.2047439e+02   3.2625134e+02
   3.0551497e+02   3.3274381e+02
   2.8925913e+02   3.3299269e+02
   2.7350313e+02   3.3079820e+02
   2.5993610e+02   3.2273139e+02
   2.5882758e+02   3.1286835e+02
   2.7420380e+02   3.1269179e+02
   2.8905314e+02   3.1557598e+02
   3.0562656e+02   3.1504239e+02
   3.2205577e+02   3.1609145e+02
   3.0550227e+02   3.1697752e+02
   2.8894432e+02   3.1762099e+02
   2.7389822e+02   3.1476627e+02
