   2.0263767e+02   1.9341222e+02
   2.0771199e+02   2.2374035e+02
   2.1250764e+02   2.5383231e+02
   2.1966321e+02   2.8361830e+02
   2.2991385e+02   3.1246360e+02
   2.4604666e+02   3.3827136e+02
   2.6744380e+02   3.6008237e+02
   2.9447175e+02   3.7362357e+02
   3.2445000e+02   3.7848263e+02
   3.5383032e+02   3.7149484e+02
   3.7939024e+02   3.5561645e+02
   4.0032037e+02   3.3426472e+02
   4.1736317e+02   3.0949240e+02
   4.2592377e+02   2.8060444e+02
   4.2920460e+02   2.5054007e+02
   4.2832619e+02   2.2048328e+02
   4.2835843e+02   1.9057182e+02
   2.1790490e+02   1.7981990e+02
   2.2971641e+02   1.6948912e+02
   2.4544028e+02   1.6693366e+02
   2.6138435e+02   1.6764064e+02
   2.7726172e+02   1.6872157e+02
   3.3465788e+02   1.6536221e+02
   3.5196277e+02   1.6203918e+02
   3.6943909e+02   1.6016126e+02
   3.8678113e+02   1.6264032e+02
   4.0390838e+02   1.6655197e+02
   3.1231679e+02   1.9628488e+02
   3.1322581e+02   2.1659472e+02
   3.1374942e+02   2.3694166e+02
   3.1359873e+02   2.5720944e+02
   2.9649239e+02   2.6724288e+02
   3.0550566e+02   2.6881533e+02
   3.1443095e+02   2.7068931e+02
   3.2389983e+02   2.6973485e+02
   3.3324747e+02   2.6844279e+02
   2.4661974e+02   2.0750898e+02
   2.5744675e+02   2.0621288e+02
   2.6850002e+02   2.0541815e+02
   2.7918731e+02   2.0355041e+02
   2.6890445e+02   2.0772484e+02
   2.5772251e+02   2.0821355e+02
   3.4496836e+02   1.9937831e+02
   3.5760294e+02   1.9931016e+02
   3.7001799e+02   1.9974906e+02
   3.8247341e+02   1.9950293e+02
   3.6993295e+02   2.0177561e+02
   3.5723389e+02   2.0173385e+02
   2.8586659e+02   3.0988172e+02
   2.9326550e+02   2.9967074e+02
   3.0503922e+02   2.9513586e+02
   3.1739441e+02   2.9717379e+02
   3.3069909e+02   2.9412379e+02
   3.4403313e+02   2.9611977e+02
   3.5479586e+02   3.0398890e+02
   3.4315625e+02   3.1183736e+02
   3.3176520e+02   3.2002804e+02
   3.1815191e+02   3.2134074e+02
   3.0658947e+02   3.2113743e+02
   2.9657466e+02   3.1479021e+02
   2.9786836e+02   3.0692081e+02
   3.0724763e+02   3.0436295e+02
   3.1678006e+02   3.0502802e+02
   3.2921802e+02   3.0213075e+02
   3.4161374e+02   3.0358177e+02
   3.2892285e+02   3.0180723e+02
   3.1690613e+02   3.0495273e+02
   3.0741038e+02   3.0395793e+02
