   2.0251746e+02   1.9343446e+02
   2.0799398e+02   2.2654116e+02
   2.1150760e+02   2.5966569e+02
   2.2266114e+02   2.9142313e+02
   2.3248430e+02   3.2335405e+02
   2.4776931e+02   3.5313825e+02
   2.7055407e+02   3.7740844e+02
   2.9499951e+02   4.0031599e+02
   3.2596359e+02   4.1106132e+02
   3.5798710e+02   3.9975462e+02
   3.8249184e+02   3.7568990e+02
   4.0361913e+02   3.4850165e+02
   4.1426699e+02   3.1584971e+02
   4.2426701e+02   2.8302444e+02
   4.2940027e+02   2.4900528e+02
   4.2769565e+02   2.1468562e+02
   4.2906590e+02   1.8073107e+02
   2.1848238e+02   1.6783386e+02
   2.2932937e+02   1.5320718e+02
   2.4684760e+02   1.4731433e+02
   2.6518791e+02   1.4878471e+02
   2.8359779e+02   1.4896466e+02
   3.3948879e+02   1.4433141e+02
   3.5589725e+02   1.3971215e+02
   3.7281213e+02   1.3813287e+02
   3.8821707e+02   1.4476776e+02
   4.0275488e+02   1.5349590e+02
   3.1130616e+02   1.8443292e+02
   3.1266123e+02   2.0606583e+02
   3.1354757e+02   2.2767314e+02
   3.1362269e+02   2.4910133e+02
   2.9144247e+02   2.5878329e+02
   3.0318779e+02   2.6321549e+02
   3.1546129e+02   2.6479784e+02
   3.2818638e+02   2.6255013e+02
   3.4039815e+02   2.5883005e+02
   2.4064262e+02   1.8951911e+02
   2.5413147e+02   1.7689169e+02
   2.7292257e+02   1.7868782e+02
   2.8452788e+02   1.9277844e+02
   2.7028799e+02   2.0205254e+02
   2.5325761e+02   2.0080460e+02
   3.4180297e+02   1.8860763e+02
   3.5235244e+02   1.7138155e+02
   3.7330910e+02   1.6998990e+02
   3.8614182e+02   1.8535596e+02
   3.7285687e+02   1.9461406e+02
   3.5656949e+02   1.9523583e+02
   2.8493756e+02   3.2614901e+02
   2.8772263e+02   3.0669327e+02
   2.9916540e+02   2.9120135e+02
   3.1779064e+02   2.8742334e+02
   3.3945504e+02   2.8735826e+02
   3.5520382e+02   3.0233823e+02
   3.5692786e+02   3.2383058e+02
   3.5472288e+02   3.4811943e+02
   3.4526946e+02   3.6996238e+02
   3.2357082e+02   3.7783661e+02
   3.0156493e+02   3.7061190e+02
   2.9110075e+02   3.4917675e+02
   2.9000253e+02   3.2473843e+02
   2.9770135e+02   3.0312432e+02
   3.1859442e+02   2.9459731e+02
   3.4514037e+02   2.9843518e+02
   3.5232178e+02   3.2431480e+02
   3.4593792e+02   3.5011326e+02
   3.2271383e+02   3.6161379e+02
   2.9942296e+02   3.4938799e+02
