   2.0243524e+02   1.9331269e+02
   2.0785122e+02   2.2628219e+02
   2.1140568e+02   2.5927699e+02
   2.2230166e+02   2.9096606e+02
   2.3212352e+02   3.2274392e+02
   2.4744595e+02   3.5234182e+02
   2.6996864e+02   3.7666755e+02
   2.9457148e+02   3.9907020e+02
   3.2548467e+02   4.0950182e+02
   3.5742228e+02   3.9845564e+02
   3.8212485e+02   3.7499583e+02
   4.0329639e+02   3.4810260e+02
   4.1422110e+02   3.1577225e+02
   4.2426205e+02   2.8317461e+02
   4.2934860e+02   2.4935381e+02
   4.2773739e+02   2.1521955e+02
   4.2907002e+02   1.8144188e+02
   2.1849745e+02   1.6816506e+02
   2.2940411e+02   1.5380426e+02
   2.4682247e+02   1.4817236e+02
   2.6501057e+02   1.4965109e+02
   2.8324259e+02   1.5006371e+02
   3.3925525e+02   1.4556736e+02
   3.5572644e+02   1.4089321e+02
   3.7270901e+02   1.3930704e+02
   3.8826468e+02   1.4564309e+02
   4.0288663e+02   1.5434728e+02
   3.1130890e+02   1.8488026e+02
   3.1264227e+02   2.0654195e+02
   3.1348852e+02   2.2815958e+02
   3.1352603e+02   2.4961016e+02
   2.9128775e+02   2.5917877e+02
   3.0304145e+02   2.6353758e+02
   3.1528797e+02   2.6518884e+02
   3.2796950e+02   2.6299653e+02
   3.4011868e+02   2.5925405e+02
   2.4048013e+02   1.8997633e+02
   2.5393434e+02   1.7706900e+02
   2.7278620e+02   1.7886722e+02
   2.8445190e+02   1.9326124e+02
   2.7016270e+02   2.0236636e+02
   2.5317346e+02   2.0110414e+02
   3.4168413e+02   1.8910760e+02
   3.5227893e+02   1.7172489e+02
   3.7322643e+02   1.7037676e+02
   3.8620011e+02   1.8574675e+02
   3.7286293e+02   1.9506551e+02
   3.5653296e+02   1.9568486e+02
   2.8491942e+02   3.2545863e+02
   2.8779914e+02   3.0638405e+02
   2.9929312e+02   2.9145222e+02
   3.1763529e+02   2.8789340e+02
   3.3890921e+02   2.8772362e+02
   3.5455958e+02   3.0204130e+02
   3.5649437e+02   3.2306880e+02
   3.5396182e+02   3.4694927e+02
   3.4442532e+02   3.6837573e+02
   3.2297960e+02   3.7593096e+02
   3.0143423e+02   3.6884176e+02
   2.9102711e+02   3.4800827e+02
   2.9003346e+02   3.2397130e+02
   2.9787823e+02   3.0304677e+02
   3.1839570e+02   2.9498456e+02
   3.4439007e+02   2.9852886e+02
   3.5186528e+02   3.2352575e+02
   3.4512867e+02   3.4855223e+02
   3.2226158e+02   3.5961355e+02
   2.9946542e+02   3.4789826e+02
