   1.9079235e+02   2.2096946e+02
   1.9189450e+02   2.5637876e+02
   1.9361663e+02   2.9171058e+02
   1.9902099e+02   3.2641837e+02
   2.0985540e+02   3.5993694e+02
   2.2790582e+02   3.8973254e+02
   2.5827285e+02   4.0710636e+02
   2.9266342e+02   4.1466709e+02
   3.2756152e+02   4.1673160e+02
   3.6313369e+02   4.1369716e+02
   3.9797948e+02   4.0597928e+02
   4.2747668e+02   3.8695307e+02
   4.4973051e+02   3.5951735e+02
   4.5955322e+02   3.2550408e+02
   4.6300578e+02   2.9012252e+02
   4.6347577e+02   2.5452350e+02
   4.6245917e+02   2.1906918e+02
   2.2005380e+02   1.7461549e+02
   2.3351083e+02   1.6073595e+02
   2.5179414e+02   1.5447190e+02
   2.7095911e+02   1.5147531e+02
   2.9031606e+02   1.5150820e+02
   3.5101139e+02   1.5665401e+02
   3.7364473e+02   1.5676636e+02
   3.9548088e+02   1.6131625e+02
   4.1673409e+02   1.6891487e+02
   4.3499251e+02   1.8163061e+02
   3.2495106e+02   1.8850253e+02
   3.2518287e+02   2.1205582e+02
   3.2515381e+02   2.3550578e+02
   3.2514396e+02   2.5903939e+02
   2.9795284e+02   2.8705745e+02
   3.1179760e+02   2.8641478e+02
   3.2548102e+02   2.8633971e+02
   3.4108751e+02   2.8622443e+02
   3.5662950e+02   2.8753251e+02
   2.3939595e+02   2.0825182e+02
   2.5486479e+02   1.9655730e+02
   2.7436879e+02   1.9954865e+02
   2.9023585e+02   2.1117542e+02
   2.7268809e+02   2.1588590e+02
   2.5471856e+02   2.1708649e+02
   3.6005068e+02   2.1073458e+02
   3.7705437e+02   1.9934486e+02
   3.9688674e+02   1.9700024e+02
   4.1191188e+02   2.0964938e+02
   3.9512303e+02   2.1607083e+02
   3.7727503e+02   2.1559316e+02
   2.6174753e+02   3.3883066e+02
   2.8087005e+02   3.2477252e+02
   3.0274308e+02   3.1636739e+02
   3.2600774e+02   3.1583697e+02
   3.5093331e+02   3.1512265e+02
   3.7440181e+02   3.2309123e+02
   3.9550704e+02   3.3624479e+02
   3.7385042e+02   3.4572561e+02
   3.4995325e+02   3.4676468e+02
   3.2627338e+02   3.4619660e+02
   3.0443400e+02   3.4653743e+02
   2.8262622e+02   3.4437576e+02
   2.7778272e+02   3.3285656e+02
   2.9381791e+02   3.3088882e+02
   3.2624368e+02   3.3043489e+02
   3.6135182e+02   3.3109721e+02
   3.7842943e+02   3.3214917e+02
   3.6090437e+02   3.3320114e+02
   3.2629117e+02   3.3279311e+02
   2.9387477e+02   3.3482430e+02
