   1.9025548e+02   2.2014989e+02
   1.9141712e+02   2.5548850e+02
   1.9316165e+02   2.9074363e+02
   1.9863863e+02   3.2536319e+02
   2.0949590e+02   3.5879308e+02
   2.2755385e+02   3.8849999e+02
   2.5783858e+02   4.0587088e+02
   2.9215440e+02   4.1339266e+02
   3.2698753e+02   4.1539272e+02
   3.6243682e+02   4.1231133e+02
   3.9719142e+02   4.0464042e+02
   4.2654112e+02   3.8560690e+02
   4.4873586e+02   3.5825946e+02
   4.5858658e+02   3.2436534e+02
   4.6207707e+02   2.8910114e+02
   4.6254533e+02   2.5361600e+02
   4.6148748e+02   2.1827265e+02
   2.1945014e+02   1.7404480e+02
   2.3299275e+02   1.6023906e+02
   2.5130442e+02   1.5404215e+02
   2.7048860e+02   1.5109508e+02
   2.8984841e+02   1.5124080e+02
   3.5021587e+02   1.5632194e+02
   3.7288390e+02   1.5629989e+02
   3.9477366e+02   1.6074027e+02
   4.1607109e+02   1.6830605e+02
   4.3429062e+02   1.8109994e+02
   3.2421856e+02   1.8765457e+02
   3.2445607e+02   2.1119077e+02
   3.2445838e+02   2.3461900e+02
   3.2446819e+02   2.5813609e+02
   2.9730659e+02   2.8596563e+02
   3.1111759e+02   2.8529379e+02
   3.2476139e+02   2.8520634e+02
   3.4034558e+02   2.8507428e+02
   3.5586568e+02   2.8641018e+02
   2.3881669e+02   2.0744494e+02
   2.5428274e+02   1.9576250e+02
   2.7377121e+02   1.9872284e+02
   2.8964904e+02   2.1031212e+02
   2.7210702e+02   2.1503005e+02
   2.5414418e+02   2.1625921e+02
   3.5928630e+02   2.0985333e+02
   3.7627810e+02   1.9847836e+02
   3.9609223e+02   1.9611263e+02
   4.1110366e+02   2.0874457e+02
   3.9433403e+02   2.1518805e+02
   3.7650112e+02   2.1470357e+02
   2.6146553e+02   3.3755544e+02
   2.8041950e+02   3.2354215e+02
   3.0215291e+02   3.1520786e+02
   3.2525445e+02   3.1467005e+02
   3.5003632e+02   3.1394470e+02
   3.7336843e+02   3.2189557e+02
   3.9438305e+02   3.3495316e+02
   3.7284156e+02   3.4438719e+02
   3.4908197e+02   3.4549435e+02
   3.2553208e+02   3.4492942e+02
   3.0384392e+02   3.4529694e+02
   2.8218134e+02   3.4311803e+02
   2.7738589e+02   3.3164865e+02
   2.9330624e+02   3.2968559e+02
   3.2549110e+02   3.2916265e+02
   3.6041122e+02   3.2986467e+02
   3.7739713e+02   3.3087973e+02
   3.5997546e+02   3.3189478e+02
   3.2554596e+02   3.3145855e+02
   2.9337032e+02   3.3361171e+02
