   1.9578254e+02   2.2170383e+02
   1.9512840e+02   2.5730875e+02
   1.9716720e+02   2.9286674e+02
   2.0230315e+02   3.2785665e+02
   2.1238483e+02   3.6184900e+02
   2.2991619e+02   3.9247325e+02
   2.5896039e+02   4.1218637e+02
   2.9332487e+02   4.2143870e+02
   3.2829641e+02   4.2487589e+02
   3.6470813e+02   4.2266445e+02
   3.9950926e+02   4.1286948e+02
   4.3072991e+02   3.9477616e+02
   4.5320501e+02   3.6672147e+02
   4.6355702e+02   3.3211520e+02
   4.6697548e+02   2.9599696e+02
   4.6839867e+02   2.5975044e+02
   4.6784752e+02   2.2368146e+02
   2.2533449e+02   1.8195886e+02
   2.3903298e+02   1.6794953e+02
   2.5777602e+02   1.6164818e+02
   2.7733289e+02   1.5873559e+02
   2.9694359e+02   1.5857400e+02
   3.5728746e+02   1.6379347e+02
   3.7930064e+02   1.6493005e+02
   4.0070215e+02   1.6897523e+02
   4.2163626e+02   1.7559351e+02
   4.3821110e+02   1.8936324e+02
   3.3021557e+02   1.9563907e+02
   3.3049620e+02   2.1918431e+02
   3.3052117e+02   2.4263194e+02
   3.3056285e+02   2.6615212e+02
   3.0345238e+02   2.9451687e+02
   3.1730936e+02   2.9375395e+02
   3.3112087e+02   2.9317860e+02
   3.4630664e+02   2.9361945e+02
   3.6127824e+02   2.9500593e+02
   2.4455188e+02   2.1448658e+02
   2.5984106e+02   2.0393555e+02
   2.7861151e+02   2.0625389e+02
   2.9352298e+02   2.1758233e+02
   2.7667257e+02   2.2213318e+02
   2.5943697e+02   2.2279050e+02
   3.6538674e+02   2.1780534e+02
   3.8175978e+02   2.0661825e+02
   4.0120659e+02   2.0503165e+02
   4.1713235e+02   2.1592537e+02
   4.0049758e+02   2.2227631e+02
   3.8255591e+02   2.2216624e+02
   2.6568522e+02   3.4572300e+02
   2.8579336e+02   3.3228186e+02
   3.0788880e+02   3.2356270e+02
   3.3165722e+02   3.2290257e+02
   3.5652338e+02   3.2209737e+02
   3.7996707e+02   3.2996796e+02
   4.0077215e+02   3.4325147e+02
   3.7883430e+02   3.5157921e+02
   3.5525568e+02   3.5261492e+02
   3.3186303e+02   3.5253268e+02
   3.0952211e+02   3.5222306e+02
   2.8720940e+02   3.5094496e+02
   2.8193383e+02   3.3947025e+02
   2.9818244e+02   3.3821817e+02
   3.3129461e+02   3.3801983e+02
   3.6641055e+02   3.3824293e+02
   3.8359135e+02   3.3888821e+02
   3.6603881e+02   3.3953349e+02
   3.3133659e+02   3.4053392e+02
   2.9822377e+02   3.4072234e+02
