   1.9902115e+02   2.2318089e+02
   1.9853862e+02   2.5935025e+02
   2.0035764e+02   2.9546282e+02
   2.0540962e+02   3.3103428e+02
   2.1527341e+02   3.6567821e+02
   2.3405809e+02   3.9605563e+02
   2.6406198e+02   4.1567134e+02
   2.9884716e+02   4.2503201e+02
   3.3443295e+02   4.2812369e+02
   3.7055656e+02   4.2519644e+02
   4.0482489e+02   4.1443147e+02
   4.3576590e+02   3.9606294e+02
   4.5782911e+02   3.6785381e+02
   4.6752171e+02   3.3334125e+02
   4.7153673e+02   2.9746276e+02
   4.7315341e+02   2.6135142e+02
   4.7299514e+02   2.2549909e+02
   2.2903003e+02   1.8025875e+02
   2.4267235e+02   1.6651440e+02
   2.6111662e+02   1.6022846e+02
   2.8050145e+02   1.5804112e+02
   2.9994131e+02   1.5814776e+02
   3.6521069e+02   1.6283049e+02
   3.8642956e+02   1.6338696e+02
   4.0714020e+02   1.6684479e+02
   4.2702584e+02   1.7401014e+02
   4.4284880e+02   1.8750928e+02
   3.3450187e+02   1.9609265e+02
   3.3464783e+02   2.1978270e+02
   3.3449514e+02   2.4348137e+02
   3.3438103e+02   2.6704251e+02
   3.0749146e+02   2.9547905e+02
   3.2153363e+02   2.9563056e+02
   3.3554358e+02   2.9557544e+02
   3.5057331e+02   2.9619856e+02
   3.6543070e+02   2.9643627e+02
   2.4868100e+02   2.1472317e+02
   2.6399436e+02   2.0429994e+02
   2.8257971e+02   2.0701493e+02
   2.9748659e+02   2.1833916e+02
   2.8065615e+02   2.2306468e+02
   2.6332938e+02   2.2340273e+02
   3.7042129e+02   2.1890459e+02
   3.8668808e+02   2.0768189e+02
   4.0606325e+02   2.0598241e+02
   4.2112183e+02   2.1768457e+02
   4.0469693e+02   2.2354956e+02
   3.8718720e+02   2.2349363e+02
   2.7009037e+02   3.4675049e+02
   2.9034198e+02   3.3288457e+02
   3.1322872e+02   3.2478979e+02
   3.3747058e+02   3.2489339e+02
   3.6230778e+02   3.2358739e+02
   3.8591747e+02   3.3089235e+02
   4.0552046e+02   3.4560452e+02
   3.8357302e+02   3.5422982e+02
   3.5985904e+02   3.5507550e+02
   3.3632499e+02   3.5475917e+02
   3.1377857e+02   3.5450397e+02
   2.9133658e+02   3.5312626e+02
   2.8666141e+02   3.4073505e+02
   3.0323246e+02   3.3954857e+02
   3.3673410e+02   3.3937288e+02
   3.7162737e+02   3.3897196e+02
   3.8857392e+02   3.4062859e+02
   3.7096927e+02   3.4228522e+02
   3.3651659e+02   3.4249403e+02
   3.0296877e+02   3.4192154e+02
