   2.1791008e+02   2.3136544e+02
   2.1871483e+02   2.6274456e+02
   2.2228649e+02   2.9385952e+02
   2.2942617e+02   3.2421689e+02
   2.4100084e+02   3.5334312e+02
   2.5499022e+02   3.8114271e+02
   2.7702319e+02   4.0320925e+02
   3.0240047e+02   4.2174315e+02
   3.3193216e+02   4.3003068e+02
   3.6166405e+02   4.2346880e+02
   3.8568386e+02   4.0432011e+02
   4.0519494e+02   3.8081990e+02
   4.2093711e+02   3.5426988e+02
   4.3121526e+02   3.2545119e+02
   4.3803759e+02   2.9556904e+02
   4.4238042e+02   2.6516687e+02
   4.4573944e+02   2.3467228e+02
   2.3963664e+02   2.0546982e+02
   2.5442773e+02   1.9047072e+02
   2.7487702e+02   1.8500568e+02
   2.9587007e+02   1.8663625e+02
   3.1604622e+02   1.9308959e+02
   3.5237419e+02   1.9135544e+02
   3.7239625e+02   1.8573034e+02
   3.9264761e+02   1.8301203e+02
   4.1210281e+02   1.8928954e+02
   4.2614850e+02   2.0393825e+02
   3.3449595e+02   2.0872439e+02
   3.3483887e+02   2.2989621e+02
   3.3552310e+02   2.5075525e+02
   3.3585314e+02   2.7176810e+02
   3.0369196e+02   2.7964855e+02
   3.1731315e+02   2.9040882e+02
   3.3416531e+02   2.9344807e+02
   3.5093929e+02   2.9096649e+02
   3.6573249e+02   2.8315430e+02
   2.6074838e+02   2.2430147e+02
   2.7346337e+02   2.1263241e+02
   2.9091918e+02   2.1212929e+02
   3.0445247e+02   2.2257023e+02
   2.8993223e+02   2.2625186e+02
   2.7509062e+02   2.2751736e+02
   3.6040205e+02   2.2319413e+02
   3.7353399e+02   2.1250214e+02
   3.9057890e+02   2.1212016e+02
   4.0221191e+02   2.2388420e+02
   3.8840712e+02   2.2725357e+02
   3.7422138e+02   2.2662935e+02
   2.9645403e+02   3.3826371e+02
   3.0178250e+02   3.1993903e+02
   3.1608549e+02   3.0782044e+02
   3.3427254e+02   3.0955584e+02
   3.5163831e+02   3.0850734e+02
   3.6538978e+02   3.1919535e+02
   3.7222134e+02   3.3567904e+02
   3.6247539e+02   3.5710593e+02
   3.5204588e+02   3.7782596e+02
   3.3154063e+02   3.8619813e+02
   3.1188790e+02   3.7875766e+02
   3.0300047e+02   3.5930429e+02
   2.9989841e+02   3.3935408e+02
   3.1216288e+02   3.2041284e+02
   3.3387912e+02   3.1516970e+02
   3.5534316e+02   3.1992180e+02
   3.6938194e+02   3.3668083e+02
   3.5435518e+02   3.5922838e+02
   3.3246814e+02   3.7290526e+02
   3.1172231e+02   3.6096027e+02
