   2.5034481e+02   2.1570992e+02
   2.4884611e+02   2.4863657e+02
   2.5106036e+02   2.8135290e+02
   2.5363736e+02   3.1417019e+02
   2.5975360e+02   3.4646443e+02
   2.7874664e+02   3.7319024e+02
   3.0173727e+02   3.9637724e+02
   3.2996136e+02   4.1326207e+02
   3.6187453e+02   4.1940835e+02
   3.9465952e+02   4.1999171e+02
   4.2506095e+02   4.0813715e+02
   4.4766897e+02   3.8479082e+02
   4.6692028e+02   3.5801555e+02
   4.7704270e+02   3.2708664e+02
   4.8337694e+02   2.9492602e+02
   4.8907692e+02   2.6244609e+02
   4.9089060e+02   2.3003492e+02
   2.8210970e+02   2.0765724e+02
   2.9765311e+02   2.0796072e+02
   3.1288653e+02   2.1039847e+02
   3.2807932e+02   2.1249873e+02
   3.4313245e+02   2.1578382e+02
   3.9732016e+02   2.2091080e+02
   4.1166522e+02   2.1851337e+02
   4.2609601e+02   2.1716324e+02
   4.4059589e+02   2.1839446e+02
   4.5494767e+02   2.1948928e+02
   3.7092926e+02   2.3615455e+02
   3.7112750e+02   2.5487530e+02
   3.7095812e+02   2.7354385e+02
   3.7077060e+02   2.9216469e+02
   3.4944689e+02   2.9673194e+02
   3.6006113e+02   3.0429564e+02
   3.7163200e+02   3.0982179e+02
   3.8384806e+02   3.0543237e+02
   3.9516231e+02   2.9953839e+02
   2.9456295e+02   2.2842480e+02
   3.0957899e+02   2.2734240e+02
   3.2449899e+02   2.2985088e+02
   3.3876429e+02   2.3450700e+02
   3.2405709e+02   2.3119283e+02
   3.0944718e+02   2.2843313e+02
   4.0069643e+02   2.3690998e+02
   4.1633033e+02   2.3302459e+02
   4.3226440e+02   2.3320866e+02
   4.4764365e+02   2.3737684e+02
   4.3186377e+02   2.3486780e+02
   4.1610049e+02   2.3406514e+02
   3.2239645e+02   3.3124026e+02
   3.3639407e+02   3.3069463e+02
   3.5046126e+02   3.3009617e+02
   3.6384419e+02   3.3341459e+02
   3.7753639e+02   3.3162096e+02
   3.9110905e+02   3.3331579e+02
   4.0348376e+02   3.3918257e+02
   3.9111444e+02   3.4862085e+02
   3.7607813e+02   3.5314923e+02
   3.6062368e+02   3.5397069e+02
   3.4562781e+02   3.5040770e+02
   3.3211319e+02   3.4298235e+02
   3.3584674e+02   3.3398414e+02
   3.5074682e+02   3.3576808e+02
   3.6472970e+02   3.4035650e+02
   3.7810333e+02   3.3899776e+02
   3.9127822e+02   3.3858702e+02
   3.7796915e+02   3.3948929e+02
   3.6472776e+02   3.4037130e+02
   3.5032186e+02   3.3660416e+02
