   2.5003050e+02   2.1654680e+02
   2.4848206e+02   2.4912568e+02
   2.5064783e+02   2.8179983e+02
   2.5313930e+02   3.1428436e+02
   2.6145930e+02   3.4574016e+02
   2.7803526e+02   3.7360738e+02
   3.0095765e+02   3.9686795e+02
   3.3127049e+02   4.0811265e+02
   3.6307020e+02   4.1472534e+02
   3.9578880e+02   4.1400904e+02
   4.2560914e+02   4.0130211e+02
   4.4947913e+02   3.7889847e+02
   4.6868623e+02   3.5265244e+02
   4.7789639e+02   3.2149958e+02
   4.8268503e+02   2.8910341e+02
   4.8603724e+02   2.5663571e+02
   4.8796304e+02   2.2413628e+02
   2.8466304e+02   1.9547823e+02
   3.0079516e+02   1.9598939e+02
   3.1658208e+02   1.9900360e+02
   3.3230141e+02   2.0242757e+02
   3.4752486e+02   2.0704690e+02
   3.9314561e+02   2.1047510e+02
   4.0991134e+02   2.0690164e+02
   4.2686647e+02   2.0550694e+02
   4.4402039e+02   2.0515867e+02
   4.6102946e+02   2.0635810e+02
   3.7152601e+02   2.2281213e+02
   3.7071267e+02   2.4293424e+02
   3.7047343e+02   2.6325974e+02
   3.6883174e+02   2.8322050e+02
   3.5099589e+02   2.9897282e+02
   3.5951107e+02   2.9998041e+02
   3.6806092e+02   3.0022703e+02
   3.7725293e+02   3.0009174e+02
   3.8615351e+02   3.0155762e+02
   2.9462191e+02   2.2270326e+02
   3.0961980e+02   2.1787529e+02
   3.2509997e+02   2.2002209e+02
   3.3864962e+02   2.2809462e+02
   3.2369058e+02   2.2857082e+02
   3.0885808e+02   2.2729539e+02
   4.0120581e+02   2.3115669e+02
   4.1492852e+02   2.2352210e+02
   4.3084391e+02   2.2489566e+02
   4.4612016e+02   2.3041095e+02
   4.3103262e+02   2.3088147e+02
   4.1625919e+02   2.2993700e+02
   3.2468215e+02   3.3586690e+02
   3.3813683e+02   3.3221911e+02
   3.5194767e+02   3.3017293e+02
   3.6537789e+02   3.3266986e+02
   3.7993344e+02   3.3153972e+02
   3.9414873e+02   3.3489820e+02
   4.0724611e+02   3.4148724e+02
   3.9346717e+02   3.4816953e+02
   3.7944969e+02   3.5404783e+02
   3.6453132e+02   3.5488342e+02
   3.4922203e+02   3.5316429e+02
   3.3552465e+02   3.4650288e+02
   3.3600282e+02   3.3669618e+02
   3.5079769e+02   3.3591539e+02
   3.6515327e+02   3.3820695e+02
   3.7875565e+02   3.3728586e+02
   3.9234487e+02   3.3819142e+02
   3.7862936e+02   3.3824294e+02
   3.6515316e+02   3.3857467e+02
   3.5063109e+02   3.3679282e+02
