   2.0202543e+02   2.1476475e+02
   2.0897710e+02   2.4311008e+02
   2.1686322e+02   2.7088814e+02
   2.2552439e+02   2.9860339e+02
   2.3773931e+02   3.2485029e+02
   2.5527552e+02   3.4809859e+02
   2.7519317e+02   3.6906511e+02
   2.9966626e+02   3.8434845e+02
   3.2758990e+02   3.9060058e+02
   3.5661292e+02   3.8569020e+02
   3.8040832e+02   3.6801017e+02
   3.9856411e+02   3.4454931e+02
   4.1384781e+02   3.1916221e+02
   4.2483201e+02   2.9164434e+02
   4.2994018e+02   2.6212091e+02
   4.3336876e+02   2.3287232e+02
   4.3793602e+02   2.0349527e+02
   2.1846269e+02   1.8283128e+02
   2.2117143e+02   1.6232087e+02
   2.3919009e+02   1.5093379e+02
   2.6053977e+02   1.4802889e+02
   2.8196396e+02   1.4902582e+02
   3.4267914e+02   1.4383571e+02
   3.6200940e+02   1.3967669e+02
   3.8137214e+02   1.3803998e+02
   3.9977360e+02   1.4433656e+02
   4.1338003e+02   1.5812580e+02
   3.1377697e+02   1.7224587e+02
   3.1508119e+02   1.9701269e+02
   3.1646517e+02   2.2171524e+02
   3.1679148e+02   2.4626530e+02
   2.9727106e+02   2.6932140e+02
   3.0751029e+02   2.6736060e+02
   3.1790193e+02   2.6761389e+02
   3.2945588e+02   2.6614521e+02
   3.4088248e+02   2.6527855e+02
   2.4182754e+02   1.9327990e+02
   2.5543203e+02   1.8990455e+02
   2.7077863e+02   1.8842551e+02
   2.8414499e+02   1.8811424e+02
   2.7040838e+02   1.9315617e+02
   2.5604051e+02   1.9535001e+02
   3.4685787e+02   1.8416390e+02
   3.6034835e+02   1.8157659e+02
   3.7577213e+02   1.8117322e+02
   3.9036244e+02   1.8225533e+02
   3.7639942e+02   1.8680183e+02
   3.6156334e+02   1.8657367e+02
   2.7735441e+02   3.0878796e+02
   2.9102301e+02   3.0112349e+02
   3.0367931e+02   2.9180163e+02
   3.1850393e+02   2.9358387e+02
   3.3481215e+02   2.9080110e+02
   3.5010540e+02   2.9796213e+02
   3.6517840e+02   3.0544484e+02
   3.5069877e+02   3.1219706e+02
   3.3679457e+02   3.1941822e+02
   3.2136358e+02   3.2092407e+02
   3.0596581e+02   3.2022140e+02
   2.9169515e+02   3.1439856e+02
   2.8773736e+02   3.0598706e+02
   2.9812032e+02   3.0573226e+02
   3.1895165e+02   3.0453041e+02
   3.4227624e+02   3.0380296e+02
   3.5372732e+02   3.0412467e+02
   3.4188640e+02   3.0444638e+02
   3.1882094e+02   3.0510329e+02
   2.9792880e+02   3.0624185e+02
