   2.0181315e+02   2.1241416e+02
   2.0845368e+02   2.4073924e+02
   2.1734985e+02   2.6832594e+02
   2.2610341e+02   2.9597883e+02
   2.3802119e+02   3.2231098e+02
   2.5444644e+02   3.4630503e+02
   2.7434244e+02   3.6727684e+02
   2.9992238e+02   3.8089929e+02
   3.2769894e+02   3.8859021e+02
   3.5626482e+02   3.8306078e+02
   3.8069626e+02   3.6718444e+02
   3.9878888e+02   3.4432083e+02
   4.1233148e+02   3.1833810e+02
   4.2321069e+02   2.9131491e+02
   4.2915275e+02   2.6265096e+02
   4.3270541e+02   2.3392616e+02
   4.3677932e+02   2.0499211e+02
   2.1919450e+02   1.8234117e+02
   2.2136981e+02   1.6164894e+02
   2.4022303e+02   1.5072073e+02
   2.6205160e+02   1.4767269e+02
   2.8387508e+02   1.4963101e+02
   3.4127460e+02   1.4423222e+02
   3.6061482e+02   1.4110866e+02
   3.7980009e+02   1.3907041e+02
   3.9813714e+02   1.4487529e+02
   4.1204508e+02   1.5817194e+02
   3.1256712e+02   1.7160506e+02
   3.1477677e+02   1.9660180e+02
   3.1617021e+02   2.2133268e+02
   3.1616374e+02   2.4604752e+02
   2.9530735e+02   2.6705243e+02
   3.0666123e+02   2.6678157e+02
   3.1795221e+02   2.6757909e+02
   3.2960183e+02   2.6574198e+02
   3.4111031e+02   2.6387104e+02
   2.4409417e+02   1.8869198e+02
   2.5581235e+02   1.7894347e+02
   2.7143327e+02   1.7886047e+02
   2.8376414e+02   1.8748371e+02
   2.7045809e+02   1.9025241e+02
   2.5715383e+02   1.9148018e+02
   3.4497565e+02   1.8354543e+02
   3.5663858e+02   1.7197129e+02
   3.7333371e+02   1.7026004e+02
   3.8807987e+02   1.7799576e+02
   3.7478372e+02   1.8445075e+02
   3.5974447e+02   1.8503127e+02
   2.7742130e+02   3.0720944e+02
   2.9120956e+02   2.9959983e+02
   3.0412733e+02   2.9055967e+02
   3.1893060e+02   2.9263529e+02
   3.3482284e+02   2.8974724e+02
   3.4962803e+02   2.9672666e+02
   3.6434753e+02   3.0406241e+02
   3.5038928e+02   3.1070721e+02
   3.3719041e+02   3.1860984e+02
   3.2220108e+02   3.2043495e+02
   3.0653046e+02   3.1914197e+02
   2.9220804e+02   3.1240726e+02
   2.8803526e+02   3.0552855e+02
   2.9864923e+02   3.0532047e+02
   3.1951751e+02   3.0369089e+02
   3.4215574e+02   3.0287044e+02
   3.5325164e+02   3.0308314e+02
   3.4188264e+02   3.0329584e+02
   3.1963128e+02   3.0439897e+02
   2.9844724e+02   3.0573663e+02
