   2.0163618e+02   2.1213893e+02
   2.0821395e+02   2.4049762e+02
   2.1727988e+02   2.6808864e+02
   2.2604471e+02   2.9576793e+02
   2.3790894e+02   3.2215237e+02
   2.5414668e+02   3.4631290e+02
   2.7404612e+02   3.6732561e+02
   2.9984364e+02   3.8068734e+02
   3.2762149e+02   3.8865706e+02
   3.5614621e+02   3.8303048e+02
   3.8073005e+02   3.6746782e+02
   3.9884665e+02   3.4469186e+02
   4.1211705e+02   3.1858014e+02
   4.2300851e+02   2.9161747e+02
   4.2912091e+02   2.6307211e+02
   4.3271578e+02   2.3440661e+02
   4.3673044e+02   2.0551729e+02
   2.1922022e+02   1.8235164e+02
   2.2131018e+02   1.6159838e+02
   2.4034622e+02   1.5075067e+02
   2.6229180e+02   1.4768642e+02
   2.8421503e+02   1.4983356e+02
   3.4109946e+02   1.4442586e+02
   3.6046836e+02   1.4148380e+02
   3.7964978e+02   1.3938394e+02
   3.9799594e+02   1.4512627e+02
   4.1197486e+02   1.5835964e+02
   3.1237983e+02   1.7163347e+02
   3.1473657e+02   1.9670451e+02
   3.1611759e+02   2.2147364e+02
   3.1603626e+02   2.4624906e+02
   2.9490426e+02   2.6690504e+02
   3.0646771e+02   2.6693184e+02
   3.1793089e+02   2.6783359e+02
   3.2961345e+02   2.6593924e+02
   3.4115233e+02   2.6389746e+02
   2.4441541e+02   1.8802646e+02
   2.5582963e+02   1.7716407e+02
   2.7152016e+02   1.7733502e+02
   2.8367775e+02   1.8752304e+02
   2.7042837e+02   1.8989652e+02
   2.5729041e+02   1.9095155e+02
   3.4470664e+02   1.8362016e+02
   3.5607736e+02   1.7048455e+02
   3.7301439e+02   1.6855470e+02
   3.8779723e+02   1.7745823e+02
   3.7459758e+02   1.8424859e+02
   3.5950386e+02   1.8496111e+02
   2.7732933e+02   3.0721430e+02
   2.9115789e+02   2.9961392e+02
   3.0414285e+02   2.9062449e+02
   3.1895645e+02   2.9276650e+02
   3.3479544e+02   2.8986543e+02
   3.4952921e+02   2.9682634e+02
   3.6419915e+02   3.0415293e+02
   3.5031339e+02   3.1078750e+02
   3.3721750e+02   3.1881147e+02
   3.2228588e+02   3.2068139e+02
   3.0655013e+02   3.1927337e+02
   2.9220708e+02   3.1236021e+02
   2.8799517e+02   3.0574642e+02
   2.9866101e+02   3.0554631e+02
   3.1955842e+02   3.0385333e+02
   3.4210477e+02   3.0303125e+02
   3.5315196e+02   3.0322488e+02
   3.4185093e+02   3.0341851e+02
   3.1971345e+02   3.0458504e+02
   2.9845668e+02   3.0594653e+02
