   2.3932296e+02   2.2541985e+02
   2.4520838e+02   2.4693537e+02
   2.5101684e+02   2.6826078e+02
   2.5856064e+02   2.8888820e+02
   2.6987432e+02   3.0796262e+02
   2.8283188e+02   3.2566575e+02
   2.9947593e+02   3.4012457e+02
   3.1903833e+02   3.5069845e+02
   3.4045277e+02   3.5465722e+02
   3.6277490e+02   3.5165790e+02
   3.8182448e+02   3.3944304e+02
   3.9841855e+02   3.2387506e+02
   4.1141723e+02   3.0509400e+02
   4.2230652e+02   2.8510308e+02
   4.2636195e+02   2.6286988e+02
   4.2936057e+02   2.4019927e+02
   4.3196297e+02   2.1769474e+02
   2.5084281e+02   1.9139536e+02
   2.6388060e+02   1.8429276e+02
   2.7820034e+02   1.8120910e+02
   2.9304198e+02   1.8083943e+02
   3.0764008e+02   1.8226266e+02
   3.6726403e+02   1.7675657e+02
   3.7986790e+02   1.7248767e+02
   3.9304304e+02   1.7119532e+02
   4.0598576e+02   1.7384268e+02
   4.1797398e+02   1.7930429e+02
   3.3828370e+02   2.0809450e+02
   3.3847983e+02   2.2169035e+02
   3.3940120e+02   2.3520944e+02
   3.4004007e+02   2.4874940e+02
   3.1820420e+02   2.5945449e+02
   3.2825529e+02   2.6370148e+02
   3.3877149e+02   2.6565454e+02
   3.5021118e+02   2.6417214e+02
   3.6092296e+02   2.6003867e+02
   2.7760869e+02   2.0789479e+02
   2.8711847e+02   2.0195861e+02
   2.9835963e+02   2.0192343e+02
   3.0669457e+02   2.0906115e+02
   2.9694694e+02   2.1206463e+02
   2.8684114e+02   2.1197024e+02
   3.6711048e+02   2.0725690e+02
   3.7520078e+02   1.9822586e+02
   3.8739127e+02   1.9675740e+02
   3.9707306e+02   2.0382654e+02
   3.8825684e+02   2.0983651e+02
   3.7752624e+02   2.0991564e+02
   3.0349333e+02   2.9015688e+02
   3.1468292e+02   2.8322570e+02
   3.2745219e+02   2.8005340e+02
   3.3996477e+02   2.8340571e+02
   3.5278158e+02   2.8080154e+02
   3.6531030e+02   2.8491693e+02
   3.7685438e+02   2.9137754e+02
   3.6587810e+02   3.0109864e+02
   3.5272358e+02   3.0714634e+02
   3.3842390e+02   3.0900774e+02
   3.2453852e+02   3.0734677e+02
   3.1203172e+02   3.0110809e+02
   3.1047350e+02   2.9030953e+02
   3.2518045e+02   2.8823792e+02
   3.3990834e+02   2.8981727e+02
   3.5534773e+02   2.8966296e+02
   3.7060018e+02   2.9158473e+02
   3.5500662e+02   2.9493000e+02
   3.3944870e+02   2.9735999e+02
   3.2441377e+02   2.9583662e+02
