   1.8229822e+02   2.4592912e+02
   1.8478420e+02   2.7514859e+02
   1.9179460e+02   3.0376960e+02
   1.9796345e+02   3.3242777e+02
   2.0629988e+02   3.6036517e+02
   2.2136217e+02   3.8538480e+02
   2.4813777e+02   3.9667249e+02
   2.7703048e+02   4.0156503e+02
   3.0590383e+02   4.0488079e+02
   3.3832307e+02   4.0041331e+02
   3.6957903e+02   3.9069390e+02
   3.9861001e+02   3.7628993e+02
   4.2366928e+02   3.5540783e+02
   4.3671911e+02   3.2575541e+02
   4.3775387e+02   2.9327111e+02
   4.3931806e+02   2.6045432e+02
   4.3739881e+02   2.2825553e+02
   1.9505288e+02   1.9538207e+02
   2.0898598e+02   1.8327483e+02
   2.2658803e+02   1.7742154e+02
   2.4498577e+02   1.7756408e+02
   2.6256048e+02   1.8316240e+02
   3.1921858e+02   1.7341016e+02
   3.3934623e+02   1.6755093e+02
   3.5983912e+02   1.6490281e+02
   3.7952018e+02   1.7119145e+02
   3.9604659e+02   1.8351919e+02
   2.8733079e+02   2.0029642e+02
   2.8629688e+02   2.2091154e+02
   2.8542991e+02   2.4121605e+02
   2.8542863e+02   2.6163963e+02
   2.6586570e+02   2.7444471e+02
   2.7789761e+02   2.7922006e+02
   2.9062868e+02   2.7915132e+02
   3.0793132e+02   2.7714958e+02
   3.2396480e+02   2.7105891e+02
   2.2103083e+02   2.1902554e+02
   2.3400213e+02   2.0541783e+02
   2.5271103e+02   2.0286531e+02
   2.6777879e+02   2.1374893e+02
   2.5257761e+02   2.1844278e+02
   2.3672350e+02   2.2009601e+02
   3.2440485e+02   2.0867141e+02
   3.3880372e+02   1.9690339e+02
   3.5733153e+02   1.9573268e+02
   3.7136697e+02   2.0729400e+02
   3.5600425e+02   2.1143058e+02
   3.4015226e+02   2.1021266e+02
   2.4428645e+02   3.0697631e+02
   2.6167095e+02   3.0169939e+02
   2.7929855e+02   2.9850213e+02
   2.9715050e+02   2.9893626e+02
   3.2067227e+02   2.9503003e+02
   3.4454303e+02   2.9628025e+02
   3.6817261e+02   2.9829505e+02
   3.4698066e+02   3.0825209e+02
   3.2484613e+02   3.1609181e+02
   3.0214528e+02   3.2106542e+02
   2.8174352e+02   3.2224063e+02
   2.6227976e+02   3.1652729e+02
   2.6917653e+02   3.1044268e+02
   2.8421520e+02   3.0993779e+02
   2.9893686e+02   3.0706613e+02
   3.1771907e+02   3.0539091e+02
   3.3650195e+02   3.0518928e+02
   3.1787141e+02   3.0623424e+02
   2.9931712e+02   3.0761982e+02
   2.8421060e+02   3.0993356e+02
