   1.8232910e+02   2.4566801e+02
   1.8472625e+02   2.7485180e+02
   1.9164293e+02   3.0345121e+02
   1.9771918e+02   3.3208527e+02
   2.0596193e+02   3.6000594e+02
   2.2092917e+02   3.8503272e+02
   2.4763254e+02   3.9638188e+02
   2.7646855e+02   4.0135146e+02
   3.0528983e+02   4.0474652e+02
   3.3767447e+02   4.0038010e+02
   3.6891286e+02   3.9076608e+02
   3.9794318e+02   3.7646789e+02
   4.2302652e+02   3.5568950e+02
   4.3614362e+02   3.2611867e+02
   4.3727155e+02   2.9368510e+02
   4.3892910e+02   2.6092107e+02
   4.3710653e+02   2.2876397e+02
   1.9521237e+02   1.9523237e+02
   2.0849772e+02   1.8160270e+02
   2.2692838e+02   1.7594461e+02
   2.4609597e+02   1.7662618e+02
   2.6461766e+02   1.8192813e+02
   3.1925975e+02   1.7365467e+02
   3.3937491e+02   1.6786271e+02
   3.5984542e+02   1.6527822e+02
   3.7947925e+02   1.7161500e+02
   3.9594544e+02   1.8397280e+02
   2.8734042e+02   2.0040849e+02
   2.8624793e+02   2.2099032e+02
   2.8532305e+02   2.4126248e+02
   2.8526224e+02   2.6165606e+02
   2.6973437e+02   2.7807354e+02
   2.8005797e+02   2.7960328e+02
   2.9040360e+02   2.7915719e+02
   3.0558202e+02   2.7770616e+02
   3.2028860e+02   2.7397766e+02
   2.2145700e+02   2.2204473e+02
   2.3256504e+02   2.0607069e+02
   2.5193769e+02   2.0273178e+02
   2.6777792e+02   2.1378425e+02
   2.5283897e+02   2.1943821e+02
   2.3723210e+02   2.2187928e+02
   3.2596048e+02   2.0865336e+02
   3.3936337e+02   1.9696198e+02
   3.5737027e+02   1.9666098e+02
   3.7123277e+02   2.0764076e+02
   3.5651450e+02   2.1170066e+02
   3.4115468e+02   2.1061142e+02
   2.5629023e+02   3.2411040e+02
   2.6882857e+02   3.1493212e+02
   2.8316320e+02   3.0940464e+02
   2.9804122e+02   3.1234138e+02
   3.1598270e+02   3.0704180e+02
   3.3460909e+02   3.1094908e+02
   3.5323031e+02   3.1243952e+02
   3.3492004e+02   3.1937929e+02
   3.1814690e+02   3.2951662e+02
   2.9917025e+02   3.3198494e+02
   2.8443362e+02   3.3253447e+02
   2.7035346e+02   3.2834246e+02
   2.7792504e+02   3.2119775e+02
   2.8838131e+02   3.1857949e+02
   2.9908201e+02   3.1807749e+02
   3.1349155e+02   3.1605824e+02
   3.2789481e+02   3.1553917e+02
   3.1334423e+02   3.1660173e+02
   2.9907701e+02   3.1861580e+02
   2.8835263e+02   3.1902858e+02
