   1.8247983e+02   2.4589216e+02
   1.8488487e+02   2.7507806e+02
   1.9180971e+02   3.0367833e+02
   1.9789405e+02   3.3231348e+02
   2.0614491e+02   3.6023460e+02
   2.2112013e+02   3.8525979e+02
   2.4782898e+02   3.9660300e+02
   2.7666900e+02   4.0156547e+02
   3.0549387e+02   4.0495327e+02
   3.3788040e+02   4.0057793e+02
   3.6911919e+02   3.9095480e+02
   3.9814848e+02   3.7664764e+02
   4.2322871e+02   3.5586072e+02
   4.3633926e+02   3.2628368e+02
   4.3745878e+02   2.9384677e+02
   4.3910788e+02   2.6107923e+02
   4.3727668e+02   2.2891960e+02
   1.9535105e+02   1.9544841e+02
   2.0831370e+02   1.8200109e+02
   2.2613388e+02   1.7626035e+02
   2.4499347e+02   1.7770659e+02
   2.6288413e+02   1.8336609e+02
   3.1940439e+02   1.7383610e+02
   3.3951991e+02   1.6803832e+02
   3.5999166e+02   1.6544820e+02
   3.7962899e+02   1.7178042e+02
   3.9609998e+02   1.8413505e+02
   2.8748910e+02   2.0060081e+02
   2.8640191e+02   2.2118485e+02
   2.8548227e+02   2.4145916e+02
   2.8542682e+02   2.6185467e+02
   2.6759993e+02   2.7659749e+02
   2.7898224e+02   2.7963477e+02
   2.9057326e+02   2.7935608e+02
   3.0666817e+02   2.7770440e+02
   3.2178683e+02   2.7283232e+02
   2.2160457e+02   2.2225037e+02
   2.3271300e+02   2.0627663e+02
   2.5208524e+02   2.0293392e+02
   2.6792828e+02   2.1398297e+02
   2.5298896e+02   2.1963944e+02
   2.3738086e+02   2.2208322e+02
   3.2611181e+02   2.0883669e+02
   3.3951483e+02   1.9714069e+02
   3.5752431e+02   1.9683338e+02
   3.7139121e+02   2.0781172e+02
   3.5667141e+02   2.1187589e+02
   3.4130898e+02   2.1079024e+02
   2.5160104e+02   3.1467214e+02
   2.6667257e+02   3.0958228e+02
   2.8129012e+02   3.0325020e+02
   2.9679470e+02   3.0479361e+02
   3.1698746e+02   3.0028383e+02
   3.3739801e+02   3.0179936e+02
   3.5753862e+02   3.0625333e+02
   3.3874543e+02   3.1422948e+02
   3.2030276e+02   3.2285109e+02
   3.0059518e+02   3.2649148e+02
   2.8348840e+02   3.2658004e+02
   2.6701304e+02   3.2199327e+02
   2.7420095e+02   3.1613969e+02
   2.8636521e+02   3.1473744e+02
   2.9820971e+02   3.1235533e+02
   3.1354629e+02   3.1105263e+02
   3.2877960e+02   3.1048219e+02
   3.1341045e+02   3.1189617e+02
   2.9820529e+02   3.1330881e+02
   2.8625063e+02   3.1518907e+02
