   1.8252701e+02   2.4564470e+02
   1.8497717e+02   2.7486802e+02
   1.9195262e+02   3.0349844e+02
   1.9808645e+02   3.3216498e+02
   2.0638880e+02   3.6011339e+02
   2.2142079e+02   3.8515220e+02
   2.4818327e+02   3.9647308e+02
   2.7707077e+02   4.0140124e+02
   3.0594085e+02   4.0475256e+02
   3.3836647e+02   4.0032476e+02
   3.6963523e+02   3.9064346e+02
   3.9868470e+02   3.7627474e+02
   4.2377031e+02   3.5542284e+02
   4.3685691e+02   3.2578562e+02
   4.3793159e+02   2.9330169e+02
   4.3953613e+02   2.6048591e+02
   4.3765636e+02   2.2828387e+02
   1.9534409e+02   1.9511191e+02
   2.0950954e+02   1.8329823e+02
   2.2710077e+02   1.7745813e+02
   2.4541237e+02   1.7733066e+02
   2.6293694e+02   1.8292963e+02
   3.1954021e+02   1.7329186e+02
   3.3967561e+02   1.6745719e+02
   3.6017232e+02   1.6483415e+02
   3.7984620e+02   1.7114714e+02
   3.9635793e+02   1.8349552e+02
   2.8761852e+02   2.0013971e+02
   2.8655926e+02   2.2075413e+02
   2.8566733e+02   2.4105814e+02
   2.8564098e+02   2.6148229e+02
   2.6580912e+02   2.7392966e+02
   2.7791490e+02   2.7901214e+02
   2.9081967e+02   2.7900085e+02
   3.0832704e+02   2.7696702e+02
   3.2453557e+02   2.7070826e+02
   2.2121553e+02   2.1814795e+02
   2.3459078e+02   2.0505091e+02
   2.5316384e+02   2.0269455e+02
   2.6804946e+02   2.1356859e+02
   2.5278965e+02   2.1803705e+02
   2.3688578e+02   2.1949977e+02
   3.2435088e+02   2.0860757e+02
   3.3897112e+02   1.9685280e+02
   3.5760219e+02   1.9553794e+02
   3.7164843e+02   2.0724068e+02
   3.5615047e+02   2.1136413e+02
   3.4020420e+02   2.1009154e+02
   2.4314900e+02   3.0564603e+02
   2.6089599e+02   3.0017418e+02
   2.7913088e+02   2.9768736e+02
   2.9743003e+02   2.9798822e+02
   3.2153251e+02   2.9421064e+02
   3.4602318e+02   2.9555659e+02
   3.7028773e+02   2.9697461e+02
   3.4861444e+02   3.0725169e+02
   3.2579079e+02   3.1496121e+02
   3.0250686e+02   3.2011460e+02
   2.8154160e+02   3.2149891e+02
   2.6158923e+02   3.1554084e+02
   2.6845262e+02   3.0936330e+02
   2.8399991e+02   3.0901213e+02
   2.9926064e+02   3.0615180e+02
   3.1870510e+02   3.0439924e+02
   3.3817385e+02   3.0430718e+02
   3.1891446e+02   3.0522869e+02
   2.9971847e+02   3.0660477e+02
   2.8402160e+02   3.0891420e+02
