   1.8267987e+02   1.6548684e+02
   1.8239028e+02   1.9678148e+02
   1.8703073e+02   2.2727711e+02
   1.9437329e+02   2.5748891e+02
   2.0366634e+02   2.8706812e+02
   2.2070698e+02   3.1312651e+02
   2.4368331e+02   3.3379360e+02
   2.7057186e+02   3.4903932e+02
   3.0084102e+02   3.5465277e+02
   3.3115070e+02   3.5017918e+02
   3.5689158e+02   3.3431032e+02
   3.7735643e+02   3.1146273e+02
   3.9418398e+02   2.8586512e+02
   4.0468846e+02   2.5744276e+02
   4.0907115e+02   2.2708502e+02
   4.0966451e+02   1.9643808e+02
   4.0792795e+02   1.6613935e+02
   2.0302396e+02   1.4760003e+02
   2.1313658e+02   1.3735160e+02
   2.2797971e+02   1.3572756e+02
   2.4285769e+02   1.3677842e+02
   2.5718919e+02   1.4032471e+02
   3.2395601e+02   1.3792506e+02
   3.3890143e+02   1.3574246e+02
   3.5395577e+02   1.3388708e+02
   3.6895475e+02   1.3246763e+02
   3.8222420e+02   1.3855112e+02
   2.8997262e+02   1.6139693e+02
   2.9029014e+02   1.8033690e+02
   2.9101175e+02   1.9925273e+02
   2.9133096e+02   2.1812497e+02
   2.5944533e+02   2.1755922e+02
   2.7416556e+02   2.2915707e+02
   2.9246938e+02   2.3276709e+02
   3.1124569e+02   2.2915019e+02
   3.2494743e+02   2.1601534e+02
   2.2317828e+02   1.6961499e+02
   2.3550784e+02   1.5981319e+02
   2.5137076e+02   1.5912405e+02
   2.6480966e+02   1.6733793e+02
   2.5114286e+02   1.7143431e+02
   2.3707761e+02   1.7194371e+02
   3.2016526e+02   1.6597925e+02
   3.3322777e+02   1.5714452e+02
   3.4892503e+02   1.5606719e+02
   3.6225401e+02   1.6415979e+02
   3.4882597e+02   1.6964084e+02
   3.3433631e+02   1.6929613e+02
   2.5477082e+02   2.6508222e+02
   2.6478074e+02   2.5507608e+02
   2.7768829e+02   2.4943979e+02
   2.9150581e+02   2.5045603e+02
   3.0713445e+02   2.4801548e+02
   3.2177314e+02   2.5395335e+02
   3.3451569e+02   2.6358953e+02
   3.2623724e+02   2.7824342e+02
   3.1142802e+02   2.8620945e+02
   2.9483426e+02   2.8919708e+02
   2.7791311e+02   2.8788935e+02
   2.6330525e+02   2.7943116e+02
   2.6545336e+02   2.6605701e+02
   2.7945671e+02   2.6603883e+02
   2.9342957e+02   2.6555668e+02
   3.0433182e+02   2.6465984e+02
   3.1518983e+02   2.6464231e+02
   3.0423436e+02   2.6560844e+02
   2.9345205e+02   2.6652378e+02
   2.7939129e+02   2.6704590e+02
