   1.6349806e+02   2.2790424e+02
   1.6251849e+02   2.5576340e+02
   1.6739211e+02   2.8320066e+02
   1.7551347e+02   3.0967114e+02
   1.8813494e+02   3.3454796e+02
   2.0453675e+02   3.5687052e+02
   2.2439256e+02   3.7650637e+02
   2.4772584e+02   3.9134327e+02
   2.7487391e+02   3.9466184e+02
   3.0373313e+02   3.9148842e+02
   3.2815498e+02   3.7523080e+02
   3.4883250e+02   3.5454728e+02
   3.6773503e+02   3.3177887e+02
   3.8072176e+02   3.0567621e+02
   3.8930392e+02   2.7756335e+02
   3.9947830e+02   2.4999172e+02
   4.0350198e+02   2.2122705e+02
   1.8344035e+02   2.0023467e+02
   1.9736681e+02   1.9042769e+02
   2.1446159e+02   1.8878535e+02
   2.3147623e+02   1.9107903e+02
   2.4802304e+02   1.9575161e+02
   3.0356757e+02   1.9180968e+02
   3.2388512e+02   1.8825739e+02
   3.4439037e+02   1.8662231e+02
   3.6484686e+02   1.8794308e+02
   3.7868703e+02   2.0177463e+02
   2.7896650e+02   2.1974273e+02
   2.7871131e+02   2.3752484e+02
   2.7833940e+02   2.5513089e+02
   2.7817043e+02   2.7275752e+02
   2.5142295e+02   2.9669549e+02
   2.6444398e+02   2.9958787e+02
   2.7746399e+02   3.0072338e+02
   2.8973550e+02   2.9868452e+02
   3.0182124e+02   2.9576303e+02
   2.0224709e+02   2.2180085e+02
   2.1708670e+02   2.1091239e+02
   2.3536435e+02   2.1378037e+02
   2.4661939e+02   2.2820819e+02
   2.3062429e+02   2.3357930e+02
   2.1410186e+02   2.3279691e+02
   3.1343203e+02   2.2466376e+02
   3.2504976e+02   2.1100387e+02
   3.4329804e+02   2.0950588e+02
   3.5730543e+02   2.2060631e+02
   3.4374918e+02   2.2870596e+02
   3.2803567e+02   2.3038343e+02
   2.3546939e+02   3.3306935e+02
   2.4900361e+02   3.2565930e+02
   2.6259363e+02   3.1961356e+02
   2.7702871e+02   3.2146696e+02
   2.9022051e+02   3.1821872e+02
   3.0310690e+02   3.2369912e+02
   3.1617867e+02   3.2946476e+02
   3.0300398e+02   3.3648268e+02
   2.9135408e+02   3.4546005e+02
   2.7740467e+02   3.4823746e+02
   2.6277952e+02   3.4558544e+02
   2.4967256e+02   3.3818689e+02
   2.4535112e+02   3.3261018e+02
   2.6142729e+02   3.3057652e+02
   2.7711694e+02   3.3198015e+02
   2.9091181e+02   3.2958223e+02
   3.0495607e+02   3.3040162e+02
   2.9069441e+02   3.2789466e+02
   2.7701537e+02   3.3041323e+02
   2.6120442e+02   3.2929748e+02
