   1.6320861e+02   2.2975794e+02
   1.6250182e+02   2.5861038e+02
   1.6788959e+02   2.8692205e+02
   1.7693583e+02   3.1432588e+02
   1.9046001e+02   3.3968171e+02
   2.0624700e+02   3.6379919e+02
   2.2590491e+02   3.8474403e+02
   2.4947010e+02   4.0120275e+02
   2.7741066e+02   4.0518870e+02
   3.0634325e+02   4.0006824e+02
   3.2961117e+02   3.8125057e+02
   3.5025435e+02   3.5965428e+02
   3.6699588e+02   3.3495552e+02
   3.7995574e+02   3.0812367e+02
   3.8878251e+02   2.7944727e+02
   3.9912205e+02   2.5125917e+02
   4.0327518e+02   2.2200643e+02
   1.8281386e+02   1.9727231e+02
   1.9448205e+02   1.8523614e+02
   2.1126938e+02   1.8163508e+02
   2.2848953e+02   1.8288508e+02
   2.4482332e+02   1.8816019e+02
   3.0534548e+02   1.8235949e+02
   3.2629873e+02   1.7940007e+02
   3.4711192e+02   1.7720962e+02
   3.6678275e+02   1.8299608e+02
   3.7846614e+02   1.9945583e+02
   2.7833476e+02   2.1929141e+02
   2.7770011e+02   2.3690047e+02
   2.7689379e+02   2.5432882e+02
   2.7629804e+02   2.7177076e+02
   2.4941378e+02   2.9484349e+02
   2.6273895e+02   2.9825822e+02
   2.7630608e+02   2.9952336e+02
   2.8894883e+02   2.9820752e+02
   3.0099861e+02   2.9436765e+02
   2.0136127e+02   2.1988944e+02
   2.1618969e+02   2.0905875e+02
   2.3447147e+02   2.1170308e+02
   2.4628323e+02   2.2568877e+02
   2.3041681e+02   2.3159170e+02
   2.1383268e+02   2.3049851e+02
   3.1215552e+02   2.2241084e+02
   3.2429344e+02   2.0835467e+02
   3.4318277e+02   2.0738415e+02
   3.5739291e+02   2.1920630e+02
   3.4345007e+02   2.2763996e+02
   3.2711969e+02   2.2871166e+02
   2.3780308e+02   3.3760329e+02
   2.4703812e+02   3.2577359e+02
   2.6018167e+02   3.1716963e+02
   2.7546748e+02   3.1902302e+02
   2.8978980e+02   3.1742581e+02
   3.0245239e+02   3.2465329e+02
   3.1173193e+02   3.3473943e+02
   3.0277815e+02   3.4680814e+02
   2.9196453e+02   3.5833302e+02
   2.7696283e+02   3.6205330e+02
   2.6077021e+02   3.5936161e+02
   2.4811637e+02   3.4896064e+02
   2.4571966e+02   3.3690768e+02
   2.5950235e+02   3.2962685e+02
   2.7558505e+02   3.2947655e+02
   2.9075592e+02   3.2887202e+02
   3.0382763e+02   3.3503164e+02
   2.9065637e+02   3.3991123e+02
   2.7596368e+02   3.4426032e+02
   2.5952684e+02   3.4189505e+02
