   1.8375300e+02   1.5770102e+02
   1.8130962e+02   1.8873725e+02
   1.8407834e+02   2.1971011e+02
   1.8984225e+02   2.5017159e+02
   2.0142807e+02   2.7899049e+02
   2.1731048e+02   3.0570261e+02
   2.3994373e+02   3.2706848e+02
   2.6774270e+02   3.4056409e+02
   2.9803354e+02   3.4693751e+02
   3.2899672e+02   3.4115949e+02
   3.5789801e+02   3.2874711e+02
   3.8008196e+02   3.0637678e+02
   3.9797839e+02   2.8081080e+02
   4.1069908e+02   2.5196719e+02
   4.1599192e+02   2.2105408e+02
   4.1859076e+02   1.8969915e+02
   4.1676566e+02   1.5831781e+02
   1.9975148e+02   1.4075399e+02
   2.1355748e+02   1.3250472e+02
   2.2995151e+02   1.3237636e+02
   2.4580662e+02   1.3620591e+02
   2.6152599e+02   1.4034481e+02
   3.1961857e+02   1.4075385e+02
   3.3650688e+02   1.3698934e+02
   3.5342450e+02   1.3442411e+02
   3.7026287e+02   1.3830653e+02
   3.8548410e+02   1.4607211e+02
   2.8729948e+02   1.6652736e+02
   2.8690662e+02   1.8441098e+02
   2.8634301e+02   2.0235247e+02
   2.8607224e+02   2.2011981e+02
   2.6725353e+02   2.3321112e+02
   2.7674340e+02   2.3354951e+02
   2.8607226e+02   2.3443840e+02
   2.9639991e+02   2.3402147e+02
   3.0652739e+02   2.3525658e+02
   2.2225215e+02   1.6161820e+02
   2.3495367e+02   1.5257389e+02
   2.5048507e+02   1.5564008e+02
   2.5988961e+02   1.6816380e+02
   2.4649207e+02   1.6987572e+02
   2.3319193e+02   1.6895471e+02
   3.2289142e+02   1.6980014e+02
   3.3233423e+02   1.5730832e+02
   3.4790655e+02   1.5500966e+02
   3.6052886e+02   1.6407265e+02
   3.4953356e+02   1.7121680e+02
   3.3612533e+02   1.7113849e+02
   2.5094142e+02   2.7094066e+02
   2.6065438e+02   2.6308118e+02
   2.7266991e+02   2.5951665e+02
   2.8498065e+02   2.6068551e+02
   3.0137306e+02   2.5967928e+02
   3.1709956e+02   2.6383646e+02
   3.3067255e+02   2.7280626e+02
   3.1813262e+02   2.8165249e+02
   3.0387305e+02   2.8683463e+02
   2.8870883e+02   2.8865737e+02
   2.7458572e+02   2.8674172e+02
   2.6209952e+02   2.7987845e+02
   2.6865991e+02   2.6674661e+02
   2.7772014e+02   2.6678927e+02
   2.8637943e+02   2.6907784e+02
   2.9715501e+02   2.6723444e+02
   3.0782606e+02   2.6954168e+02
   2.9815218e+02   2.7573655e+02
   2.8684424e+02   2.7746640e+02
   2.7653181e+02   2.7410304e+02
