   1.5476847e+02   2.4358215e+02
   1.5695977e+02   2.7103568e+02
   1.5675735e+02   2.9853923e+02
   1.5936808e+02   3.2574667e+02
   1.6917052e+02   3.5130145e+02
   1.8383024e+02   3.7433534e+02
   2.0691846e+02   3.8929849e+02
   2.3198178e+02   3.9979786e+02
   2.5908911e+02   4.0135903e+02
   2.8770967e+02   3.9896901e+02
   3.1551289e+02   3.9185008e+02
   3.4071880e+02   3.7835896e+02
   3.5718542e+02   3.5505304e+02
   3.6767310e+02   3.2840678e+02
   3.6921361e+02   2.9991352e+02
   3.7056703e+02   2.7111485e+02
   3.7182253e+02   2.4270738e+02
   1.7308687e+02   2.0842131e+02
   1.8788888e+02   2.0307696e+02
   2.0357262e+02   2.0143498e+02
   2.1913604e+02   2.0342074e+02
   2.3352207e+02   2.0929625e+02
   2.7912904e+02   2.0581013e+02
   2.9541114e+02   1.9788699e+02
   3.1360382e+02   1.9620659e+02
   3.3167607e+02   1.9720414e+02
   3.4712925e+02   2.0609378e+02
   2.5625154e+02   2.3152753e+02
   2.5646486e+02   2.4762618e+02
   2.5654128e+02   2.6353108e+02
   2.5711265e+02   2.7941145e+02
   2.3067015e+02   2.9170850e+02
   2.4292998e+02   2.9972432e+02
   2.5734239e+02   3.0140253e+02
   2.7113087e+02   3.0050159e+02
   2.8395712e+02   2.9577825e+02
   1.8986634e+02   2.3456956e+02
   2.0343422e+02   2.2642524e+02
   2.1931377e+02   2.2629576e+02
   2.3294874e+02   2.3403135e+02
   2.1868802e+02   2.3741523e+02
   2.0413786e+02   2.3751131e+02
   2.8438992e+02   2.3393801e+02
   2.9916870e+02   2.2551036e+02
   3.1614125e+02   2.2401119e+02
   3.3005438e+02   2.3303022e+02
   3.1497091e+02   2.3609918e+02
   2.9950751e+02   2.3603135e+02
   2.1433206e+02   3.2987783e+02
   2.2640196e+02   3.1899123e+02
   2.4126627e+02   3.1290515e+02
   2.5704412e+02   3.1476617e+02
   2.7472937e+02   3.1396332e+02
   2.9133234e+02   3.2045461e+02
   3.0586382e+02   3.3045474e+02
   2.9010972e+02   3.3371774e+02
   2.7448725e+02   3.3741739e+02
   2.5849991e+02   3.3802078e+02
   2.4338745e+02   3.3717998e+02
   2.2885010e+02   3.3346527e+02
   2.2515609e+02   3.2565596e+02
   2.3598012e+02   3.2548328e+02
   2.5791927e+02   3.2610182e+02
   2.8213604e+02   3.2692635e+02
   2.9399993e+02   3.2709992e+02
   2.8198151e+02   3.2727348e+02
   2.5791879e+02   3.2639089e+02
   2.3590726e+02   3.2582865e+02
