   1.5500334e+02   2.4379343e+02
   1.5587198e+02   2.7130582e+02
   1.5679204e+02   2.9884578e+02
   1.5967044e+02   3.2607705e+02
   1.6984891e+02   3.5148971e+02
   1.8495675e+02   3.7438601e+02
   2.0715300e+02   3.9044785e+02
   2.3240267e+02   4.0075727e+02
   2.5960528e+02   4.0238130e+02
   2.8828959e+02   4.0001465e+02
   3.1604666e+02   3.9313415e+02
   3.4058931e+02   3.7883928e+02
   3.5703857e+02   3.5553742e+02
   3.6781520e+02   3.2902488e+02
   3.7041775e+02   3.0064040e+02
   3.7100497e+02   2.7189089e+02
   3.7099972e+02   2.4344695e+02
   1.7343113e+02   2.1146144e+02
   1.8713012e+02   2.0467364e+02
   2.0250336e+02   2.0355762e+02
   2.1790203e+02   2.0508224e+02
   2.3224589e+02   2.1045338e+02
   2.7898137e+02   2.0700967e+02
   2.9522014e+02   1.9955628e+02
   3.1305357e+02   1.9822996e+02
   3.3081624e+02   1.9945731e+02
   3.4624600e+02   2.0768440e+02
   2.5678249e+02   2.3209238e+02
   2.5697312e+02   2.4795363e+02
   2.5702911e+02   2.6362382e+02
   2.5757277e+02   2.7927046e+02
   2.3150570e+02   2.9135387e+02
   2.4366888e+02   2.9962066e+02
   2.5796317e+02   3.0204994e+02
   2.7157376e+02   3.0064308e+02
   2.8400108e+02   2.9542822e+02
   1.9137361e+02   2.3500892e+02
   2.0455526e+02   2.2672574e+02
   2.2019999e+02   2.2720534e+02
   2.3382668e+02   2.3454772e+02
   2.1976928e+02   2.3783960e+02
   2.0543199e+02   2.3791887e+02
   2.8450113e+02   2.3451111e+02
   2.9926220e+02   2.2665321e+02
   3.1579928e+02   2.2506945e+02
   3.2949399e+02   2.3366246e+02
   3.1462836e+02   2.3665796e+02
   2.9939436e+02   2.3657661e+02
   2.1361833e+02   3.2813278e+02
   2.2588518e+02   3.1717958e+02
   2.4112616e+02   3.1127409e+02
   2.5712979e+02   3.1314862e+02
   2.7525685e+02   3.1255800e+02
   2.9254934e+02   3.1768596e+02
   3.0629545e+02   3.2899775e+02
   2.9016100e+02   3.3062637e+02
   2.7423269e+02   3.3223152e+02
   2.5821501e+02   3.3333672e+02
   2.4320219e+02   3.3251054e+02
   2.2852229e+02   3.2901484e+02
   2.2453904e+02   3.2275747e+02
   2.3545976e+02   3.2238995e+02
   2.5766561e+02   3.2325203e+02
   2.8245256e+02   3.2347937e+02
   2.9437401e+02   3.2367678e+02
   2.8226959e+02   3.2387419e+02
   2.5766575e+02   3.2352288e+02
   2.3522577e+02   3.2312498e+02
