   1.7913732e+02   2.2577676e+02
   1.7920131e+02   2.5563766e+02
   1.8249435e+02   2.8518888e+02
   1.8690665e+02   3.1435860e+02
   1.9365183e+02   3.4330385e+02
   2.0650768e+02   3.6992240e+02
   2.2652593e+02   3.9196306e+02
   2.5318868e+02   4.0448472e+02
   2.8233533e+02   4.0878250e+02
   3.1247921e+02   4.0719370e+02
   3.4085261e+02   3.9698202e+02
   3.6499176e+02   3.7892660e+02
   3.8130140e+02   3.5368244e+02
   3.9322052e+02   3.2600659e+02
   4.0061266e+02   2.9669037e+02
   4.0514783e+02   2.6665671e+02
   4.0953857e+02   2.3695164e+02
   1.9114238e+02   2.0249798e+02
   2.0550003e+02   1.8749219e+02
   2.2598952e+02   1.8426042e+02
   2.4539888e+02   1.9237745e+02
   2.6368617e+02   2.0271234e+02
   3.1022580e+02   2.0295409e+02
   3.3062135e+02   1.9731156e+02
   3.5085587e+02   1.9203326e+02
   3.7082531e+02   1.9817120e+02
   3.8624779e+02   2.1213221e+02
   2.8462071e+02   2.2497805e+02
   2.8353924e+02   2.4418866e+02
   2.8114845e+02   2.6335950e+02
   2.7920260e+02   2.8236851e+02
   2.5822433e+02   2.9734456e+02
   2.6951812e+02   2.9957969e+02
   2.8054503e+02   3.0245733e+02
   2.9300091e+02   3.0071183e+02
   3.0533839e+02   2.9930117e+02
   2.1364591e+02   2.2150791e+02
   2.2870659e+02   2.1168165e+02
   2.4633219e+02   2.1554305e+02
   2.5864398e+02   2.2884910e+02
   2.4281960e+02   2.2971928e+02
   2.2714478e+02   2.2897893e+02
   3.1449517e+02   2.3271224e+02
   3.2893745e+02   2.2103987e+02
   3.4717951e+02   2.1848391e+02
   3.6105718e+02   2.2960527e+02
   3.4660227e+02   2.3611421e+02
   3.3039814e+02   2.3446823e+02
   2.4336566e+02   3.3594834e+02
   2.5570501e+02   3.2767493e+02
   2.6926306e+02   3.2190976e+02
   2.8272379e+02   3.2657849e+02
   2.9731019e+02   3.2372146e+02
   3.1053952e+02   3.3160517e+02
   3.2457996e+02   3.3783887e+02
   3.1099401e+02   3.4370217e+02
   2.9691782e+02   3.4838594e+02
   2.8237455e+02   3.4822448e+02
   2.6880690e+02   3.4624917e+02
   2.5632661e+02   3.4011803e+02
   2.5820311e+02   3.3442876e+02
   2.7077438e+02   3.3331525e+02
   2.8273742e+02   3.3685582e+02
   2.9495127e+02   3.3404922e+02
   3.0727877e+02   3.3598769e+02
   2.9483682e+02   3.3462487e+02
   2.8273593e+02   3.3722501e+02
   2.7058970e+02   3.3392392e+02
