   1.7934521e+02   2.2555383e+02
   1.8017178e+02   2.5495255e+02
   1.8337133e+02   2.8442894e+02
   1.8741608e+02   3.1330939e+02
   1.9350544e+02   3.4207863e+02
   2.0597063e+02   3.6859217e+02
   2.2521393e+02   3.9061823e+02
   2.5184608e+02   4.0251842e+02
   2.8058971e+02   4.0841417e+02
   3.1100902e+02   4.0726609e+02
   3.3982598e+02   3.9737239e+02
   3.6453822e+02   3.7929338e+02
   3.8303388e+02   3.5532699e+02
   3.9390973e+02   3.2686427e+02
   4.0013576e+02   2.9678998e+02
   4.0524321e+02   2.6669370e+02
   4.0968342e+02   2.3679895e+02
   1.9137968e+02   2.0228991e+02
   2.0555546e+02   1.8736104e+02
   2.2601634e+02   1.8461851e+02
   2.4536109e+02   1.9209469e+02
   2.6388157e+02   2.0181464e+02
   3.1037653e+02   2.0325884e+02
   3.3072950e+02   1.9760922e+02
   3.5104216e+02   1.9188408e+02
   3.7085396e+02   1.9791749e+02
   3.8642893e+02   2.1198448e+02
   2.8484084e+02   2.2476538e+02
   2.8374422e+02   2.4398218e+02
   2.8135537e+02   2.6315935e+02
   2.7941957e+02   2.8217524e+02
   2.5813844e+02   2.9652642e+02
   2.6979534e+02   2.9942902e+02
   2.8147857e+02   3.0192890e+02
   2.9391797e+02   3.0043671e+02
   3.0604481e+02   2.9853429e+02
   2.1386956e+02   2.2127788e+02
   2.2893465e+02   2.1147622e+02
   2.4654957e+02   2.1535840e+02
   2.5884917e+02   2.2866183e+02
   2.4308860e+02   2.2980126e+02
   2.2734677e+02   2.2876374e+02
   3.1469333e+02   2.3253686e+02
   3.2911085e+02   2.2086424e+02
   3.4733365e+02   2.1831390e+02
   3.6120526e+02   2.2942243e+02
   3.4676601e+02   2.3592566e+02
   3.3058010e+02   2.3428628e+02
   2.4136751e+02   3.3608016e+02
   2.5490153e+02   3.2844542e+02
   2.6865284e+02   3.2177154e+02
   2.8241229e+02   3.2692813e+02
   2.9705476e+02   3.2213124e+02
   3.1078242e+02   3.3047106e+02
   3.2513179e+02   3.3743945e+02
   3.1172829e+02   3.4252539e+02
   2.9798877e+02   3.4655404e+02
   2.8373203e+02   3.4674729e+02
   2.6927521e+02   3.4415111e+02
   2.5567676e+02   3.3849503e+02
   2.5832900e+02   3.3417529e+02
   2.7077173e+02   3.3326139e+02
   2.8262222e+02   3.3641671e+02
   2.9607979e+02   3.3340495e+02
   3.0952466e+02   3.3626454e+02
   2.9601607e+02   3.3378912e+02
   2.8262394e+02   3.3660233e+02
   2.7064605e+02   3.3363649e+02
