   2.0509343e+02   2.3814304e+02
   2.0797971e+02   2.6628793e+02
   2.1373106e+02   2.9412834e+02
   2.1921958e+02   3.2170734e+02
   2.2823119e+02   3.4860008e+02
   2.4355920e+02   3.7215196e+02
   2.6721028e+02   3.8756539e+02
   2.9315806e+02   3.9885222e+02
   3.2087596e+02   4.0190903e+02
   3.4669761e+02   3.9640049e+02
   3.6900426e+02   3.8225648e+02
   3.8535521e+02   3.6149248e+02
   3.9668682e+02   3.3780804e+02
   4.0411129e+02   3.1230993e+02
   4.0999059e+02   2.8640156e+02
   4.1304677e+02   2.6012497e+02
   4.1430941e+02   2.3387383e+02
   2.2381017e+02   2.1585577e+02
   2.3480743e+02   2.0039775e+02
   2.5415152e+02   1.9749504e+02
   2.7365606e+02   1.9946085e+02
   2.9315113e+02   2.0171158e+02
   3.3482107e+02   2.0191061e+02
   3.5171558e+02   1.9714475e+02
   3.6911141e+02   1.9580379e+02
   3.8620759e+02   1.9888668e+02
   3.9775800e+02   2.1122409e+02
   3.1628407e+02   2.2384422e+02
   3.1730550e+02   2.4245102e+02
   3.1839110e+02   2.6094278e+02
   3.1868391e+02   2.7925489e+02
   2.9138433e+02   2.9283946e+02
   3.0482039e+02   2.9563246e+02
   3.1845989e+02   2.9636502e+02
   3.2988210e+02   2.9521627e+02
   3.4092573e+02   2.9274869e+02
   2.4260193e+02   2.3166071e+02
   2.5835243e+02   2.2355317e+02
   2.7589635e+02   2.2667661e+02
   2.9000642e+02   2.3768229e+02
   2.7326917e+02   2.3996133e+02
   2.5652495e+02   2.4023356e+02
   3.3979805e+02   2.3478200e+02
   3.5333392e+02   2.2379868e+02
   3.7015746e+02   2.2020033e+02
   3.8473160e+02   2.2857082e+02
   3.7111582e+02   2.3616708e+02
   3.5534927e+02   2.3667455e+02
   2.7969163e+02   3.3044929e+02
   2.9055647e+02   3.2067061e+02
   3.0360608e+02   3.1449306e+02
   3.1761573e+02   3.1623761e+02
   3.3138477e+02   3.1496090e+02
   3.4428013e+02   3.2039058e+02
   3.5476332e+02   3.2951180e+02
   3.4337114e+02   3.3641384e+02
   3.3110161e+02   3.4127026e+02
   3.1819621e+02   3.4137850e+02
   3.0460346e+02   3.4157879e+02
   2.9152635e+02   3.3746557e+02
   2.8918314e+02   3.2787851e+02
   2.9867466e+02   3.2805339e+02
   3.1758359e+02   3.2760963e+02
   3.3636461e+02   3.2745781e+02
   3.4556397e+02   3.2723161e+02
   3.3597873e+02   3.2700541e+02
   3.1744268e+02   3.2677061e+02
   2.9848765e+02   3.2770363e+02
