   1.8265474e+02   2.2488305e+02
   1.8598109e+02   2.5586463e+02
   1.9142647e+02   2.8666022e+02
   1.9817409e+02   3.1676117e+02
   2.0763547e+02   3.4634700e+02
   2.2516122e+02   3.7214357e+02
   2.4529817e+02   3.9561641e+02
   2.7231467e+02   4.1044300e+02
   3.0279492e+02   4.1567825e+02
   3.3295029e+02   4.0708883e+02
   3.5801156e+02   3.8835136e+02
   3.7598386e+02   3.6277497e+02
   3.9001325e+02   3.3458256e+02
   3.9882479e+02   3.0452711e+02
   4.0206680e+02   2.7327509e+02
   4.0351615e+02   2.4189900e+02
   4.0218513e+02   2.1069058e+02
   2.0637258e+02   1.9528570e+02
   2.1953985e+02   1.8670282e+02
   2.3459030e+02   1.8309792e+02
   2.4988811e+02   1.8595989e+02
   2.6426248e+02   1.9174860e+02
   3.2536101e+02   1.8372998e+02
   3.3829536e+02   1.7951153e+02
   3.5129107e+02   1.7617418e+02
   3.6409037e+02   1.8039035e+02
   3.7644277e+02   1.8570222e+02
   2.9644880e+02   2.0300426e+02
   2.9733958e+02   2.2338613e+02
   2.9860015e+02   2.4349325e+02
   2.9989241e+02   2.6358513e+02
   2.7714103e+02   2.8492028e+02
   2.8810748e+02   2.8808239e+02
   2.9933033e+02   2.8931935e+02
   3.1036037e+02   2.8723858e+02
   3.2073531e+02   2.8329042e+02
   2.2812760e+02   2.1790532e+02
   2.3902579e+02   2.1132570e+02
   2.5161492e+02   2.0956354e+02
   2.6190565e+02   2.1627376e+02
   2.5056688e+02   2.1789689e+02
   2.3933574e+02   2.1905090e+02
   3.2832754e+02   2.1104265e+02
   3.3821256e+02   2.0238363e+02
   3.5140025e+02   2.0299711e+02
   3.6180635e+02   2.1101448e+02
   3.5071341e+02   2.1320086e+02
   3.3940267e+02   2.1292151e+02
   2.6300097e+02   3.1916074e+02
   2.7433413e+02   3.1299830e+02
   2.8621301e+02   3.0818932e+02
   2.9870509e+02   3.0936254e+02
   3.1073654e+02   3.0932858e+02
   3.2215060e+02   3.1328800e+02
   3.3326750e+02   3.1808145e+02
   3.2186818e+02   3.2311717e+02
   3.1047100e+02   3.2794654e+02
   2.9829981e+02   3.2908106e+02
   2.8570983e+02   3.2874612e+02
   2.7349103e+02   3.2574593e+02
   2.6999590e+02   3.1926398e+02
   2.8446885e+02   3.1774957e+02
   2.9876274e+02   3.1801848e+02
   3.1120380e+02   3.1677362e+02
   3.2355560e+02   3.1849429e+02
   3.1111407e+02   3.1736943e+02
   2.9876333e+02   3.1860667e+02
   2.8427993e+02   3.1839290e+02
