   1.9661798e+02   1.8499217e+02
   1.9892660e+02   2.1329538e+02
   2.0323384e+02   2.4130231e+02
   2.0866002e+02   2.6903508e+02
   2.1880336e+02   2.9539027e+02
   2.3804061e+02   3.1581330e+02
   2.6277763e+02   3.2933156e+02
   2.8897745e+02   3.3975120e+02
   3.1684989e+02   3.4232440e+02
   3.4296655e+02   3.4019367e+02
   3.6710024e+02   3.3009915e+02
   3.8798356e+02   3.1435315e+02
   4.0515109e+02   2.9476683e+02
   4.1659357e+02   2.7116491e+02
   4.2193364e+02   2.4546116e+02
   4.2741872e+02   2.1997856e+02
   4.2929599e+02   1.9399694e+02
   2.2686405e+02   1.4989110e+02
   2.4121316e+02   1.3918154e+02
   2.5813466e+02   1.3353634e+02
   2.7589625e+02   1.3276674e+02
   2.9324657e+02   1.3672373e+02
   3.4989525e+02   1.3848150e+02
   3.6656499e+02   1.3587701e+02
   3.8321500e+02   1.3612451e+02
   3.9866077e+02   1.4238125e+02
   4.1047042e+02   1.5396928e+02
   3.2456145e+02   1.6278370e+02
   3.2504468e+02   1.8225286e+02
   3.2552873e+02   2.0171733e+02
   3.2402273e+02   2.2098364e+02
   2.9673191e+02   2.3377417e+02
   3.0965161e+02   2.3380031e+02
   3.2225195e+02   2.3586098e+02
   3.3165305e+02   2.3428004e+02
   3.4107155e+02   2.3444755e+02
   2.5079986e+02   1.7663116e+02
   2.6522636e+02   1.6622652e+02
   2.8305937e+02   1.6705069e+02
   2.9337530e+02   1.8087977e+02
   2.7854395e+02   1.8456118e+02
   2.6335017e+02   1.8444894e+02
   3.4321831e+02   1.7934066e+02
   3.5602574e+02   1.6680389e+02
   3.7432251e+02   1.6707098e+02
   3.8661333e+02   1.7995323e+02
   3.7253638e+02   1.8578027e+02
   3.5729347e+02   1.8512917e+02
   2.8379954e+02   2.8001172e+02
   2.9399568e+02   2.6997880e+02
   3.0568293e+02   2.6176049e+02
   3.1947033e+02   2.6310767e+02
   3.3224827e+02   2.6114388e+02
   3.4323216e+02   2.6848710e+02
   3.5162608e+02   2.7861728e+02
   3.4228649e+02   2.8693416e+02
   3.3248281e+02   2.9464677e+02
   3.2057042e+02   2.9747337e+02
   3.0675808e+02   2.9551924e+02
   2.9501846e+02   2.8816860e+02
   2.9529850e+02   2.7963927e+02
   3.0554324e+02   2.7006560e+02
   3.1944567e+02   2.6970810e+02
   3.3250348e+02   2.6958091e+02
   3.4185756e+02   2.7832386e+02
   3.3080406e+02   2.8175482e+02
   3.1975938e+02   2.8483988e+02
   3.0746285e+02   2.8214165e+02
