   1.3288095e+02   2.0600284e+02
   1.3185945e+02   2.3764460e+02
   1.3387989e+02   2.6895215e+02
   1.3804647e+02   3.0014772e+02
   1.4501307e+02   3.3075216e+02
   1.6335296e+02   3.5629685e+02
   1.8650494e+02   3.7729306e+02
   2.1457530e+02   3.9111238e+02
   2.4560968e+02   3.9505812e+02
   2.7660898e+02   3.9065482e+02
   3.0439119e+02   3.7601008e+02
   3.3027397e+02   3.5785601e+02
   3.4948659e+02   3.3339681e+02
   3.5602527e+02   3.0262699e+02
   3.6038458e+02   2.7132769e+02
   3.6440013e+02   2.4005079e+02
   3.6436882e+02   2.0877470e+02
   1.4975381e+02   1.9538105e+02
   1.6322118e+02   1.7920890e+02
   1.8425912e+02   1.7528000e+02
   2.0600013e+02   1.7646940e+02
   2.2661712e+02   1.8228327e+02
   2.6504427e+02   1.8679991e+02
   2.8663506e+02   1.8144035e+02
   3.0897631e+02   1.8142303e+02
   3.3017887e+02   1.8711078e+02
   3.4309056e+02   2.0430467e+02
   2.4937730e+02   2.0242827e+02
   2.4847732e+02   2.2249621e+02
   2.4789638e+02   2.4226991e+02
   2.4680920e+02   2.6217419e+02
   2.2306268e+02   2.8479078e+02
   2.3504752e+02   2.8733318e+02
   2.4715708e+02   2.8774135e+02
   2.5956118e+02   2.8732978e+02
   2.7153843e+02   2.8484485e+02
   1.7500196e+02   2.1402073e+02
   1.9046250e+02   2.0421344e+02
   2.0856104e+02   2.0504875e+02
   2.2196629e+02   2.1704888e+02
   2.0604007e+02   2.1782735e+02
   1.9032244e+02   2.1738105e+02
   2.7109653e+02   2.2038086e+02
   2.8506340e+02   2.0824563e+02
   3.0353174e+02   2.0808295e+02
   3.1879369e+02   2.1855937e+02
   3.0292257e+02   2.2060473e+02
   2.8701807e+02   2.2043007e+02
   2.0007281e+02   3.1827806e+02
   2.1626095e+02   3.1383599e+02
   2.3290447e+02   3.1210188e+02
   2.4950610e+02   3.1283026e+02
   2.6633171e+02   3.1212852e+02
   2.8290912e+02   3.1387011e+02
   2.9901634e+02   3.1820869e+02
   2.8449522e+02   3.2992854e+02
   2.6843434e+02   3.3961677e+02
   2.5042067e+02   3.4307242e+02
   2.3109968e+02   3.4078044e+02
   2.1413874e+02   3.3159918e+02
   2.1261973e+02   3.2258581e+02
   2.2516666e+02   3.2241655e+02
   2.5013353e+02   3.2571496e+02
   2.7481258e+02   3.2313766e+02
   2.8691446e+02   3.2326179e+02
   2.7462342e+02   3.2338592e+02
   2.5012711e+02   3.2603794e+02
   2.2488587e+02   3.2275506e+02
