   1.3288496e+02   2.0615610e+02
   1.3191385e+02   2.3777429e+02
   1.3401406e+02   2.6930561e+02
   1.3823626e+02   3.0047663e+02
   1.4537047e+02   3.3100659e+02
   1.6427414e+02   3.5623532e+02
   1.8697175e+02   3.7794232e+02
   2.1532746e+02   3.9122880e+02
   2.4635268e+02   3.9484627e+02
   2.7716721e+02   3.8956790e+02
   3.0513833e+02   3.7553342e+02
   3.3038186e+02   3.5702502e+02
   3.4938883e+02   3.3239910e+02
   3.5569617e+02   3.0179409e+02
   3.5996943e+02   2.7082198e+02
   3.6420424e+02   2.3963191e+02
   3.6382642e+02   2.0857262e+02
   1.4970168e+02   1.9553415e+02
   1.6311507e+02   1.7937905e+02
   1.8409884e+02   1.7542871e+02
   2.0579253e+02   1.7658377e+02
   2.2636912e+02   1.8235608e+02
   2.6470500e+02   1.8679974e+02
   2.8623493e+02   1.8142057e+02
   3.0852302e+02   1.8136933e+02
   3.2968255e+02   1.8701275e+02
   3.4259521e+02   2.0414258e+02
   2.4909884e+02   2.0241453e+02
   2.4823124e+02   2.2243609e+02
   2.4768146e+02   2.4216363e+02
   2.4662686e+02   2.6202221e+02
   2.2297089e+02   2.8462078e+02
   2.3480869e+02   2.8691066e+02
   2.4670041e+02   2.8753025e+02
   2.5896442e+02   2.8715587e+02
   2.7086596e+02   2.8486009e+02
   1.7492151e+02   2.1410013e+02
   1.9036777e+02   2.0441306e+02
   2.0846892e+02   2.0513180e+02
   2.2177633e+02   2.1704483e+02
   2.0583735e+02   2.1847359e+02
   1.9000344e+02   2.1831890e+02
   2.7079345e+02   2.2029170e+02
   2.8464775e+02   2.0818525e+02
   3.0312543e+02   2.0798641e+02
   3.1833037e+02   2.1833908e+02
   3.0259660e+02   2.2117742e+02
   2.8667548e+02   2.2114681e+02
   1.9863548e+02   3.1677029e+02
   2.1547964e+02   3.1358246e+02
   2.3265173e+02   3.1217440e+02
   2.4971744e+02   3.1274485e+02
   2.6630242e+02   3.1169929e+02
   2.8276860e+02   3.1353957e+02
   2.9866255e+02   3.1744997e+02
   2.8409631e+02   3.2896135e+02
   2.6781334e+02   3.3770912e+02
   2.4987904e+02   3.4125226e+02
   2.3033354e+02   3.3905262e+02
   2.1295673e+02   3.3009521e+02
   2.1145999e+02   3.2119407e+02
   2.2428450e+02   3.2107141e+02
   2.4999857e+02   3.2243220e+02
   2.7468241e+02   3.2136556e+02
   2.8667248e+02   3.2148383e+02
   2.7439333e+02   3.2160210e+02
   2.4994668e+02   3.2267661e+02
   2.2396491e+02   3.2131674e+02
