   1.3273073e+02   2.0615493e+02
   1.3177217e+02   2.3766250e+02
   1.3383948e+02   2.6890869e+02
   1.3804574e+02   2.9995710e+02
   1.4494850e+02   3.3046428e+02
   1.6345558e+02   3.5578623e+02
   1.8630621e+02   3.7694001e+02
   2.1431975e+02   3.9067955e+02
   2.4522091e+02   3.9458049e+02
   2.7629701e+02   3.9008768e+02
   3.0442078e+02   3.7597287e+02
   3.3034389e+02   3.5780441e+02
   3.4954589e+02   3.3317004e+02
   3.5604563e+02   3.0233249e+02
   3.6033286e+02   2.7107949e+02
   3.6460452e+02   2.3979088e+02
   3.6419900e+02   2.0844726e+02
   1.4957975e+02   1.9549937e+02
   1.6299908e+02   1.7930719e+02
   1.8401693e+02   1.7533023e+02
   2.0574399e+02   1.7646776e+02
   2.2637149e+02   1.8222026e+02
   2.6483983e+02   1.8668050e+02
   2.8642494e+02   1.8127593e+02
   3.0876369e+02   1.8121395e+02
   3.2998196e+02   1.8685102e+02
   3.4289659e+02   2.0403628e+02
   2.4920693e+02   2.0233958e+02
   2.4834860e+02   2.2240719e+02
   2.4780865e+02   2.4217992e+02
   2.4676280e+02   2.6208428e+02
   2.2306570e+02   2.8474755e+02
   2.3488608e+02   2.8700949e+02
   2.4675534e+02   2.8764690e+02
   2.5902816e+02   2.8727983e+02
   2.7094391e+02   2.8500615e+02
   1.7484412e+02   2.1403784e+02
   1.9026580e+02   2.0412572e+02
   2.0838599e+02   2.0496797e+02
   2.2182229e+02   2.1699815e+02
   2.0590692e+02   2.1768763e+02
   1.9021398e+02   2.1721251e+02
   2.7096094e+02   2.2024524e+02
   2.8486797e+02   2.0809194e+02
   3.0340820e+02   2.0781548e+02
   3.1860081e+02   2.1825521e+02
   3.0276790e+02   2.2054750e+02
   2.8685533e+02   2.2035427e+02
   1.9902958e+02   3.1729172e+02
   2.1569525e+02   3.1388878e+02
   2.3271694e+02   3.1252865e+02
   2.4972120e+02   3.1284731e+02
   2.6650425e+02   3.1221448e+02
   2.8308678e+02   3.1389651e+02
   2.9924219e+02   3.1747643e+02
   2.8461486e+02   3.2937331e+02
   2.6845443e+02   3.3915525e+02
   2.5023394e+02   3.4276064e+02
   2.3059884e+02   3.4039888e+02
   2.1336764e+02   3.3086542e+02
   2.1181638e+02   3.2202828e+02
   2.2460318e+02   3.2186723e+02
   2.5014797e+02   3.2463188e+02
   2.7500377e+02   3.2241474e+02
   2.8712298e+02   3.2254762e+02
   2.7472756e+02   3.2268049e+02
   2.5009775e+02   3.2490039e+02
   2.2424839e+02   3.2218932e+02
