   1.3314098e+02   2.0586735e+02
   1.3211500e+02   2.3726118e+02
   1.3411208e+02   2.6852328e+02
   1.3823669e+02   2.9947009e+02
   1.4502202e+02   3.2990181e+02
   1.6391714e+02   3.5492542e+02
   1.8625099e+02   3.7653475e+02
   2.1435177e+02   3.8992691e+02
   2.4517299e+02   3.9372380e+02
   2.7608552e+02   3.8882639e+02
   3.0437340e+02   3.7520802e+02
   3.3022469e+02   3.5720803e+02
   3.4955897e+02   3.3270995e+02
   3.5597587e+02   3.0202621e+02
   3.6030433e+02   2.7101480e+02
   3.6484524e+02   2.3985482e+02
   3.6427255e+02   2.0865040e+02
   1.4998860e+02   1.9526303e+02
   1.6346068e+02   1.7910537e+02
   1.8448448e+02   1.7519311e+02
   2.0621806e+02   1.7639467e+02
   2.2680159e+02   1.8223456e+02
   2.6510226e+02   1.8670279e+02
   2.8664572e+02   1.8135459e+02
   3.0895265e+02   1.8133580e+02
   3.3011053e+02   1.8702767e+02
   3.4305938e+02   2.0415882e+02
   2.4945835e+02   2.0230606e+02
   2.4855842e+02   2.2234307e+02
   2.4797705e+02   2.4208631e+02
   2.4689022e+02   2.6195990e+02
   2.2317872e+02   2.8454011e+02
   2.3495981e+02   2.8665372e+02
   2.4673086e+02   2.8749297e+02
   2.5891869e+02   2.8717265e+02
   2.7080287e+02   2.8505235e+02
   1.7523311e+02   2.1396303e+02
   1.9068957e+02   2.0427085e+02
   2.0870192e+02   2.0505182e+02
   2.2210133e+02   2.1693434e+02
   2.0620426e+02   2.1771842e+02
   1.9052022e+02   2.1729378e+02
   2.7114297e+02   2.2023249e+02
   2.8493135e+02   2.0817263e+02
   3.0345263e+02   2.0807854e+02
   3.1868451e+02   2.1829696e+02
   3.0290944e+02   2.2085820e+02
   2.8700249e+02   2.2071623e+02
   1.9690743e+02   3.1498070e+02
   2.1473154e+02   3.1334448e+02
   2.3266563e+02   3.1295358e+02
   2.5043687e+02   3.1301701e+02
   2.6724928e+02   3.1241021e+02
   2.8404349e+02   3.1355195e+02
   3.0055280e+02   3.1588707e+02
   2.8530533e+02   3.2778220e+02
   2.6879958e+02   3.3767923e+02
   2.5017036e+02   3.4148924e+02
   2.2986063e+02   3.3900481e+02
   2.1206696e+02   3.2884835e+02
   2.1028260e+02   3.2097348e+02
   2.2365776e+02   3.2083642e+02
   2.5050269e+02   3.2288892e+02
   2.7593477e+02   3.2136641e+02
   2.8824378e+02   3.2149945e+02
   2.7556149e+02   3.2163248e+02
   2.5040274e+02   3.2308121e+02
   2.2322039e+02   3.2111054e+02
