   1.3280013e+02   2.0607364e+02
   1.3182004e+02   2.3758693e+02
   1.3387119e+02   2.6886422e+02
   1.3805868e+02   2.9992346e+02
   1.4497049e+02   3.3042947e+02
   1.6356761e+02   3.5571237e+02
   1.8635306e+02   3.7696792e+02
   2.1442419e+02   3.9059860e+02
   2.4534136e+02   3.9445499e+02
   2.7633618e+02   3.8982220e+02
   3.0440350e+02   3.7570547e+02
   3.3024807e+02   3.5755589e+02
   3.4946341e+02   3.3299437e+02
   3.5592783e+02   3.0222771e+02
   3.6023014e+02   2.7104480e+02
   3.6449615e+02   2.3980007e+02
   3.6412694e+02   2.0852926e+02
   1.4964655e+02   1.9543650e+02
   1.6308286e+02   1.7925735e+02
   1.8410086e+02   1.7530287e+02
   2.0582854e+02   1.7646215e+02
   2.2643873e+02   1.8224457e+02
   2.6484327e+02   1.8670496e+02
   2.8641112e+02   1.8131994e+02
   3.0873645e+02   1.8127224e+02
   3.2993139e+02   1.8692739e+02
   3.4285840e+02   2.0409073e+02
   2.4920868e+02   2.0234346e+02
   2.4833659e+02   2.2239834e+02
   2.4778290e+02   2.4215874e+02
   2.4672352e+02   2.6205033e+02
   2.2302461e+02   2.8468305e+02
   2.3487411e+02   2.8697057e+02
   2.4677520e+02   2.8759998e+02
   2.5905514e+02   2.8722960e+02
   2.7097423e+02   2.8493988e+02
   1.7490280e+02   2.1403039e+02
   1.9033860e+02   2.0420849e+02
   2.0842300e+02   2.0501949e+02
   2.2183730e+02   2.1699151e+02
   2.0592483e+02   2.1777636e+02
   1.9022162e+02   2.1734591e+02
   2.7093681e+02   2.2025378e+02
   2.8481846e+02   2.0812805e+02
   3.0333072e+02   2.0792311e+02
   3.1855217e+02   2.1830303e+02
   3.0273384e+02   2.2064394e+02
   2.8682605e+02   2.2048368e+02
   1.9866111e+02   3.1689469e+02
   2.1551765e+02   3.1370414e+02
   2.3268964e+02   3.1249385e+02
   2.4979605e+02   3.1285297e+02
   2.6658238e+02   3.1217964e+02
   2.8320892e+02   3.1374123e+02
   2.9942615e+02   3.1719630e+02
   2.8467551e+02   3.2903161e+02
   2.6844880e+02   3.3876295e+02
   2.5019384e+02   3.4238765e+02
   2.3046780e+02   3.4002844e+02
   2.1314661e+02   3.3046154e+02
   2.1154311e+02   3.2182149e+02
   2.2442511e+02   3.2166689e+02
   2.5017300e+02   3.2428117e+02
   2.7511987e+02   3.2221686e+02
   2.8727301e+02   3.2234688e+02
   2.7483880e+02   3.2247689e+02
   2.5012041e+02   3.2454164e+02
   2.2406900e+02   3.2197610e+02
