   1.4136815e+02   2.2394688e+02
   1.4448023e+02   2.6234805e+02
   1.5123252e+02   2.9992601e+02
   1.6334771e+02   3.3615626e+02
   1.7958399e+02   3.7075211e+02
   1.9950490e+02   4.0358101e+02
   2.2532290e+02   4.3151031e+02
   2.5993869e+02   4.4722003e+02
   2.9746498e+02   4.5251857e+02
   3.3535409e+02   4.4776393e+02
   3.7083142e+02   4.3496881e+02
   4.0079299e+02   4.1212769e+02
   4.2445848e+02   3.8258968e+02
   4.3864568e+02   3.4741111e+02
   4.4825235e+02   3.1087705e+02
   4.5372108e+02   2.7319352e+02
   4.5670906e+02   2.3570814e+02
   1.8571661e+02   1.8360537e+02
   2.0293351e+02   1.7375229e+02
   2.2284444e+02   1.7211005e+02
   2.4251623e+02   1.7628770e+02
   2.6094107e+02   1.8365721e+02
   3.2970359e+02   1.8508909e+02
   3.4940040e+02   1.7607672e+02
   3.7079807e+02   1.7269391e+02
   3.9226305e+02   1.7560076e+02
   4.1000296e+02   1.8745193e+02
   2.9439984e+02   2.0887071e+02
   2.9393344e+02   2.3677164e+02
   2.9333457e+02   2.6474046e+02
   2.9273174e+02   2.9239796e+02
   2.6594420e+02   3.1077705e+02
   2.7970248e+02   3.1321407e+02
   2.9346225e+02   3.1454837e+02
   3.0811612e+02   3.1363045e+02
   3.2255637e+02   3.1134701e+02
   2.0803227e+02   2.2490377e+02
   2.2426478e+02   2.1791056e+02
   2.4174960e+02   2.2012185e+02
   2.5633083e+02   2.2999457e+02
   2.3964613e+02   2.3076058e+02
   2.2303280e+02   2.3120790e+02
   3.3534987e+02   2.2959076e+02
   3.5070132e+02   2.1932615e+02
   3.6890457e+02   2.1726413e+02
   3.8575299e+02   2.2421888e+02
   3.6991380e+02   2.3084443e+02
   3.5259725e+02   2.3027400e+02
   2.5024946e+02   3.5546172e+02
   2.6366968e+02   3.4507593e+02
   2.7931474e+02   3.3868805e+02
   2.9600812e+02   3.3870062e+02
   3.1448564e+02   3.3786349e+02
   3.3196446e+02   3.4339401e+02
   3.4863372e+02   3.5117338e+02
   3.3115622e+02   3.5586707e+02
   3.1413336e+02   3.6233382e+02
   2.9636162e+02   3.6484912e+02
   2.8045943e+02   3.6437052e+02
   2.6515282e+02   3.6068615e+02
   2.6160007e+02   3.5037574e+02
   2.7295067e+02   3.5004371e+02
   2.9613942e+02   3.5014698e+02
   3.2254119e+02   3.4820687e+02
   3.3558746e+02   3.4843517e+02
   3.2225773e+02   3.4866348e+02
   2.9613018e+02   3.5072489e+02
   2.7284356e+02   3.5070778e+02
