   1.4163704e+02   2.2145150e+02
   1.4463801e+02   2.6112246e+02
   1.5170795e+02   3.0013993e+02
   1.6447818e+02   3.3758114e+02
   1.8164499e+02   3.7316117e+02
   2.0113600e+02   4.0776010e+02
   2.2980197e+02   4.3461470e+02
   2.6672902e+02   4.4821563e+02
   3.0600705e+02   4.5058263e+02
   3.4301124e+02   4.4498633e+02
   3.7702754e+02   4.3022853e+02
   4.0538108e+02   4.0632321e+02
   4.2708728e+02   3.7616698e+02
   4.4061066e+02   3.4171151e+02
   4.4925799e+02   3.0560842e+02
   4.5385645e+02   2.6851090e+02
   4.5638732e+02   2.3159990e+02
   1.8584544e+02   1.8309798e+02
   2.0302768e+02   1.7325846e+02
   2.2290120e+02   1.7161379e+02
   2.4253764e+02   1.7577828e+02
   2.6093032e+02   1.8312904e+02
   3.2956561e+02   1.8453936e+02
   3.4922339e+02   1.7553830e+02
   3.7058042e+02   1.7215588e+02
   3.9200636e+02   1.7505144e+02
   4.0971661e+02   1.8687573e+02
   2.9482524e+02   2.0871299e+02
   2.9459280e+02   2.3722227e+02
   2.9436419e+02   2.6572589e+02
   2.9436283e+02   2.9402507e+02
   2.6644501e+02   3.1106366e+02
   2.8141578e+02   3.1349739e+02
   2.9626773e+02   3.1482045e+02
   3.1119271e+02   3.1350149e+02
   3.2579494e+02   3.1082593e+02
   2.0770377e+02   2.2466673e+02
   2.2397573e+02   2.1785126e+02
   2.4157310e+02   2.1945821e+02
   2.5566083e+02   2.2971146e+02
   2.3916003e+02   2.3021087e+02
   2.2279406e+02   2.3057189e+02
   3.3469930e+02   2.2928701e+02
   3.5020006e+02   2.1883334e+02
   3.6858777e+02   2.1663116e+02
   3.8589651e+02   2.2334847e+02
   3.6992576e+02   2.3016858e+02
   3.5219879e+02   2.2961757e+02
   2.5339866e+02   3.5506426e+02
   2.6820875e+02   3.4497750e+02
   2.8466649e+02   3.3856057e+02
   3.0222594e+02   3.3772737e+02
   3.2163243e+02   3.3716094e+02
   3.4048430e+02   3.4095649e+02
   3.5904061e+02   3.4651972e+02
   3.3972343e+02   3.4981515e+02
   3.2202179e+02   3.5847851e+02
   3.0317167e+02   3.6347583e+02
   2.8619755e+02   3.6298232e+02
   2.6953626e+02   3.5993033e+02
   2.6563122e+02   3.5015377e+02
   2.7786377e+02   3.4987764e+02
   3.0245703e+02   3.4823427e+02
   3.3068945e+02   3.4490345e+02
   3.4486503e+02   3.4515533e+02
   3.3042991e+02   3.4540722e+02
   3.0244491e+02   3.4890725e+02
   2.7769563e+02   3.5042989e+02
