   1.4109533e+02   2.2227683e+02
   1.4442675e+02   2.6183099e+02
   1.5140274e+02   3.0041972e+02
   1.6411247e+02   3.3784872e+02
   1.8114496e+02   3.7323960e+02
   2.0076485e+02   4.0738267e+02
   2.2856478e+02   4.3461237e+02
   2.6523082e+02   4.4920138e+02
   3.0409032e+02   4.5209404e+02
   3.4138984e+02   4.4613128e+02
   3.7568416e+02   4.3174601e+02
   4.0456456e+02   4.0785073e+02
   4.2656003e+02   3.7784061e+02
   4.3982320e+02   3.4305499e+02
   4.4941503e+02   3.0679624e+02
   4.5409158e+02   2.6943269e+02
   4.5650813e+02   2.3237288e+02
   1.8562055e+02   1.8372079e+02
   2.0280849e+02   1.7386825e+02
   2.2269276e+02   1.7221414e+02
   2.4234229e+02   1.7637264e+02
   2.6074871e+02   1.8371978e+02
   3.2942417e+02   1.8510159e+02
   3.4908944e+02   1.7608694e+02
   3.7045733e+02   1.7269345e+02
   3.9189686e+02   1.7558152e+02
   4.0962237e+02   1.8740506e+02
   2.9447582e+02   2.0928720e+02
   2.9401568e+02   2.3735075e+02
   2.9399428e+02   2.6554794e+02
   2.9399293e+02   2.9343786e+02
   2.6706045e+02   3.1169957e+02
   2.8152728e+02   3.1415696e+02
   2.9591381e+02   3.1554446e+02
   3.1028875e+02   3.1452241e+02
   3.2429329e+02   3.1169921e+02
   2.0752436e+02   2.2529067e+02
   2.2379995e+02   2.1845824e+02
   2.4140368e+02   2.2008054e+02
   2.5552051e+02   2.3031833e+02
   2.3900520e+02   2.3083514e+02
   2.2262217e+02   2.3120694e+02
   3.3459829e+02   2.2986007e+02
   3.5009720e+02   2.1940145e+02
   3.6848676e+02   2.1719552e+02
   3.8579075e+02   2.2391802e+02
   3.6981938e+02   2.3074125e+02
   3.5209810e+02   2.3019641e+02
   2.5311818e+02   3.5498323e+02
   2.6786913e+02   3.4497367e+02
   2.8426005e+02   3.3841395e+02
   3.0167506e+02   3.3814816e+02
   3.2064644e+02   3.3768252e+02
   3.3879348e+02   3.4282994e+02
   3.5697348e+02   3.4824025e+02
   3.3811045e+02   3.5119512e+02
   3.2099627e+02   3.5956210e+02
   3.0263532e+02   3.6411097e+02
   2.8562139e+02   3.6402039e+02
   2.6901161e+02   3.6054482e+02
   2.6537182e+02   3.5047892e+02
   2.7762545e+02   3.5022688e+02
   3.0215260e+02   3.4872784e+02
   3.2956334e+02   3.4631709e+02
   3.4326841e+02   3.4656107e+02
   3.2928925e+02   3.4680505e+02
   3.0212755e+02   3.4961990e+02
   2.7738611e+02   3.5073095e+02
