   2.0926863e+02   2.4539609e+02
   2.1217830e+02   2.6916787e+02
   2.1654752e+02   2.9271771e+02
   2.2409940e+02   3.1549073e+02
   2.3267997e+02   3.3796040e+02
   2.4654992e+02   3.5727476e+02
   2.6566420e+02   3.7159342e+02
   2.8793358e+02   3.7975265e+02
   3.1170637e+02   3.8024787e+02
   3.3496069e+02   3.7841476e+02
   3.5473335e+02   3.6614039e+02
   3.7195513e+02   3.5014028e+02
   3.8394505e+02   3.3007793e+02
   3.9044917e+02   3.0746760e+02
   3.9435037e+02   2.8418323e+02
   3.9780628e+02   2.6112758e+02
   3.9958646e+02   2.3769939e+02
   2.2698433e+02   2.2134670e+02
   2.4047089e+02   2.1394309e+02
   2.5581832e+02   2.1173553e+02
   2.7131223e+02   2.1036732e+02
   2.8635688e+02   2.1342784e+02
   3.0939068e+02   2.1285921e+02
   3.2521652e+02   2.0766168e+02
   3.4149147e+02   2.0521761e+02
   3.5783972e+02   2.0731010e+02
   3.7285130e+02   2.1391030e+02
   2.9860654e+02   2.3060010e+02
   2.9948105e+02   2.4397661e+02
   3.0001889e+02   2.5720009e+02
   3.0074658e+02   2.7041780e+02
   2.8109928e+02   2.8291511e+02
   2.9149468e+02   2.8624753e+02
   3.0224397e+02   2.8689646e+02
   3.1209784e+02   2.8562869e+02
   3.2121347e+02   2.8171512e+02
   2.3965053e+02   2.3632238e+02
   2.4966557e+02   2.2947124e+02
   2.6198315e+02   2.2868285e+02
   2.7375064e+02   2.3191199e+02
   2.6255158e+02   2.3472114e+02
   2.5101934e+02   2.3553272e+02
   3.2563071e+02   2.3056075e+02
   3.3696516e+02   2.2602968e+02
   3.4914012e+02   2.2654375e+02
   3.5975984e+02   2.3221055e+02
   3.4827081e+02   2.3252016e+02
   3.3691262e+02   2.3229292e+02
   2.7714798e+02   3.1651414e+02
   2.8473064e+02   3.1098283e+02
   2.9379750e+02   3.0874340e+02
   3.0316939e+02   3.0925423e+02
   3.1268466e+02   3.0904069e+02
   3.2197931e+02   3.1074577e+02
   3.2994870e+02   3.1570180e+02
   3.2151394e+02   3.1844005e+02
   3.1290074e+02   3.2031823e+02
   3.0413710e+02   3.2081533e+02
   2.9500094e+02   3.2012482e+02
   2.8598325e+02   3.1848861e+02
   2.8000854e+02   3.1652658e+02
   2.9138922e+02   3.1274599e+02
   3.0330760e+02   3.1197626e+02
   3.1291666e+02   3.1208105e+02
   3.2218458e+02   3.1401436e+02
   3.1279538e+02   3.1304226e+02
   3.0342689e+02   3.1305022e+02
   2.9147494e+02   3.1375399e+02
