   2.0932681e+02   2.4566572e+02
   2.1190701e+02   2.6949616e+02
   2.1638711e+02   2.9278587e+02
   2.2335711e+02   3.1577889e+02
   2.3229992e+02   3.3777038e+02
   2.4568081e+02   3.5731690e+02
   2.6458215e+02   3.7173409e+02
   2.8682901e+02   3.8026041e+02
   3.1037942e+02   3.8054075e+02
   3.3402867e+02   3.7885394e+02
   3.5490939e+02   3.6826475e+02
   3.7142699e+02   3.5121392e+02
   3.8389925e+02   3.3129573e+02
   3.9034811e+02   3.0846694e+02
   3.9442310e+02   2.8510314e+02
   3.9786531e+02   2.6157937e+02
   3.9954161e+02   2.3809699e+02
   2.2716445e+02   2.2245809e+02
   2.4000618e+02   2.1373934e+02
   2.5559653e+02   2.1090852e+02
   2.7114832e+02   2.0917247e+02
   2.8631985e+02   2.1265003e+02
   3.0688889e+02   2.0933977e+02
   3.2372922e+02   2.0671132e+02
   3.4054628e+02   2.0359812e+02
   3.5735504e+02   2.0658555e+02
   3.7244991e+02   2.1428178e+02
   2.9891960e+02   2.3188275e+02
   2.9948894e+02   2.4508646e+02
   3.0002895e+02   2.5807805e+02
   3.0031092e+02   2.7114035e+02
   2.8530191e+02   2.9079254e+02
   2.9381547e+02   2.9265059e+02
   3.0246120e+02   2.9300307e+02
   3.1138220e+02   2.9219903e+02
   3.1993115e+02   2.9004520e+02
   2.3969633e+02   2.3670539e+02
   2.4976758e+02   2.3000062e+02
   2.6203113e+02   2.2922734e+02
   2.7384914e+02   2.3221490e+02
   2.6260320e+02   2.3489256e+02
   2.5106555e+02   2.3571335e+02
   3.2560652e+02   2.3077419e+02
   3.3696851e+02   2.2647790e+02
   3.4904224e+02   2.2702923e+02
   3.5963040e+02   2.3256239e+02
   3.4816079e+02   2.3269045e+02
   3.3685212e+02   2.3244433e+02
   2.7556630e+02   3.2275900e+02
   2.8325560e+02   3.1617617e+02
   2.9290144e+02   3.1324688e+02
   3.0303296e+02   3.1351446e+02
   3.1331412e+02   3.1392621e+02
   3.2321820e+02   3.1627273e+02
   3.3194079e+02   3.2146266e+02
   3.2405408e+02   3.2735198e+02
   3.1425991e+02   3.2923995e+02
   3.0435670e+02   3.3022930e+02
   2.9412189e+02   3.2955075e+02
   2.8409384e+02   3.2780803e+02
   2.8527077e+02   3.2013739e+02
   2.9424355e+02   3.1869087e+02
   3.0334555e+02   3.1858820e+02
   3.1201134e+02   3.1860052e+02
   3.2058331e+02   3.1959804e+02
   3.1194939e+02   3.2002980e+02
   3.0336407e+02   3.2001879e+02
   2.9425945e+02   3.2012325e+02
