   2.0930245e+02   2.4576967e+02
   2.1187740e+02   2.6959990e+02
   2.1636166e+02   2.9288411e+02
   2.2331580e+02   3.1588080e+02
   2.3227455e+02   3.3785170e+02
   2.4562872e+02   3.5741390e+02
   2.6452042e+02   3.7183609e+02
   2.8676617e+02   3.8037872e+02
   3.1030611e+02   3.8064775e+02
   3.3397571e+02   3.7895658e+02
   3.5491519e+02   3.6843464e+02
   3.7140608e+02   3.5133708e+02
   3.8389784e+02   3.3141249e+02
   3.9033724e+02   3.0856754e+02
   3.9440979e+02   2.8519153e+02
   3.9785025e+02   2.6164260e+02
   3.9950849e+02   2.3814902e+02
   2.2709706e+02   2.2249366e+02
   2.3990607e+02   2.1369376e+02
   2.5551506e+02   2.1083893e+02
   2.7108635e+02   2.0908641e+02
   2.8626254e+02   2.1261177e+02
   3.0683907e+02   2.0922127e+02
   3.2371943e+02   2.0663419e+02
   3.4057302e+02   2.0352975e+02
   3.5740562e+02   2.0657397e+02
   3.7249653e+02   2.1434799e+02
   2.9890850e+02   2.3198645e+02
   2.9947074e+02   2.4520101e+02
   3.0000965e+02   2.5820464e+02
   3.0028820e+02   2.7127978e+02
   2.8541313e+02   2.9120673e+02
   2.9386480e+02   2.9299745e+02
   3.0243716e+02   2.9333081e+02
   3.1131545e+02   2.9255996e+02
   3.1983814e+02   2.9049324e+02
   2.3966890e+02   2.3678181e+02
   2.4972564e+02   2.3004438e+02
   2.6199905e+02   2.2926642e+02
   2.7380375e+02   2.3230503e+02
   2.6256996e+02   2.3501285e+02
   2.5103551e+02   2.3583302e+02
   3.2557935e+02   2.3087774e+02
   3.3693350e+02   2.2652882e+02
   3.4902776e+02   2.2707053e+02
   3.5962153e+02   2.3263092e+02
   3.4814902e+02   2.3280045e+02
   3.3683119e+02   2.3255989e+02
   2.7552076e+02   3.2312472e+02
   2.8319580e+02   3.1648625e+02
   2.9285880e+02   3.1352050e+02
   3.0301592e+02   3.1378937e+02
   3.1332545e+02   3.1421701e+02
   3.2324861e+02   3.1659712e+02
   3.3199314e+02   3.2180612e+02
   3.2413595e+02   3.2782651e+02
   3.1430002e+02   3.2972347e+02
   3.0435368e+02   3.3071960e+02
   2.9408384e+02   3.3005146e+02
   2.8402458e+02   3.2830026e+02
   2.8552669e+02   3.2039093e+02
   2.9437544e+02   3.1903960e+02
   3.0333680e+02   3.1896191e+02
   3.1195022e+02   3.1897241e+02
   3.2047883e+02   3.1992225e+02
   3.1189039e+02   3.2041465e+02
   3.0335121e+02   3.2040601e+02
   2.9438796e+02   3.2048639e+02
