   2.0922450e+02   2.4537535e+02
   2.1182368e+02   2.6923695e+02
   2.1633121e+02   2.9256556e+02
   2.2328158e+02   3.1559308e+02
   2.3231607e+02   3.3753094e+02
   2.4558230e+02   3.5720318e+02
   2.6447471e+02   3.7166919e+02
   2.8675750e+02   3.8028280e+02
   3.1029999e+02   3.8050192e+02
   3.3409575e+02   3.7874807e+02
   3.5531870e+02   3.6841695e+02
   3.7175815e+02   3.5111846e+02
   3.8433255e+02   3.3108509e+02
   3.9072013e+02   3.0811577e+02
   3.9474998e+02   2.8462053e+02
   3.9818283e+02   2.6092191e+02
   3.9972541e+02   2.3731252e+02
   2.2671135e+02   2.2141205e+02
   2.3940919e+02   2.1221787e+02
   2.5514228e+02   2.0928328e+02
   2.7087502e+02   2.0746580e+02
   2.8609233e+02   2.1127716e+02
   3.0717173e+02   2.0774576e+02
   3.2420717e+02   2.0502686e+02
   3.4126876e+02   2.0209045e+02
   3.5823058e+02   2.0540583e+02
   3.7330700e+02   2.1358048e+02
   2.9904531e+02   2.3138419e+02
   2.9960912e+02   2.4473117e+02
   3.0014240e+02   2.5788544e+02
   3.0047247e+02   2.7110440e+02
   2.8578424e+02   2.9189370e+02
   2.9411043e+02   2.9343804e+02
   3.0251021e+02   2.9368008e+02
   3.1124637e+02   2.9307323e+02
   3.1968610e+02   2.9134817e+02
   2.3962396e+02   2.3614598e+02
   2.4958185e+02   2.2913063e+02
   2.6195876e+02   2.2831266e+02
   2.7367907e+02   2.3177068e+02
   2.6252258e+02   2.3472848e+02
   2.5099180e+02   2.3554559e+02
   3.2570231e+02   2.3044740e+02
   3.3701402e+02   2.2566318e+02
   3.4929790e+02   2.2612724e+02
   3.5995810e+02   2.3191868e+02
   3.4844046e+02   2.3242501e+02
   3.3702657e+02   2.3222962e+02
   2.7569157e+02   3.2378748e+02
   2.8325688e+02   3.1690274e+02
   2.9296624e+02   3.1377740e+02
   3.0320305e+02   3.1409540e+02
   3.1361193e+02   3.1453471e+02
   3.2359199e+02   3.1705754e+02
   3.3238848e+02   3.2237573e+02
   3.2464384e+02   3.2884517e+02
   3.1468068e+02   3.3081150e+02
   3.0458977e+02   3.3177857e+02
   2.9422735e+02   3.3118527e+02
   2.8408897e+02   3.2938775e+02
   2.8678786e+02   3.2066171e+02
   2.9514317e+02   3.1961707e+02
   3.0355731e+02   3.1961076e+02
   3.1195886e+02   3.1962225e+02
   3.2030039e+02   3.2037866e+02
   3.1190487e+02   3.2108425e+02
   3.0355866e+02   3.2109721e+02
   2.9514273e+02   3.2110158e+02
