   2.0518467e+02   2.0222050e+02
   2.1063280e+02   2.3362902e+02
   2.1880571e+02   2.6437770e+02
   2.2772023e+02   2.9482760e+02
   2.3868577e+02   3.2456538e+02
   2.5373663e+02   3.5242699e+02
   2.7305178e+02   3.7797171e+02
   2.9609077e+02   3.9986141e+02
   3.2584482e+02   4.0772460e+02
   3.5563421e+02   4.0055914e+02
   3.7680268e+02   3.7711253e+02
   3.9684164e+02   3.5253156e+02
   4.0964653e+02   3.2403435e+02
   4.1920444e+02   2.9382468e+02
   4.2694699e+02   2.6348490e+02
   4.3358251e+02   2.3271702e+02
   4.3723615e+02   2.0148853e+02
   2.2292702e+02   1.5854148e+02
   2.3264230e+02   1.4039577e+02
   2.4837829e+02   1.2732614e+02
   2.6866184e+02   1.2585927e+02
   2.8881826e+02   1.2372991e+02
   3.4371293e+02   1.1866228e+02
   3.6533904e+02   1.1816111e+02
   3.8685414e+02   1.1936872e+02
   4.0426051e+02   1.3162481e+02
   4.1254605e+02   1.5128161e+02
   3.1813149e+02   1.5470327e+02
   3.1759154e+02   1.7588530e+02
   3.1727286e+02   1.9680749e+02
   3.1600106e+02   2.1780645e+02
   2.9853257e+02   2.4796041e+02
   3.0804010e+02   2.4374515e+02
   3.1808790e+02   2.4211791e+02
   3.2991875e+02   2.4353424e+02
   3.4091928e+02   2.4748168e+02
   2.5009594e+02   1.7210379e+02
   2.6223756e+02   1.5982691e+02
   2.7977039e+02   1.6172476e+02
   2.9031364e+02   1.7549008e+02
   2.7634069e+02   1.8145105e+02
   2.6128692e+02   1.8172490e+02
   3.4922754e+02   1.7469990e+02
   3.6002047e+02   1.6017592e+02
   3.7785144e+02   1.5668682e+02
   3.9099237e+02   1.6830571e+02
   3.7938583e+02   1.7814073e+02
   3.6406385e+02   1.7880244e+02
   2.8798570e+02   3.0780841e+02
   2.9061226e+02   2.8682600e+02
   3.0050780e+02   2.6856754e+02
   3.1969643e+02   2.6528131e+02
   3.4050893e+02   2.6828106e+02
   3.5249064e+02   2.8639389e+02
   3.5699262e+02   3.0824272e+02
   3.5171570e+02   3.3255688e+02
   3.4370539e+02   3.5590715e+02
   3.2253830e+02   3.6562869e+02
   3.0019235e+02   3.5667142e+02
   2.9163667e+02   3.3309562e+02
   2.9484909e+02   3.0827134e+02
   3.0301321e+02   2.8722921e+02
   3.2083951e+02   2.7651236e+02
   3.4076080e+02   2.8671586e+02
   3.5066252e+02   3.0752880e+02
   3.4081739e+02   3.3246226e+02
   3.2160647e+02   3.4839627e+02
   3.0413406e+02   3.3172298e+02
