   2.0592956e+02   2.0181282e+02
   2.1066631e+02   2.3015874e+02
   2.1763001e+02   2.5775459e+02
   2.2513291e+02   2.8532046e+02
   2.3726891e+02   3.1141316e+02
   2.5159773e+02   3.3588113e+02
   2.7506501e+02   3.5218248e+02
   3.0100642e+02   3.6421171e+02
   3.2894509e+02   3.6415447e+02
   3.5651661e+02   3.6321713e+02
   3.8111303e+02   3.5040545e+02
   4.0164726e+02   3.3192850e+02
   4.1809892e+02   3.0956640e+02
   4.2691231e+02   2.8328332e+02
   4.3055758e+02   2.5580068e+02
   4.3468748e+02   2.2841025e+02
   4.3771533e+02   2.0100530e+02
   2.2941048e+02   1.7815993e+02
   2.4064369e+02   1.6653799e+02
   2.5760603e+02   1.6462514e+02
   2.7442302e+02   1.6304541e+02
   2.9121328e+02   1.6144825e+02
   3.4749051e+02   1.5679356e+02
   3.6624294e+02   1.5567931e+02
   3.8481816e+02   1.5364164e+02
   4.0209724e+02   1.6003101e+02
   4.1444759e+02   1.7381058e+02
   3.2081127e+02   1.8294271e+02
   3.2069856e+02   2.0390287e+02
   3.1984952e+02   2.2455424e+02
   3.1923679e+02   2.4523549e+02
   2.9644860e+02   2.5925083e+02
   3.0813760e+02   2.6192338e+02
   3.1953026e+02   2.6514162e+02
   3.3226104e+02   2.6105582e+02
   3.4543574e+02   2.6039176e+02
   2.5104180e+02   1.9077054e+02
   2.6511271e+02   1.8182504e+02
   2.8161565e+02   1.8238259e+02
   2.9287044e+02   1.9408310e+02
   2.7858303e+02   1.9767960e+02
   2.6402988e+02   1.9705016e+02
   3.5044970e+02   1.9260731e+02
   3.6073497e+02   1.7890562e+02
   3.7762531e+02   1.7544155e+02
   3.9121693e+02   1.8525329e+02
   3.7947983e+02   1.9326310e+02
   3.6492068e+02   1.9349122e+02
   2.8585681e+02   2.9708418e+02
   2.9598274e+02   2.8660706e+02
   3.1014584e+02   2.8209478e+02
   3.2454144e+02   2.8429927e+02
   3.3913184e+02   2.8193240e+02
   3.5386942e+02   2.8508522e+02
   3.6655215e+02   2.9242937e+02
   3.5609219e+02   3.0419136e+02
   3.4176947e+02   3.1090106e+02
   3.2614208e+02   3.1133206e+02
   3.1131493e+02   3.1077532e+02
   2.9708531e+02   3.0595626e+02
   2.9219623e+02   2.9642817e+02
   3.0871730e+02   2.9269541e+02
   3.2532360e+02   2.9506487e+02
   3.4262890e+02   2.9151803e+02
   3.6002232e+02   2.9208329e+02
   3.4265449e+02   2.9281269e+02
   3.2549453e+02   2.9506600e+02
   3.0876818e+02   2.9379773e+02
