   2.0512521e+02   2.0269628e+02
   2.1052099e+02   2.3396823e+02
   2.1861883e+02   2.6457742e+02
   2.2744878e+02   2.9490102e+02
   2.3845464e+02   3.2447894e+02
   2.5345729e+02   3.5219393e+02
   2.7296345e+02   3.7731773e+02
   2.9613734e+02   3.9875797e+02
   3.2581044e+02   4.0626317e+02
   3.5550104e+02   3.9941294e+02
   3.7684726e+02   3.7648653e+02
   3.9692706e+02   3.5220625e+02
   4.0992463e+02   3.2400741e+02
   4.1946708e+02   2.9398519e+02
   4.2703419e+02   2.6377837e+02
   4.3357013e+02   2.3316848e+02
   4.3721349e+02   2.0211835e+02
   2.2316301e+02   1.5998141e+02
   2.3296122e+02   1.4215142e+02
   2.4876113e+02   1.2962407e+02
   2.6888425e+02   1.2816314e+02
   2.8888506e+02   1.2607041e+02
   3.4386062e+02   1.2105969e+02
   3.6535459e+02   1.2054203e+02
   3.8673483e+02   1.2160751e+02
   4.0413410e+02   1.3359739e+02
   4.1260605e+02   1.5298544e+02
   3.1820290e+02   1.5661713e+02
   3.1766899e+02   1.7779291e+02
   3.1731080e+02   1.9870602e+02
   3.1605616e+02   2.1969376e+02
   2.9831909e+02   2.4906707e+02
   3.0793153e+02   2.4518815e+02
   3.1804386e+02   2.4379997e+02
   3.2992271e+02   2.4496209e+02
   3.4102972e+02   2.4869866e+02
   2.5006419e+02   1.7351612e+02
   2.6230692e+02   1.6140544e+02
   2.7979375e+02   1.6325088e+02
   2.9036516e+02   1.7692798e+02
   2.7637164e+02   1.8276742e+02
   2.6133901e+02   1.8298819e+02
   3.4922863e+02   1.7614412e+02
   3.6000893e+02   1.6166344e+02
   3.7780104e+02   1.5818634e+02
   3.9095951e+02   1.6973050e+02
   3.7933872e+02   1.7947232e+02
   3.6404981e+02   1.8010347e+02
   2.8774081e+02   3.0786767e+02
   2.9073432e+02   2.8738969e+02
   3.0083991e+02   2.6979417e+02
   3.1980219e+02   2.6677990e+02
   3.4032281e+02   2.6953393e+02
   3.5243583e+02   2.8694501e+02
   3.5732415e+02   3.0811295e+02
   3.5178951e+02   3.3182513e+02
   3.4347010e+02   3.5437514e+02
   3.2256263e+02   3.6364346e+02
   3.0057241e+02   3.5507551e+02
   2.9174795e+02   3.3238239e+02
   2.9458097e+02   3.0828153e+02
   3.0315002e+02   2.8807352e+02
   3.2092089e+02   2.7799162e+02
   3.4072289e+02   2.8755162e+02
   3.5098342e+02   3.0741204e+02
   3.4077454e+02   3.3118184e+02
   3.2165533e+02   3.4645316e+02
   3.0421667e+02   3.3050164e+02
