   2.4893560e+02   2.0013365e+02
   2.4953169e+02   2.2726582e+02
   2.5607400e+02   2.5364370e+02
   2.6324832e+02   2.7991326e+02
   2.7205530e+02   3.0571133e+02
   2.8642641e+02   3.2876297e+02
   3.0491965e+02   3.4829626e+02
   3.2902671e+02   3.6080996e+02
   3.5556955e+02   3.6537700e+02
   3.8111544e+02   3.5941608e+02
   4.0166488e+02   3.4228854e+02
   4.2032387e+02   3.2348100e+02
   4.3292104e+02   3.0000486e+02
   4.3959749e+02   2.7432177e+02
   4.4407197e+02   2.4799999e+02
   4.4620779e+02   2.2135839e+02
   4.4391832e+02   1.9497587e+02
   2.6278538e+02   1.7871917e+02
   2.7340116e+02   1.6880353e+02
   2.8817554e+02   1.6772105e+02
   3.0309243e+02   1.6960651e+02
   3.1756081e+02   1.7269460e+02
   3.6024808e+02   1.6742125e+02
   3.7448450e+02   1.6220097e+02
   3.8954315e+02   1.6026363e+02
   4.0471467e+02   1.5877029e+02
   4.1917847e+02   1.6215364e+02
   3.4437496e+02   1.8932495e+02
   3.4586326e+02   2.0821659e+02
   3.4628439e+02   2.2709310e+02
   3.4662140e+02   2.4598779e+02
   3.3019550e+02   2.5809393e+02
   3.3889260e+02   2.6051804e+02
   3.4786327e+02   2.6097462e+02
   3.5817926e+02   2.5946505e+02
   3.6792294e+02   2.5621101e+02
   2.8770865e+02   2.0139281e+02
   2.9711923e+02   1.9184929e+02
   3.1064171e+02   1.9156816e+02
   3.1981727e+02   2.0102642e+02
   3.0943777e+02   2.0615503e+02
   2.9801836e+02   2.0635832e+02
   3.7005881e+02   1.9764447e+02
   3.7948898e+02   1.8762233e+02
   3.9332157e+02   1.8654831e+02
   4.0367909e+02   1.9538988e+02
   3.9340831e+02   2.0082901e+02
   3.8150853e+02   2.0032564e+02
   3.1199884e+02   3.0655929e+02
   3.2315494e+02   2.9634407e+02
   3.3667053e+02   2.8959510e+02
   3.5131496e+02   2.9086173e+02
   3.6634926e+02   2.8859422e+02
   3.8073056e+02   2.9356589e+02
   3.9321605e+02   3.0219643e+02
   3.7906762e+02   3.0581248e+02
   3.6553350e+02   3.1156336e+02
   3.5118885e+02   3.1304991e+02
   3.3788850e+02   3.1215270e+02
   3.2507998e+02   3.0836446e+02
   3.2985203e+02   3.0043045e+02
   3.4052099e+02   2.9668435e+02
   3.5172117e+02   2.9686615e+02
   3.6399920e+02   2.9566939e+02
   3.7593806e+02   2.9831014e+02
   3.6360551e+02   3.0047311e+02
   3.5132515e+02   3.0156865e+02
   3.4054918e+02   3.0121376e+02
