   2.4896492e+02   1.9986831e+02
   2.4959307e+02   2.2721185e+02
   2.5620839e+02   2.5379273e+02
   2.6338379e+02   2.8007856e+02
   2.7234036e+02   3.0605456e+02
   2.8694905e+02   3.2921003e+02
   3.0575575e+02   3.4871307e+02
   3.3035915e+02   3.6063990e+02
   3.5714842e+02   3.6483803e+02
   3.8206246e+02   3.5730952e+02
   4.0224931e+02   3.4023669e+02
   4.2077158e+02   3.2150836e+02
   4.3351514e+02   2.9855293e+02
   4.3990505e+02   2.7316453e+02
   4.4430357e+02   2.4701567e+02
   4.4634232e+02   2.2093802e+02
   4.4405348e+02   1.9473127e+02
   2.6282475e+02   1.7844395e+02
   2.7377239e+02   1.6879942e+02
   2.8838106e+02   1.6739312e+02
   3.0315748e+02   1.6928295e+02
   3.1763048e+02   1.7242273e+02
   3.6034142e+02   1.6715168e+02
   3.7458615e+02   1.6193030e+02
   3.8965316e+02   1.5999373e+02
   4.0483305e+02   1.5850142e+02
   4.1930424e+02   1.6188833e+02
   3.4445709e+02   1.8906529e+02
   3.4594391e+02   2.0796731e+02
   3.4636299e+02   2.2685405e+02
   3.4669791e+02   2.4575898e+02
   3.3043344e+02   2.5604739e+02
   3.3952758e+02   2.5885373e+02
   3.4883979e+02   2.6007905e+02
   3.5900010e+02   2.5759850e+02
   3.6894659e+02   2.5453580e+02
   2.8775875e+02   2.0113282e+02
   2.9715390e+02   1.9247519e+02
   3.1011509e+02   1.9254858e+02
   3.1988474e+02   2.0077011e+02
   3.0935381e+02   2.0546270e+02
   2.9803432e+02   2.0591578e+02
   3.7015380e+02   1.9739240e+02
   3.7959026e+02   1.8736598e+02
   3.9343045e+02   1.8629305e+02
   4.0379249e+02   1.9514065e+02
   3.9311382e+02   1.9936620e+02
   3.8154255e+02   1.9894126e+02
   3.1125498e+02   2.9900893e+02
   3.2421260e+02   2.9246276e+02
   3.3703213e+02   2.8556158e+02
   3.5056242e+02   2.8871327e+02
   3.6500242e+02   2.8469244e+02
   3.7927591e+02   2.9030989e+02
   3.9313946e+02   2.9654663e+02
   3.8037539e+02   3.0455211e+02
   3.6683827e+02   3.1098257e+02
   3.5214852e+02   3.1343145e+02
   3.3751949e+02   3.1193544e+02
   3.2386145e+02   3.0635648e+02
   3.2921133e+02   2.9847412e+02
   3.4061939e+02   2.9811406e+02
   3.5194369e+02   2.9878587e+02
   3.6441684e+02   2.9695606e+02
   3.7686771e+02   2.9721981e+02
   3.6405078e+02   2.9782697e+02
   3.5156581e+02   2.9964722e+02
   3.4034899e+02   2.9923800e+02
