   2.4896975e+02   1.9976493e+02
   2.4957912e+02   2.2712391e+02
   2.5617974e+02   2.5372381e+02
   2.6334529e+02   2.8003927e+02
   2.7228554e+02   3.0603662e+02
   2.8688034e+02   3.2921850e+02
   3.0567537e+02   3.4875464e+02
   3.3026747e+02   3.6074232e+02
   3.5706664e+02   3.6498269e+02
   3.8204617e+02   3.5755123e+02
   4.0228440e+02   3.4047132e+02
   4.2084467e+02   3.2173188e+02
   4.3360713e+02   2.9873256e+02
   4.4003578e+02   2.7330647e+02
   4.4445967e+02   2.4712484e+02
   4.4652251e+02   2.2099085e+02
   4.4424816e+02   1.9474683e+02
   2.6285644e+02   1.7832888e+02
   2.7352934e+02   1.6830993e+02
   2.8835068e+02   1.6694973e+02
   3.0326702e+02   1.6863576e+02
   3.1771840e+02   1.7233669e+02
   3.6047354e+02   1.6708772e+02
   3.7473521e+02   1.6187039e+02
   3.8981786e+02   1.5994153e+02
   4.0501321e+02   1.5845743e+02
   4.1949610e+02   1.6185677e+02
   3.4456011e+02   1.8901220e+02
   3.4603635e+02   2.0793324e+02
   3.4644384e+02   2.2683831e+02
   3.4676708e+02   2.4576153e+02
   3.3047124e+02   2.5615248e+02
   3.3933618e+02   2.5890663e+02
   3.4846189e+02   2.5972553e+02
   3.5888371e+02   2.5774419e+02
   3.6897886e+02   2.5464328e+02
   2.8779988e+02   2.0105528e+02
   2.9721956e+02   1.9199011e+02
   3.1045211e+02   1.9191116e+02
   3.1995682e+02   2.0071262e+02
   3.0942115e+02   2.0542770e+02
   2.9808449e+02   2.0585986e+02
   3.7027611e+02   1.9736359e+02
   3.7972796e+02   1.8733357e+02
   3.9358206e+02   1.8626840e+02
   4.0394840e+02   1.9513104e+02
   3.9327982e+02   1.9942244e+02
   3.8168114e+02   1.9907365e+02
   3.1164374e+02   3.0137239e+02
   3.2422056e+02   2.9380900e+02
   3.3716760e+02   2.8690100e+02
   3.5098382e+02   2.8964495e+02
   3.6546615e+02   2.8607357e+02
   3.7966969e+02   2.9124759e+02
   3.9304938e+02   2.9811886e+02
   3.7974346e+02   3.0501843e+02
   3.6605729e+02   3.1121460e+02
   3.5138169e+02   3.1370398e+02
   3.3743119e+02   3.1193050e+02
   3.2423191e+02   3.0717057e+02
   3.2867831e+02   2.9914291e+02
   3.4022672e+02   2.9748313e+02
   3.5191663e+02   2.9787686e+02
   3.6445697e+02   2.9635105e+02
   3.7688560e+02   2.9734141e+02
   3.6412704e+02   2.9885936e+02
   3.5152841e+02   3.0048904e+02
   3.4003374e+02   3.0007537e+02
