   1.2282909e+02   1.9434225e+02
   1.3108060e+02   2.2617787e+02
   1.3951210e+02   2.5794082e+02
   1.5122806e+02   2.8884103e+02
   1.6581564e+02   3.1825499e+02
   1.8434268e+02   3.4537023e+02
   2.0932957e+02   3.6664418e+02
   2.3963651e+02   3.7825181e+02
   2.7226833e+02   3.8155804e+02
   3.0180049e+02   3.7260229e+02
   3.2776573e+02   3.5635197e+02
   3.4866924e+02   3.3401280e+02
   3.6455913e+02   3.0779316e+02
   3.7392141e+02   2.7884442e+02
   3.7806545e+02   2.4836678e+02
   3.8443940e+02   2.1821014e+02
   3.8688467e+02   1.8800260e+02
   1.5707153e+02   1.6234504e+02
   1.6762938e+02   1.4662293e+02
   1.8606237e+02   1.4084857e+02
   2.0563431e+02   1.4181676e+02
   2.2466072e+02   1.4521396e+02
   2.9090011e+02   1.4520615e+02
   3.0859904e+02   1.4066658e+02
   3.2683389e+02   1.3940989e+02
   3.4504113e+02   1.4065732e+02
   3.5849211e+02   1.5195730e+02
   2.6476877e+02   1.7855423e+02
   2.6337963e+02   1.9854534e+02
   2.6354832e+02   2.1856865e+02
   2.6342401e+02   2.3848526e+02
   2.4269833e+02   2.5786385e+02
   2.5265185e+02   2.5705314e+02
   2.6252492e+02   2.5650969e+02
   2.7566679e+02   2.5654267e+02
   2.8866024e+02   2.5695722e+02
   1.8320914e+02   1.8216871e+02
   1.9742864e+02   1.6933508e+02
   2.1680392e+02   1.6952734e+02
   2.3052304e+02   1.8261374e+02
   2.1488268e+02   1.8861969e+02
   1.9833589e+02   1.8883399e+02
   2.9045396e+02   1.8305728e+02
   3.0302889e+02   1.6820041e+02
   3.2253877e+02   1.6640736e+02
   3.3866833e+02   1.7719369e+02
   3.2466440e+02   1.8717289e+02
   3.0733318e+02   1.8708242e+02
   2.2332786e+02   3.0608120e+02
   2.3468243e+02   2.9466898e+02
   2.4957805e+02   2.8884643e+02
   2.6516475e+02   2.9139427e+02
   2.8136418e+02   2.8871094e+02
   2.9667648e+02   2.9495415e+02
   3.1074556e+02   3.0381785e+02
   2.9799774e+02   3.1285411e+02
   2.8299428e+02   3.1738032e+02
   2.6748771e+02   3.1824900e+02
   2.5118291e+02   3.1815095e+02
   2.3504607e+02   3.1644501e+02
   2.3459264e+02   3.0247500e+02
   2.5009485e+02   2.9791506e+02
   2.6613536e+02   2.9976445e+02
   2.7894940e+02   2.9797617e+02
   2.9170544e+02   2.9972981e+02
   2.7854756e+02   2.9980796e+02
   2.6565472e+02   3.0232715e+02
   2.5002217e+02   2.9973350e+02
