   1.9056643e+02   1.6621166e+02
   1.9592159e+02   1.9915923e+02
   2.0199925e+02   2.3208592e+02
   2.0887421e+02   2.6465468e+02
   2.1792269e+02   2.9677234e+02
   2.3556147e+02   3.2477523e+02
   2.5736040e+02   3.5001298e+02
   2.8356223e+02   3.7030355e+02
   3.1568832e+02   3.7619425e+02
   3.4528795e+02   3.6928076e+02
   3.6904617e+02   3.5014563e+02
   3.8803351e+02   3.2613797e+02
   4.0386781e+02   2.9967034e+02
   4.1341879e+02   2.7055830e+02
   4.2026061e+02   2.4087433e+02
   4.2465890e+02   2.1023670e+02
   4.2595118e+02   1.7988937e+02
   2.1413084e+02   1.3009793e+02
   2.2994182e+02   1.2312587e+02
   2.4712515e+02   1.2135122e+02
   2.6439224e+02   1.2392526e+02
   2.8087268e+02   1.2879155e+02
   3.3560140e+02   1.2876465e+02
   3.5362080e+02   1.2555579e+02
   3.7182626e+02   1.2567991e+02
   3.8987512e+02   1.2849510e+02
   4.0679127e+02   1.3513686e+02
   3.1470761e+02   1.6704053e+02
   3.1535714e+02   1.8927456e+02
   3.1517798e+02   2.1131885e+02
   3.1469782e+02   2.3333739e+02
   2.8521709e+02   2.3974907e+02
   2.9767045e+02   2.4711161e+02
   3.1177502e+02   2.4926978e+02
   3.2657119e+02   2.4880020e+02
   3.3951617e+02   2.4167500e+02
   2.4039983e+02   1.6440737e+02
   2.5495841e+02   1.5562428e+02
   2.7187309e+02   1.5661018e+02
   2.8445130e+02   1.6750036e+02
   2.6964281e+02   1.6720152e+02
   2.5497137e+02   1.6642089e+02
   3.4212158e+02   1.6771549e+02
   3.5474450e+02   1.5899158e+02
   3.7028127e+02   1.6029043e+02
   3.8323062e+02   1.6878665e+02
   3.6956823e+02   1.7091395e+02
   3.5569039e+02   1.6980664e+02
   2.5846642e+02   2.6211313e+02
   2.7580157e+02   2.6079232e+02
   2.9329509e+02   2.6239627e+02
   3.1043254e+02   2.6422767e+02
   3.2891150e+02   2.6238621e+02
   3.4726433e+02   2.6274642e+02
   3.6576636e+02   2.6203041e+02
   3.5189644e+02   2.8457978e+02
   3.3366364e+02   3.0358246e+02
   3.0856747e+02   3.0933005e+02
   2.8489300e+02   3.0321086e+02
   2.6820743e+02   2.8487204e+02
   2.6529362e+02   2.6648245e+02
   2.8757556e+02   2.6893001e+02
   3.0950216e+02   2.7163607e+02
   3.3404508e+02   2.6892659e+02
   3.5823363e+02   2.6697332e+02
   3.3785285e+02   2.8630082e+02
   3.1219541e+02   2.9734482e+02
   2.8448972e+02   2.8859595e+02
