   1.9068911e+02   1.6604995e+02
   1.9601334e+02   1.9896518e+02
   2.0201742e+02   2.3165223e+02
   2.0881368e+02   2.6398051e+02
   2.1766384e+02   2.9590898e+02
   2.3512140e+02   3.2396081e+02
   2.5681894e+02   3.4923960e+02
   2.8268081e+02   3.6960303e+02
   3.1465704e+02   3.7415341e+02
   3.4455047e+02   3.6919409e+02
   3.6854907e+02   3.5012950e+02
   3.8761308e+02   3.2624196e+02
   4.0350343e+02   2.9985129e+02
   4.1312177e+02   2.7081211e+02
   4.2007581e+02   2.4078838e+02
   4.2447191e+02   2.1039144e+02
   4.2580336e+02   1.7989127e+02
   2.1512068e+02   1.3348220e+02
   2.2896582e+02   1.2331972e+02
   2.4652319e+02   1.2126680e+02
   2.6401981e+02   1.2375764e+02
   2.8092399e+02   1.2873976e+02
   3.3559224e+02   1.2875444e+02
   3.5460225e+02   1.2548937e+02
   3.7383754e+02   1.2590447e+02
   3.9268782e+02   1.2925546e+02
   4.0670728e+02   1.4080776e+02
   3.1469248e+02   1.6697217e+02
   3.1532441e+02   1.8918212e+02
   3.1512871e+02   2.1120191e+02
   3.1523465e+02   2.3319553e+02
   2.8672566e+02   2.4094919e+02
   2.9855380e+02   2.4731213e+02
   3.1155464e+02   2.5021805e+02
   3.2602077e+02   2.4874614e+02
   3.3899778e+02   2.4259170e+02
   2.4046882e+02   1.6428549e+02
   2.5489512e+02   1.5551559e+02
   2.7189997e+02   1.5651615e+02
   2.8446926e+02   1.6740851e+02
   2.6959348e+02   1.6735182e+02
   2.5488764e+02   1.6694648e+02
   3.4247621e+02   1.6894677e+02
   3.5428822e+02   1.5901500e+02
   3.7001357e+02   1.6017189e+02
   3.8313844e+02   1.6876838e+02
   3.6971399e+02   1.7156640e+02
   3.5596643e+02   1.7090650e+02
   2.6056207e+02   2.6640633e+02
   2.7697263e+02   2.6265823e+02
   2.9398539e+02   2.6374376e+02
   3.1077058e+02   2.6565997e+02
   3.2843250e+02   2.6422785e+02
   3.4593559e+02   2.6474123e+02
   3.6342317e+02   2.6550047e+02
   3.5007200e+02   2.8661429e+02
   3.3272661e+02   3.0445734e+02
   3.0915998e+02   3.1041201e+02
   2.8765222e+02   3.0259099e+02
   2.7116604e+02   2.8668363e+02
   2.6882729e+02   2.7044048e+02
   2.8955651e+02   2.7014944e+02
   3.0982059e+02   2.7321692e+02
   3.3241046e+02   2.7075983e+02
   3.5492451e+02   2.7097992e+02
   3.3430360e+02   2.8765757e+02
   3.0981883e+02   2.9692352e+02
   2.8653813e+02   2.8799067e+02
