   2.2412266e+02   2.2567899e+02
   2.2608189e+02   2.5450506e+02
   2.2908753e+02   2.8338464e+02
   2.3557245e+02   3.1134628e+02
   2.4564951e+02   3.3830726e+02
   2.6196964e+02   3.6222834e+02
   2.8495596e+02   3.7917227e+02
   3.1225665e+02   3.8839502e+02
   3.4066455e+02   3.9277063e+02
   3.6827087e+02   3.8906173e+02
   3.9301421e+02   3.7712721e+02
   4.1103871e+02   3.5598921e+02
   4.2319261e+02   3.3123654e+02
   4.3288693e+02   3.0524928e+02
   4.3959404e+02   2.7816909e+02
   4.4390136e+02   2.5079458e+02
   4.4538816e+02   2.2320277e+02
   2.4281469e+02   1.9080997e+02
   2.5359419e+02   1.8074020e+02
   2.6744033e+02   1.7568604e+02
   2.8212520e+02   1.7469242e+02
   2.9657722e+02   1.7699920e+02
   3.6476429e+02   1.7964438e+02
   3.7947140e+02   1.7767019e+02
   3.9423692e+02   1.7751292e+02
   4.0841786e+02   1.8138945e+02
   4.1981078e+02   1.9052741e+02
   3.3733468e+02   2.1053651e+02
   3.3762689e+02   2.2614107e+02
   3.3749716e+02   2.4163927e+02
   3.3703367e+02   2.5705559e+02
   3.1126263e+02   2.7705729e+02
   3.2313043e+02   2.8006180e+02
   3.3514290e+02   2.8177481e+02
   3.4772642e+02   2.8005148e+02
   3.6012648e+02   2.7854613e+02
   2.6215005e+02   2.1842642e+02
   2.7602128e+02   2.2274517e+02
   2.9039236e+02   2.2275365e+02
   3.0419998e+02   2.1870814e+02
   2.9029679e+02   2.2348729e+02
   2.7583231e+02   2.2334592e+02
   3.6772810e+02   2.1902866e+02
   3.8075760e+02   2.2383264e+02
   3.9464222e+02   2.2443756e+02
   4.0800080e+02   2.2138462e+02
   3.9445161e+02   2.2525757e+02
   3.8054495e+02   2.2452241e+02
   2.9477685e+02   3.0971553e+02
   3.0740147e+02   2.9781323e+02
   3.2278373e+02   2.9026765e+02
   3.3893718e+02   2.9430126e+02
   3.5473864e+02   2.9279966e+02
   3.6896096e+02   3.0017929e+02
   3.8101955e+02   3.1063812e+02
   3.6925577e+02   3.2370921e+02
   3.5463807e+02   3.3300471e+02
   3.3746326e+02   3.3377033e+02
   3.1967231e+02   3.3300152e+02
   3.0391358e+02   3.2471101e+02
   3.0364273e+02   3.1250370e+02
   3.2065325e+02   3.1022460e+02
   3.3776108e+02   3.1020125e+02
   3.5491262e+02   3.0966719e+02
   3.7159363e+02   3.1255489e+02
   3.5428486e+02   3.1343340e+02
   3.3717162e+02   3.1433314e+02
   3.2036170e+02   3.1340835e+02
