   2.2396288e+02   2.2572117e+02
   2.2606176e+02   2.5432126e+02
   2.2914247e+02   2.8291749e+02
   2.3545149e+02   3.1069873e+02
   2.4524217e+02   3.3752387e+02
   2.6115352e+02   3.6140300e+02
   2.8370661e+02   3.7857763e+02
   3.1057842e+02   3.8812377e+02
   3.3893179e+02   3.9096280e+02
   3.6695371e+02   3.8947817e+02
   3.9218124e+02   3.7787492e+02
   4.1050668e+02   3.5698504e+02
   4.2300094e+02   3.3183210e+02
   4.3269496e+02   3.0552201e+02
   4.3945097e+02   2.7841945e+02
   4.4385024e+02   2.5076255e+02
   4.4539404e+02   2.2288762e+02
   2.4254393e+02   1.9102670e+02
   2.5414119e+02   1.8036453e+02
   2.6914505e+02   1.7551340e+02
   2.8505156e+02   1.7522839e+02
   3.0064819e+02   1.7739960e+02
   3.6199189e+02   1.7945235e+02
   3.7763755e+02   1.7784406e+02
   3.9331967e+02   1.7744262e+02
   4.0849844e+02   1.8135918e+02
   4.2088315e+02   1.9063365e+02
   3.3724644e+02   2.1051776e+02
   3.3755833e+02   2.2612692e+02
   3.3744800e+02   2.4163022e+02
   3.3700370e+02   2.5705203e+02
   3.1085400e+02   2.7635620e+02
   3.2341084e+02   2.7923731e+02
   3.3618195e+02   2.8039582e+02
   3.4762243e+02   2.7941028e+02
   3.5889540e+02   2.7768805e+02
   2.6570373e+02   2.1529127e+02
   2.7784805e+02   2.0751739e+02
   2.9307624e+02   2.0796606e+02
   3.0509630e+02   2.1593183e+02
   2.9192507e+02   2.2070529e+02
   2.7802316e+02   2.2110767e+02
   3.6700485e+02   2.1701897e+02
   3.7881511e+02   2.0842782e+02
   3.9431723e+02   2.0913733e+02
   4.0653020e+02   2.1767082e+02
   3.9352247e+02   2.2262311e+02
   3.7972238e+02   2.2238939e+02
   2.9628919e+02   3.1082524e+02
   3.0752567e+02   2.9783299e+02
   3.2272496e+02   2.9058351e+02
   3.3893005e+02   2.9442307e+02
   3.5428754e+02   2.9277988e+02
   3.6807568e+02   2.9953395e+02
   3.7798093e+02   3.1140295e+02
   3.6805598e+02   3.2479320e+02
   3.5395410e+02   3.3333666e+02
   3.3751791e+02   3.3398938e+02
   3.2020671e+02   3.3323130e+02
   3.0494388e+02   3.2545781e+02
   3.0430491e+02   3.1225190e+02
   3.2097950e+02   3.1045866e+02
   3.3778932e+02   3.1029951e+02
   3.5465672e+02   3.0976941e+02
   3.7106354e+02   3.1258165e+02
   3.5403759e+02   3.1353260e+02
   3.3722912e+02   3.1446118e+02
   3.2072738e+02   3.1336096e+02
