   2.2415522e+02   2.2593579e+02
   2.2589866e+02   2.5485681e+02
   2.2868921e+02   2.8366213e+02
   2.3523745e+02   3.1169514e+02
   2.4541954e+02   3.3870909e+02
   2.6164860e+02   3.6257123e+02
   2.8468109e+02   3.7961276e+02
   3.1196256e+02   3.8912846e+02
   3.4035027e+02   3.9367758e+02
   3.6792071e+02   3.8962369e+02
   3.9270806e+02   3.7773407e+02
   4.1079695e+02   3.5667441e+02
   4.2298612e+02   3.3200457e+02
   4.3290976e+02   3.0611472e+02
   4.3965277e+02   2.7905976e+02
   4.4396448e+02   2.5168866e+02
   4.4543875e+02   2.2409182e+02
   2.4245749e+02   1.9180302e+02
   2.5289849e+02   1.8148691e+02
   2.6697402e+02   1.7702507e+02
   2.8168618e+02   1.7609612e+02
   2.9617703e+02   1.7865445e+02
   3.6585225e+02   1.8127433e+02
   3.8021704e+02   1.7898522e+02
   3.9469390e+02   1.7878715e+02
   4.0864827e+02   1.8196392e+02
   4.1963518e+02   1.9105317e+02
   3.3740310e+02   2.1094563e+02
   3.3765803e+02   2.2656061e+02
   3.3749101e+02   2.4206816e+02
   3.3699020e+02   2.5749296e+02
   3.1089876e+02   2.7668194e+02
   3.2296836e+02   2.8058645e+02
   3.3540604e+02   2.8224177e+02
   3.4812080e+02   2.8056544e+02
   3.6054526e+02   2.7856924e+02
   2.6210494e+02   2.1894459e+02
   2.7630045e+02   2.2325830e+02
   2.9035914e+02   2.2283358e+02
   3.0444934e+02   2.1872166e+02
   2.9057063e+02   2.2340082e+02
   2.7607842e+02   2.2311132e+02
   3.6827286e+02   2.1946456e+02
   3.8132588e+02   2.2416216e+02
   3.9459464e+02   2.2482430e+02
   4.0739983e+02   2.2244803e+02
   3.9412228e+02   2.2553673e+02
   3.8064535e+02   2.2470232e+02
   2.9103996e+02   3.0624147e+02
   3.0543344e+02   2.9670062e+02
   3.2152561e+02   2.9068524e+02
   3.3804741e+02   2.9403152e+02
   3.5452590e+02   2.9271535e+02
   3.6973014e+02   2.9916436e+02
   3.8347812e+02   3.0837053e+02
   3.7112618e+02   3.2275054e+02
   3.5570642e+02   3.3341336e+02
   3.3725308e+02   3.3485173e+02
   3.1778858e+02   3.3311266e+02
   3.0120171e+02   3.2275958e+02
   3.0183204e+02   3.0996288e+02
   3.1955872e+02   3.0978866e+02
   3.3733739e+02   3.1023684e+02
   3.5502898e+02   3.0955047e+02
   3.7230844e+02   3.1139449e+02
   3.5467354e+02   3.1417675e+02
   3.3684268e+02   3.1551227e+02
   3.1896087e+02   3.1376810e+02
