   2.4811979e+02   2.1423982e+02
   2.5256379e+02   2.3940049e+02
   2.5930425e+02   2.6390867e+02
   2.6775923e+02   2.8791757e+02
   2.7800354e+02   3.1120195e+02
   2.9215420e+02   3.3231853e+02
   3.1174463e+02   3.4845721e+02
   3.3411049e+02   3.6048180e+02
   3.5907048e+02   3.6331360e+02
   3.8357736e+02   3.5669256e+02
   4.0472293e+02   3.4295190e+02
   4.2171594e+02   3.2426525e+02
   4.3299395e+02   3.0159097e+02
   4.4196742e+02   2.7797356e+02
   4.4554693e+02   2.5286433e+02
   4.4684816e+02   2.2757648e+02
   4.4766395e+02   2.0238386e+02
   2.6422131e+02   1.7147307e+02
   2.7562514e+02   1.6234280e+02
   2.9007131e+02   1.6000689e+02
   3.0463774e+02   1.6235518e+02
   3.1861844e+02   1.6692116e+02
   3.6192800e+02   1.6295868e+02
   3.7624927e+02   1.5779830e+02
   3.9138840e+02   1.5572167e+02
   4.0654065e+02   1.5488319e+02
   4.2110070e+02   1.5889464e+02
   3.4500775e+02   1.8551065e+02
   3.4677943e+02   2.0472969e+02
   3.4711513e+02   2.2401345e+02
   3.4847357e+02   2.4305316e+02
   3.3235391e+02   2.5336721e+02
   3.4106684e+02   2.5592853e+02
   3.5001194e+02   2.5671101e+02
   3.5922265e+02   2.5444404e+02
   3.6784020e+02   2.5065007e+02
   2.8201780e+02   1.9931310e+02
   2.9357490e+02   1.8860095e+02
   3.0946453e+02   1.8819013e+02
   3.2207483e+02   1.9754934e+02
   3.0917683e+02   2.0328257e+02
   2.9520303e+02   2.0390610e+02
   3.7086404e+02   1.9438762e+02
   3.8055443e+02   1.8271057e+02
   3.9616191e+02   1.8267585e+02
   4.0897025e+02   1.9131655e+02
   3.9684856e+02   1.9642406e+02
   3.8367306e+02   1.9707902e+02
   3.1249698e+02   2.9401601e+02
   3.2479348e+02   2.8724877e+02
   3.3776466e+02   2.8187316e+02
   3.5153830e+02   2.8245944e+02
   3.6556002e+02   2.7935103e+02
   3.7958162e+02   2.8312982e+02
   3.9323680e+02   2.8794181e+02
   3.8338144e+02   3.0074624e+02
   3.7063366e+02   3.1063748e+02
   3.5494797e+02   3.1295972e+02
   3.3896754e+02   3.1197008e+02
   3.2468582e+02   3.0440381e+02
   3.2778571e+02   2.9457337e+02
   3.3980546e+02   2.9103169e+02
   3.5226698e+02   2.9139182e+02
   3.6498975e+02   2.8927639e+02
   3.7744640e+02   2.9249840e+02
   3.6578194e+02   2.9867701e+02
   3.5271679e+02   2.9974817e+02
   3.3964871e+02   2.9964985e+02
