   2.4845575e+02   2.0122735e+02
   2.4986490e+02   2.2814586e+02
   2.5669538e+02   2.5425830e+02
   2.6569916e+02   2.7967073e+02
   2.7493821e+02   3.0526647e+02
   2.8829068e+02   3.2842494e+02
   3.0841965e+02   3.4646102e+02
   3.3171858e+02   3.5979469e+02
   3.5807393e+02   3.6319523e+02
   3.8240826e+02   3.5690651e+02
   4.0353970e+02   3.4340207e+02
   4.2049148e+02   3.2517088e+02
   4.3111359e+02   3.0242914e+02
   4.4039936e+02   2.7920193e+02
   4.4487668e+02   2.5452403e+02
   4.4635330e+02   2.2940706e+02
   4.4637411e+02   2.0447668e+02
   2.6272541e+02   1.7423349e+02
   2.7497046e+02   1.6602203e+02
   2.8943435e+02   1.6383316e+02
   3.0402603e+02   1.6604210e+02
   3.1834349e+02   1.6972616e+02
   3.6210770e+02   1.6481530e+02
   3.7612420e+02   1.5870524e+02
   3.9129994e+02   1.5619667e+02
   4.0643213e+02   1.5541420e+02
   4.2101045e+02   1.5949139e+02
   3.4371399e+02   1.8608528e+02
   3.4539137e+02   2.0507112e+02
   3.4611218e+02   2.2406552e+02
   3.4618160e+02   2.4294065e+02
   3.3186557e+02   2.5357832e+02
   3.3954238e+02   2.5700244e+02
   3.4781926e+02   2.5725101e+02
   3.5718886e+02   2.5495797e+02
   3.6582646e+02   2.5070350e+02
   2.8195636e+02   1.9920007e+02
   2.9362571e+02   1.8969659e+02
   3.0881126e+02   1.8979783e+02
   3.2122281e+02   1.9836564e+02
   3.0838223e+02   2.0346714e+02
   2.9473513e+02   2.0378485e+02
   3.7030104e+02   1.9508158e+02
   3.8083047e+02   1.8396597e+02
   3.9615685e+02   1.8319752e+02
   4.0874813e+02   1.9180635e+02
   3.9652166e+02   1.9664872e+02
   3.8327170e+02   1.9703418e+02
   3.1305025e+02   2.9652631e+02
   3.2410276e+02   2.8834782e+02
   3.3660843e+02   2.8278080e+02
   3.4945771e+02   2.8589130e+02
   3.6308688e+02   2.8056186e+02
   3.7729751e+02   2.8482490e+02
   3.9118547e+02   2.9036571e+02
   3.7907675e+02   2.9875946e+02
   3.6618869e+02   3.0577564e+02
   3.5193618e+02   3.0796377e+02
   3.3815853e+02   3.0758916e+02
   3.2501204e+02   3.0322021e+02
   3.2859718e+02   2.9530665e+02
   3.4033794e+02   2.9532976e+02
   3.5190948e+02   2.9571927e+02
   3.6396581e+02   2.9401740e+02
   3.7605462e+02   2.9324367e+02
   3.6338362e+02   2.9487153e+02
   3.5070110e+02   2.9651669e+02
   3.3962134e+02   2.9574240e+02
