   1.2346132e+02   2.2500703e+02
   1.2379075e+02   2.6166528e+02
   1.2792275e+02   2.9773703e+02
   1.3229111e+02   3.3388566e+02
   1.3940987e+02   3.6954828e+02
   1.5715826e+02   4.0159047e+02
   1.8223382e+02   4.2793102e+02
   2.1416033e+02   4.4514138e+02
   2.4973925e+02   4.5014290e+02
   2.8673432e+02   4.4401717e+02
   3.1910308e+02   4.2589568e+02
   3.4685242e+02   4.0077753e+02
   3.6753371e+02   3.6961224e+02
   3.7508796e+02   3.3329634e+02
   3.7799127e+02   2.9601225e+02
   3.8348779e+02   2.5910525e+02
   3.8279857e+02   2.2190076e+02
   1.5221095e+02   2.0878095e+02
   1.7107620e+02   2.0214740e+02
   1.9086251e+02   1.9963800e+02
   2.1073007e+02   2.0004343e+02
   2.3007356e+02   2.0396044e+02
   2.7521719e+02   2.0955015e+02
   2.9437890e+02   2.0205456e+02
   3.1477698e+02   1.9941410e+02
   3.3503089e+02   2.0203928e+02
   3.5410956e+02   2.0929114e+02
   2.5759331e+02   2.2879148e+02
   2.5521909e+02   2.5076093e+02
   2.5382751e+02   2.7244997e+02
   2.5241772e+02   2.9422467e+02
   2.2621150e+02   3.1642544e+02
   2.3888881e+02   3.1717405e+02
   2.5141644e+02   3.1725588e+02
   2.6321614e+02   3.1719687e+02
   2.7478967e+02   3.1658623e+02
   1.7528521e+02   2.3237615e+02
   1.9376483e+02   2.2036066e+02
   2.1573360e+02   2.2279327e+02
   2.2906239e+02   2.3972792e+02
   2.1072545e+02   2.3873610e+02
   1.9240381e+02   2.3791647e+02
   2.8334557e+02   2.3947813e+02
   2.9563745e+02   2.2113860e+02
   3.1779840e+02   2.1797182e+02
   3.3534052e+02   2.3109994e+02
   3.1928830e+02   2.3876349e+02
   3.0117197e+02   2.3887687e+02
   2.0927188e+02   3.5231501e+02
   2.2216527e+02   3.4747668e+02
   2.3574642e+02   3.4540178e+02
   2.4946606e+02   3.4524170e+02
   2.6535100e+02   3.4526327e+02
   2.8079363e+02   3.4785048e+02
   2.9580445e+02   3.5244267e+02
   2.8034596e+02   3.5304808e+02
   2.6589991e+02   3.5898588e+02
   2.5063741e+02   3.6060949e+02
   2.3655154e+02   3.5897388e+02
   2.2312684e+02   3.5458675e+02
   2.1936111e+02   3.4870893e+02
   2.2945033e+02   3.4863259e+02
   2.4990818e+02   3.4817603e+02
   2.7319073e+02   3.4907385e+02
   2.8449759e+02   3.4917370e+02
   2.7285380e+02   3.4927354e+02
   2.4990858e+02   3.4829813e+02
   2.2940967e+02   3.4878527e+02
