   1.2317511e+02   2.2497187e+02
   1.2347990e+02   2.6135981e+02
   1.2758352e+02   2.9729769e+02
   1.3213242e+02   3.3329798e+02
   1.3879074e+02   3.6885552e+02
   1.5592605e+02   4.0077157e+02
   1.8195984e+02   4.2548971e+02
   2.1448929e+02   4.4120327e+02
   2.5012641e+02   4.4439226e+02
   2.8667299e+02   4.3764428e+02
   3.1983539e+02   4.2208756e+02
   3.4774003e+02   3.9788020e+02
   3.6816664e+02   3.6747114e+02
   3.7551953e+02   3.3131341e+02
   3.7867646e+02   2.9443241e+02
   3.8252770e+02   2.5764175e+02
   3.8036456e+02   2.2119630e+02
   1.4492515e+02   2.0651666e+02
   1.6362143e+02   1.9428487e+02
   1.8556345e+02   1.8961587e+02
   2.0747595e+02   1.9326445e+02
   2.2849058e+02   2.0105123e+02
   2.7905488e+02   2.0229048e+02
   2.9785172e+02   1.9292328e+02
   3.1852958e+02   1.8981212e+02
   3.3899272e+02   1.9438548e+02
   3.5731777e+02   2.0413829e+02
   2.5548728e+02   2.2102202e+02
   2.5379043e+02   2.4370599e+02
   2.5311277e+02   2.6625688e+02
   2.5299596e+02   2.8872013e+02
   2.2668432e+02   3.1207002e+02
   2.3895274e+02   3.1372616e+02
   2.5105836e+02   3.1461731e+02
   2.6145115e+02   3.1423506e+02
   2.7173520e+02   3.1265001e+02
   1.7324276e+02   2.3115794e+02
   1.9121304e+02   2.1895854e+02
   2.1283161e+02   2.2031531e+02
   2.2669584e+02   2.3623228e+02
   2.0857744e+02   2.3615186e+02
   1.9063966e+02   2.3510671e+02
   2.8309947e+02   2.3453212e+02
   2.9777481e+02   2.1908259e+02
   3.1901296e+02   2.1695759e+02
   3.3566835e+02   2.2969235e+02
   3.1907247e+02   2.3647875e+02
   3.0092347e+02   2.3573473e+02
   2.0335707e+02   3.5817448e+02
   2.1761041e+02   3.4751536e+02
   2.3293524e+02   3.3870162e+02
   2.5002275e+02   3.4087389e+02
   2.6721873e+02   3.3934023e+02
   2.8281220e+02   3.4690973e+02
   2.9751855e+02   3.5632434e+02
   2.8204505e+02   3.6255020e+02
   2.6619449e+02   3.6714244e+02
   2.4988768e+02   3.6885132e+02
   2.3362720e+02   3.6828079e+02
   2.1791979e+02   3.6477064e+02
   2.1469724e+02   3.5085206e+02
   2.2603741e+02   3.5078232e+02
   2.4979556e+02   3.5058807e+02
   2.7403167e+02   3.5116456e+02
   2.8577511e+02   3.5128854e+02
   2.7372082e+02   3.5141252e+02
   2.4976122e+02   3.5071387e+02
   2.2578655e+02   3.5092179e+02
