   1.2346052e+02   2.2449871e+02
   1.2374336e+02   2.6089116e+02
   1.2784064e+02   2.9697700e+02
   1.3258832e+02   3.3312804e+02
   1.3915940e+02   3.6877493e+02
   1.5662302e+02   4.0063878e+02
   1.8236107e+02   4.2592818e+02
   2.1421946e+02   4.4304781e+02
   2.4981903e+02   4.4776956e+02
   2.8650264e+02   4.4115148e+02
   3.1902617e+02   4.2368715e+02
   3.4741789e+02   3.9963673e+02
   3.6742870e+02   3.6849345e+02
   3.7449795e+02   3.3211243e+02
   3.7805629e+02   2.9483622e+02
   3.8243983e+02   2.5790666e+02
   3.8075276e+02   2.2112817e+02
   1.4986544e+02   2.0695624e+02
   1.6860579e+02   1.9880880e+02
   1.8883849e+02   1.9569438e+02
   2.0929436e+02   1.9646719e+02
   2.2895839e+02   2.0154996e+02
   2.7551077e+02   2.0518846e+02
   2.9492116e+02   1.9822134e+02
   3.1538492e+02   1.9680233e+02
   3.3553483e+02   2.0006302e+02
   3.5466301e+02   2.0722668e+02
   2.5603818e+02   2.2292184e+02
   2.5412874e+02   2.4534916e+02
   2.5322577e+02   2.6760139e+02
   2.5271331e+02   2.8981744e+02
   2.2646788e+02   3.1276267e+02
   2.3882910e+02   3.1415960e+02
   2.5103232e+02   3.1482169e+02
   2.6181550e+02   3.1454252e+02
   2.7245696e+02   3.1325336e+02
   1.7522236e+02   2.3230955e+02
   1.9290478e+02   2.2089125e+02
   2.1367527e+02   2.2168219e+02
   2.2736894e+02   2.3682857e+02
   2.0971299e+02   2.3633588e+02
   1.9220157e+02   2.3573156e+02
   2.8295880e+02   2.3696420e+02
   2.9597058e+02   2.2056632e+02
   3.1703133e+02   2.1884661e+02
   3.3407683e+02   2.3115540e+02
   3.1770800e+02   2.3686296e+02
   3.0023038e+02   2.3575723e+02
   2.0739992e+02   3.5174380e+02
   2.2086149e+02   3.4619957e+02
   2.3510163e+02   3.4300375e+02
   2.4951916e+02   3.4281102e+02
   2.6527410e+02   3.4310856e+02
   2.8071171e+02   3.4564503e+02
   2.9569618e+02   3.5026306e+02
   2.8021410e+02   3.5342941e+02
   2.6509046e+02   3.5822364e+02
   2.4959123e+02   3.6033543e+02
   2.3527232e+02   3.5867379e+02
   2.2145835e+02   3.5449756e+02
   2.1794220e+02   3.4748022e+02
   2.2848447e+02   3.4739103e+02
   2.4973261e+02   3.4729213e+02
   2.7291490e+02   3.4775355e+02
   2.8430554e+02   3.4787685e+02
   2.7266125e+02   3.4800015e+02
   2.4983803e+02   3.4742767e+02
   2.2825482e+02   3.4756941e+02
