   2.0406017e+02   1.8055565e+02
   2.0756522e+02   2.0982661e+02
   2.0986820e+02   2.3919877e+02
   2.1413533e+02   2.6828303e+02
   2.2639836e+02   2.9488443e+02
   2.4642508e+02   3.1643170e+02
   2.7093120e+02   3.3251296e+02
   2.9858374e+02   3.4241542e+02
   3.2771983e+02   3.4545243e+02
   3.5359301e+02   3.4224414e+02
   3.7699641e+02   3.3006646e+02
   3.9919901e+02   3.1609443e+02
   4.1526954e+02   2.9554170e+02
   4.2507944e+02   2.7108213e+02
   4.3006619e+02   2.4533727e+02
   4.3537533e+02   2.1958543e+02
   4.3875609e+02   1.9359097e+02
   2.3894224e+02   1.4998635e+02
   2.5152057e+02   1.3990971e+02
   2.6699821e+02   1.3533748e+02
   2.8310584e+02   1.3400246e+02
   2.9883605e+02   1.3717643e+02
   3.6020629e+02   1.4338277e+02
   3.7772288e+02   1.4155413e+02
   3.9505915e+02   1.4060431e+02
   4.0993205e+02   1.4958740e+02
   4.2211348e+02   1.6199953e+02
   3.3470560e+02   1.6745201e+02
   3.3512848e+02   1.8748622e+02
   3.3490589e+02   2.0746243e+02
   3.3227852e+02   2.2719140e+02
   3.0004052e+02   2.3175957e+02
   3.1511697e+02   2.3688322e+02
   3.3015583e+02   2.4144062e+02
   3.4306609e+02   2.3856624e+02
   3.5559329e+02   2.3445549e+02
   2.6096113e+02   1.7926373e+02
   2.7586753e+02   1.6921537e+02
   2.9370910e+02   1.7093865e+02
   3.0532625e+02   1.8423434e+02
   2.9018670e+02   1.8592782e+02
   2.7513644e+02   1.8436404e+02
   3.5253327e+02   1.8459232e+02
   3.6454469e+02   1.7288350e+02
   3.8157792e+02   1.7315005e+02
   3.9402778e+02   1.8442958e+02
   3.8053401e+02   1.8868350e+02
   3.6632125e+02   1.8793070e+02
   2.7687066e+02   2.6509880e+02
   2.9273537e+02   2.5937936e+02
   3.0947689e+02   2.5677247e+02
   3.2605664e+02   2.5880156e+02
   3.4173072e+02   2.5681874e+02
   3.5711119e+02   2.6057078e+02
   3.7167832e+02   2.6673871e+02
   3.6056849e+02   2.8273348e+02
   3.4412713e+02   2.9289857e+02
   3.2519185e+02   2.9603375e+02
   3.0533545e+02   2.9285365e+02
   2.8881522e+02   2.8124437e+02
   2.8185853e+02   2.6631495e+02
   3.0407397e+02   2.6422988e+02
   3.2617137e+02   2.6587329e+02
   3.4740212e+02   2.6422696e+02
   3.6816451e+02   2.6770141e+02
   3.4743598e+02   2.7765927e+02
   3.2569646e+02   2.8362828e+02
   3.0234807e+02   2.7819975e+02
