   2.0503550e+02   2.4051194e+02
   2.1004715e+02   2.7380379e+02
   2.1685340e+02   3.0660883e+02
   2.2570645e+02   3.3886747e+02
   2.3481352e+02   3.7114639e+02
   2.5239520e+02   3.9960861e+02
   2.7614150e+02   4.2357428e+02
   3.0331299e+02   4.4296013e+02
   3.3574104e+02   4.4428684e+02
   3.6657998e+02   4.3783885e+02
   3.9171277e+02   4.1843644e+02
   4.1360613e+02   3.9575704e+02
   4.3030828e+02   3.6875550e+02
   4.3883741e+02   3.3803353e+02
   4.4493306e+02   3.0701929e+02
   4.4986234e+02   2.7542409e+02
   4.5215927e+02   2.4396685e+02
   2.2483470e+02   2.1757985e+02
   2.3945080e+02   2.1014120e+02
   2.5596488e+02   2.1075734e+02
   2.7232709e+02   2.1335151e+02
   2.8872499e+02   2.1594127e+02
   3.4633221e+02   2.1179537e+02
   3.6526678e+02   2.0839443e+02
   3.8382906e+02   2.0416927e+02
   4.0278994e+02   2.0242304e+02
   4.1776465e+02   2.1293614e+02
   3.2218916e+02   2.3987283e+02
   3.2220834e+02   2.5982341e+02
   3.2255879e+02   2.7983307e+02
   3.2309120e+02   2.9954700e+02
   3.0111304e+02   3.1373605e+02
   3.1271378e+02   3.1585156e+02
   3.2445855e+02   3.1603843e+02
   3.3751429e+02   3.1590448e+02
   3.5000276e+02   3.1232810e+02
   2.5085981e+02   2.4254362e+02
   2.6421663e+02   2.3348077e+02
   2.8031093e+02   2.3445363e+02
   2.9186595e+02   2.4529432e+02
   2.7787340e+02   2.4920765e+02
   2.6337795e+02   2.4939749e+02
   3.5615460e+02   2.4448842e+02
   3.6902553e+02   2.3376535e+02
   3.8564451e+02   2.3165799e+02
   3.9922857e+02   2.4094486e+02
   3.8545584e+02   2.4622494e+02
   3.7065348e+02   2.4663695e+02
   2.7787902e+02   3.6242095e+02
   2.9238172e+02   3.4948244e+02
   3.1078979e+02   3.4355640e+02
   3.2961800e+02   3.4751827e+02
   3.4918271e+02   3.4369120e+02
   3.6851883e+02   3.4812349e+02
   3.8365264e+02   3.6077954e+02
   3.6722418e+02   3.7221209e+02
   3.4881820e+02   3.7955175e+02
   3.2917439e+02   3.8104353e+02
   3.0992030e+02   3.8115724e+02
   2.9177998e+02   3.7520278e+02
   2.8437813e+02   3.6076765e+02
   3.0650860e+02   3.5797381e+02
   3.2835252e+02   3.5863188e+02
   3.5123683e+02   3.5697137e+02
   3.7356696e+02   3.6046350e+02
   3.5118846e+02   3.6159634e+02
   3.2898586e+02   3.6287979e+02
   3.0645199e+02   3.6262074e+02
