   2.0403603e+02   1.8505243e+02
   2.0759072e+02   2.1238614e+02
   2.1134535e+02   2.3941932e+02
   2.1753974e+02   2.6605193e+02
   2.2687859e+02   2.9177442e+02
   2.4277531e+02   3.1374190e+02
   2.6415381e+02   3.3082184e+02
   2.8946446e+02   3.4116559e+02
   3.1629357e+02   3.4466078e+02
   3.4271244e+02   3.3957045e+02
   3.6557327e+02   3.2502956e+02
   3.8557808e+02   3.0678827e+02
   4.0316880e+02   2.8602963e+02
   4.1375518e+02   2.6118755e+02
   4.1963400e+02   2.3473069e+02
   4.2400813e+02   2.0803316e+02
   4.2695365e+02   1.8111447e+02
   2.1997430e+02   1.4969721e+02
   2.3353831e+02   1.3879849e+02
   2.4968577e+02   1.3336815e+02
   2.6658520e+02   1.3658742e+02
   2.8350793e+02   1.3914797e+02
   3.3897108e+02   1.3864642e+02
   3.5501014e+02   1.3527926e+02
   3.7094328e+02   1.3178009e+02
   3.8716253e+02   1.3212638e+02
   4.0148645e+02   1.3924954e+02
   3.1271560e+02   1.5778433e+02
   3.1214754e+02   1.8054109e+02
   3.1156633e+02   2.0331806e+02
   3.1165615e+02   2.2596990e+02
   2.9235392e+02   2.4073973e+02
   3.0202564e+02   2.4199778e+02
   3.1113796e+02   2.4511819e+02
   3.2070439e+02   2.4222904e+02
   3.3051460e+02   2.4101030e+02
   2.4274151e+02   1.6984678e+02
   2.5700988e+02   1.5933961e+02
   2.7447034e+02   1.6150982e+02
   2.8618017e+02   1.7467040e+02
   2.7107059e+02   1.7718206e+02
   2.5586002e+02   1.7705236e+02
   3.3884248e+02   1.7251670e+02
   3.5164261e+02   1.6056148e+02
   3.6852527e+02   1.5743674e+02
   3.8253885e+02   1.6690822e+02
   3.6960491e+02   1.7508315e+02
   3.5411214e+02   1.7502167e+02
   2.6489582e+02   2.7489743e+02
   2.8089503e+02   2.6870952e+02
   2.9683091e+02   2.6216560e+02
   3.1337641e+02   2.6428786e+02
   3.2862205e+02   2.6178373e+02
   3.4334905e+02   2.6715299e+02
   3.5848670e+02   2.7095094e+02
   3.4432067e+02   2.8009542e+02
   3.2962750e+02   2.8783633e+02
   3.1331225e+02   2.8964674e+02
   2.9637709e+02   2.8800617e+02
   2.8025051e+02   2.8219578e+02
   2.8116214e+02   2.7588378e+02
   2.9718151e+02   2.7336856e+02
   3.1316655e+02   2.7552632e+02
   3.2966802e+02   2.7325461e+02
   3.4614353e+02   2.7350587e+02
   3.2944716e+02   2.7408298e+02
   3.1315112e+02   2.7659830e+02
   2.9707262e+02   2.7393499e+02
