   2.0415336e+02   1.8507425e+02
   2.0760350e+02   2.1173611e+02
   2.1123656e+02   2.3856179e+02
   2.1720791e+02   2.6478216e+02
   2.2647448e+02   2.8994508e+02
   2.4256585e+02   3.1139756e+02
   2.6298918e+02   3.2857627e+02
   2.8753818e+02   3.3961948e+02
   3.1395183e+02   3.4188000e+02
   3.4071506e+02   3.3910097e+02
   3.6335047e+02   3.2409105e+02
   3.8407370e+02   3.0645879e+02
   4.0266669e+02   2.8658028e+02
   4.1347928e+02   2.6162438e+02
   4.1899613e+02   2.3517325e+02
   4.2386212e+02   2.0828479e+02
   4.2684348e+02   1.8136095e+02
   2.2147048e+02   1.4938066e+02
   2.3442324e+02   1.3854043e+02
   2.5080492e+02   1.3422384e+02
   2.6744028e+02   1.3696428e+02
   2.8412948e+02   1.3910178e+02
   3.3906177e+02   1.3951192e+02
   3.5500819e+02   1.3552797e+02
   3.7104840e+02   1.3200694e+02
   3.8752364e+02   1.3208722e+02
   4.0153357e+02   1.3978239e+02
   3.1281311e+02   1.5745904e+02
   3.1216466e+02   1.8046953e+02
   3.1155469e+02   2.0340763e+02
   3.1161173e+02   2.2629595e+02
   2.9378525e+02   2.4094344e+02
   3.0332102e+02   2.4255103e+02
   3.1234955e+02   2.4559083e+02
   3.2124983e+02   2.4232319e+02
   3.3053251e+02   2.4116947e+02
   2.4229573e+02   1.7029425e+02
   2.5677680e+02   1.6070453e+02
   2.7396465e+02   1.6290313e+02
   2.8678957e+02   1.7459505e+02
   2.7151662e+02   1.7759726e+02
   2.5596602e+02   1.7719276e+02
   3.3987145e+02   1.7329812e+02
   3.5178892e+02   1.6188064e+02
   3.6822705e+02   1.5906808e+02
   3.8159633e+02   1.6798960e+02
   3.6928446e+02   1.7575485e+02
   3.5445430e+02   1.7561581e+02
   2.6351258e+02   2.7031810e+02
   2.8028784e+02   2.6601531e+02
   2.9675594e+02   2.6124289e+02
   3.1364628e+02   2.6312721e+02
   3.3018321e+02   2.6133182e+02
   3.4665451e+02   2.6467633e+02
   3.6320353e+02   2.6633624e+02
   3.4768627e+02   2.7632176e+02
   3.3160624e+02   2.8528897e+02
   3.1399107e+02   2.8932359e+02
   2.9610204e+02   2.8587894e+02
   2.7891655e+02   2.7982996e+02
   2.7786382e+02   2.7267438e+02
   2.9575889e+02   2.7069868e+02
   3.1365325e+02   2.7234295e+02
   3.3168636e+02   2.7048495e+02
   3.4945368e+02   2.7047372e+02
   3.3111826e+02   2.7187479e+02
   3.1330022e+02   2.7488756e+02
   2.9556363e+02   2.7213033e+02
