   2.0400063e+02   1.8528201e+02
   2.0752354e+02   2.1241652e+02
   2.1125782e+02   2.3937399e+02
   2.1736186e+02   2.6588167e+02
   2.2677205e+02   2.9138284e+02
   2.4276200e+02   3.1316608e+02
   2.6378481e+02   3.3037101e+02
   2.8890350e+02   3.4085524e+02
   3.1563422e+02   3.4398298e+02
   3.4214502e+02   3.3952815e+02
   3.6493820e+02   3.2483708e+02
   3.8513016e+02   3.0679387e+02
   4.0307302e+02   2.8635367e+02
   4.1384195e+02   2.6153162e+02
   4.1953054e+02   2.3506794e+02
   4.2410585e+02   2.0831848e+02
   4.2706003e+02   1.8141735e+02
   2.2043190e+02   1.4974557e+02
   2.3375501e+02   1.3883466e+02
   2.4995650e+02   1.3376519e+02
   2.6677161e+02   1.3681022e+02
   2.8359660e+02   1.3922792e+02
   3.3905335e+02   1.3900703e+02
   3.5506474e+02   1.3550975e+02
   3.7103612e+02   1.3206768e+02
   3.8732456e+02   1.3230621e+02
   4.0154053e+02   1.3959810e+02
   3.1270120e+02   1.5775850e+02
   3.1218769e+02   1.8056465e+02
   3.1159290e+02   2.0336892e+02
   3.1167877e+02   2.2606889e+02
   2.9304356e+02   2.4101277e+02
   3.0264022e+02   2.4232225e+02
   3.1167692e+02   2.4542323e+02
   3.2089939e+02   2.4236828e+02
   3.3046880e+02   2.4126301e+02
   2.4254387e+02   1.6985829e+02
   2.5691816e+02   1.5919721e+02
   2.7440449e+02   1.6149344e+02
   2.8650194e+02   1.7477404e+02
   2.7124317e+02   1.7746911e+02
   2.5583936e+02   1.7725636e+02
   3.3913258e+02   1.7293172e+02
   3.5158940e+02   1.6054903e+02
   3.6841076e+02   1.5739572e+02
   3.8216963e+02   1.6722082e+02
   3.6947006e+02   1.7543154e+02
   3.5418156e+02   1.7539671e+02
   2.6425412e+02   2.7344272e+02
   2.8058757e+02   2.6792245e+02
   2.9673722e+02   2.6189565e+02
   3.1340503e+02   2.6406953e+02
   3.2913625e+02   2.6175093e+02
   3.4452109e+02   2.6651198e+02
   3.6021353e+02   2.6953595e+02
   3.4556066e+02   2.7901916e+02
   3.3036731e+02   2.8719614e+02
   3.1358138e+02   2.8985462e+02
   2.9627459e+02   2.8747703e+02
   2.7974018e+02   2.8152835e+02
   2.7988554e+02   2.7494191e+02
   2.9661844e+02   2.7266110e+02
   3.1331755e+02   2.7463708e+02
   3.3036783e+02   2.7250307e+02
   3.4733045e+02   2.7266275e+02
   3.3005202e+02   2.7352763e+02
   3.1325295e+02   2.7621729e+02
   2.9650133e+02   2.7355151e+02
