   1.9166127e+02   2.2119907e+02
   1.9542641e+02   2.4888949e+02
   2.0237430e+02   2.7579152e+02
   2.0890124e+02   3.0307911e+02
   2.1958775e+02   3.2863080e+02
   2.3538858e+02   3.5173154e+02
   2.5742478e+02   3.6837393e+02
   2.8394732e+02   3.7662669e+02
   3.1165362e+02   3.7924461e+02
   3.3953280e+02   3.7554059e+02
   3.6563481e+02   3.6609860e+02
   3.8517447e+02   3.4622982e+02
   4.0111572e+02   3.2329521e+02
   4.1058843e+02   2.9706781e+02
   4.1416430e+02   2.6916984e+02
   4.1964426e+02   2.4185450e+02
   4.2172456e+02   2.1410046e+02
   2.2419827e+02   1.8471198e+02
   2.3778254e+02   1.7653485e+02
   2.5382253e+02   1.7477344e+02
   2.6992570e+02   1.7522812e+02
   2.8512538e+02   1.7990504e+02
   3.3594200e+02   1.7950506e+02
   3.5192430e+02   1.7598463e+02
   3.6822202e+02   1.7454286e+02
   3.8430481e+02   1.7614503e+02
   3.9820205e+02   1.8417657e+02
   3.1312057e+02   2.0304209e+02
   3.1445028e+02   2.2139680e+02
   3.1479981e+02   2.3975871e+02
   3.1530405e+02   2.5799957e+02
   2.9141262e+02   2.6977789e+02
   3.0306736e+02   2.7208914e+02
   3.1489411e+02   2.7259895e+02
   3.2384503e+02   2.7149759e+02
   3.3236518e+02   2.6914009e+02
   2.4554547e+02   2.0728019e+02
   2.5812495e+02   1.9966513e+02
   2.7263124e+02   2.0025992e+02
   2.8464533e+02   2.0852913e+02
   2.7156694e+02   2.1147534e+02
   2.5825345e+02   2.1117810e+02
   3.3681647e+02   2.0750170e+02
   3.4967562e+02   1.9858713e+02
   3.6524662e+02   1.9835354e+02
   3.7884592e+02   2.0596768e+02
   3.6503053e+02   2.0932943e+02
   3.5078300e+02   2.0940352e+02
   2.6217355e+02   3.0141409e+02
   2.7901341e+02   2.9671518e+02
   2.9633413e+02   2.9444516e+02
   3.1359519e+02   2.9478604e+02
   3.2869550e+02   2.9363004e+02
   3.4375930e+02   2.9440473e+02
   3.5868379e+02   2.9573867e+02
   3.4664682e+02   3.0919493e+02
   3.3023552e+02   3.1685412e+02
   3.1264995e+02   3.2076319e+02
   2.9441491e+02   3.1824196e+02
   2.7726528e+02   3.1161230e+02
   2.7040086e+02   3.0309654e+02
   2.9211121e+02   3.0222422e+02
   3.1365190e+02   3.0156602e+02
   3.3234549e+02   3.0042994e+02
   3.5083471e+02   2.9954716e+02
   3.3235538e+02   3.0678481e+02
   3.1284818e+02   3.0930392e+02
   2.9112138e+02   3.0875786e+02
