   1.9363727e+02   1.8313785e+02
   1.9496086e+02   2.1364460e+02
   1.9912631e+02   2.4369259e+02
   2.0579326e+02   2.7344064e+02
   2.1493358e+02   3.0214719e+02
   2.3396555e+02   3.2577230e+02
   2.5777751e+02   3.4449537e+02
   2.8521742e+02   3.5724365e+02
   3.1506613e+02   3.6018361e+02
   3.4671535e+02   3.5716189e+02
   3.7590749e+02   3.4468014e+02
   4.0081406e+02   3.2495760e+02
   4.1910022e+02   2.9921282e+02
   4.2718395e+02   2.6852969e+02
   4.3250789e+02   2.3719890e+02
   4.3643671e+02   2.0577177e+02
   4.3572927e+02   1.7409494e+02
   2.1664483e+02   1.3542058e+02
   2.3220172e+02   1.3015875e+02
   2.4867117e+02   1.3044370e+02
   2.6482488e+02   1.3315622e+02
   2.8005539e+02   1.3917733e+02
   3.4202612e+02   1.4239743e+02
   3.5857011e+02   1.3560796e+02
   3.7576355e+02   1.3106802e+02
   3.9344990e+02   1.3252243e+02
   4.0927380e+02   1.4024705e+02
   3.1164758e+02   1.7406010e+02
   3.1119922e+02   1.9602061e+02
   3.1024919e+02   2.1777314e+02
   3.1107112e+02   2.3934758e+02
   2.8870963e+02   2.4978860e+02
   2.9979407e+02   2.5502131e+02
   3.1162419e+02   2.5735969e+02
   3.2276448e+02   2.5493397e+02
   3.3288501e+02   2.4999018e+02
   2.3702393e+02   1.7794381e+02
   2.5168125e+02   1.7046897e+02
   2.6838314e+02   1.7187754e+02
   2.8214369e+02   1.8099345e+02
   2.6680080e+02   1.8385967e+02
   2.5128712e+02   1.8379761e+02
   3.4310216e+02   1.8038938e+02
   3.5817387e+02   1.7246577e+02
   3.7556819e+02   1.7259689e+02
   3.9104093e+02   1.7972247e+02
   3.7517394e+02   1.8381449e+02
   3.5887339e+02   1.8390959e+02
   2.7039874e+02   2.9118858e+02
   2.8412510e+02   2.8487394e+02
   2.9771975e+02   2.7824976e+02
   3.1224939e+02   2.7924622e+02
   3.2727690e+02   2.7565483e+02
   3.4173296e+02   2.8173573e+02
   3.5543423e+02   2.8947705e+02
   3.4143496e+02   2.9701929e+02
   3.2719754e+02   3.0407345e+02
   3.1171190e+02   3.0727576e+02
   2.9692865e+02   3.0473360e+02
   2.8308187e+02   2.9894720e+02
   2.8754186e+02   2.9095018e+02
   2.9964336e+02   2.8704038e+02
   3.1238342e+02   2.8748989e+02
   3.2530085e+02   2.8622276e+02
   3.3764642e+02   2.8903820e+02
   3.2461025e+02   2.9170058e+02
   3.1142736e+02   2.9286478e+02
   2.9939656e+02   2.9253370e+02
