   2.2224300e+02   1.8339296e+02
   2.1958767e+02   2.1411515e+02
   2.2166204e+02   2.4494630e+02
   2.2711775e+02   2.7495560e+02
   2.3841703e+02   3.0354890e+02
   2.5161564e+02   3.3152144e+02
   2.7631893e+02   3.4932187e+02
   3.0577431e+02   3.5786736e+02
   3.3594700e+02   3.6234165e+02
   3.6633297e+02   3.5907935e+02
   3.9538837e+02   3.4993886e+02
   4.2143649e+02   3.3450127e+02
   4.3729644e+02   3.0853712e+02
   4.4942314e+02   2.8062241e+02
   4.5847238e+02   2.5158133e+02
   4.6358529e+02   2.2146033e+02
   4.6347834e+02   1.9122723e+02
   2.2550171e+02   1.5811466e+02
   2.3307839e+02   1.4250010e+02
   2.4633077e+02   1.3166478e+02
   2.6261771e+02   1.2578274e+02
   2.7970528e+02   1.2565983e+02
   3.5777033e+02   1.1875063e+02
   3.7761719e+02   1.1743691e+02
   3.9690588e+02   1.2124037e+02
   4.1348270e+02   1.3177703e+02
   4.2533764e+02   1.4729263e+02
   3.2375144e+02   1.7043963e+02
   3.2198272e+02   1.9084277e+02
   3.2105307e+02   2.1113633e+02
   3.1964354e+02   2.3127747e+02
   3.0321665e+02   2.4726029e+02
   3.1352155e+02   2.5183221e+02
   3.2469921e+02   2.5236473e+02
   3.3778503e+02   2.5161536e+02
   3.5039473e+02   2.4854569e+02
   2.5392879e+02   1.7739978e+02
   2.6857742e+02   1.6621043e+02
   2.8696142e+02   1.6756036e+02
   2.9961500e+02   1.8066184e+02
   2.8369203e+02   1.8629859e+02
   2.6713546e+02   1.8688361e+02
   3.5282259e+02   1.7504761e+02
   3.6565671e+02   1.6118218e+02
   3.8448789e+02   1.5817928e+02
   3.9985476e+02   1.6867724e+02
   3.8628953e+02   1.7918876e+02
   3.6919564e+02   1.8036132e+02
   2.8823824e+02   2.8956746e+02
   2.9769451e+02   2.7622988e+02
   3.1315369e+02   2.7027466e+02
   3.2958237e+02   2.7069992e+02
   3.4635565e+02   2.6998150e+02
   3.6240654e+02   2.7506752e+02
   3.7614132e+02   2.8458564e+02
   3.6177454e+02   2.9064164e+02
   3.4668279e+02   2.9390318e+02
   3.3132388e+02   2.9419712e+02
   3.1665598e+02   2.9490768e+02
   3.0219439e+02   2.9336755e+02
   3.0662022e+02   2.8242842e+02
   3.1837778e+02   2.8062138e+02
   3.3004681e+02   2.8040124e+02
   3.4156319e+02   2.7960997e+02
   3.5287714e+02   2.8015339e+02
   3.4133201e+02   2.8003715e+02
   3.3002233e+02   2.8074917e+02
   3.1821188e+02   2.8115533e+02
