   2.2326353e+02   1.8345500e+02
   2.2059811e+02   2.1413361e+02
   2.2265634e+02   2.4493144e+02
   2.2809017e+02   2.7490212e+02
   2.3935839e+02   3.0346289e+02
   2.5253236e+02   3.3141589e+02
   2.7722077e+02   3.4915851e+02
   3.0669721e+02   3.5752312e+02
   3.3683766e+02   3.6199803e+02
   3.6719021e+02   3.5875652e+02
   3.9623896e+02   3.4969308e+02
   4.2228023e+02   3.3428683e+02
   4.3807644e+02   3.0831668e+02
   4.5022491e+02   2.8045014e+02
   4.5925269e+02   2.5144000e+02
   4.6433704e+02   2.2135310e+02
   4.6381033e+02   1.9113960e+02
   2.2544803e+02   1.5863185e+02
   2.3278447e+02   1.4294942e+02
   2.4562631e+02   1.3171130e+02
   2.6171279e+02   1.2561704e+02
   2.7870964e+02   1.2513197e+02
   3.5838270e+02   1.1799526e+02
   3.7825959e+02   1.1677141e+02
   3.9754254e+02   1.2057603e+02
   4.1393434e+02   1.3152358e+02
   4.2578402e+02   1.4710309e+02
   3.2388794e+02   1.7050834e+02
   3.2202425e+02   1.9086070e+02
   3.2111668e+02   2.1111887e+02
   3.1976527e+02   2.3120922e+02
   3.0367508e+02   2.4717068e+02
   3.1395764e+02   2.5174367e+02
   3.2512016e+02   2.5221671e+02
   3.3835557e+02   2.5138913e+02
   3.5120413e+02   2.4848503e+02
   2.5425141e+02   1.7759795e+02
   2.6894763e+02   1.6646377e+02
   2.8728771e+02   1.6776726e+02
   2.9994673e+02   1.8083672e+02
   2.8402480e+02   1.8656595e+02
   2.6745093e+02   1.8715446e+02
   3.5300214e+02   1.7494121e+02
   3.6574768e+02   1.6107105e+02
   3.8450229e+02   1.5791832e+02
   3.9989267e+02   1.6827856e+02
   3.8645232e+02   1.7896613e+02
   3.6938049e+02   1.8025164e+02
   2.8887035e+02   2.8947559e+02
   2.9825525e+02   2.7596257e+02
   3.1384207e+02   2.6998077e+02
   3.3040264e+02   2.7030942e+02
   3.4718623e+02   2.6960226e+02
   3.6327749e+02   2.7453805e+02
   3.7697739e+02   2.8407269e+02
   3.6261947e+02   2.9005665e+02
   3.4756099e+02   2.9324295e+02
   3.3225895e+02   2.9353590e+02
   3.1752164e+02   2.9442815e+02
   3.0295813e+02   2.9311588e+02
   3.0728672e+02   2.8209547e+02
   3.1912248e+02   2.8025711e+02
   3.3086302e+02   2.7996197e+02
   3.4230512e+02   2.7906928e+02
   3.5355666e+02   2.7948657e+02
   3.4209152e+02   2.7938260e+02
   3.3087324e+02   2.8022832e+02
   3.1896314e+02   2.8070893e+02
