   1.9423215e+02   2.1467422e+02
   1.9493032e+02   2.4423937e+02
   1.9749839e+02   2.7341991e+02
   2.0257859e+02   3.0249995e+02
   2.1344633e+02   3.2949676e+02
   2.2969233e+02   3.5400055e+02
   2.5251383e+02   3.7228829e+02
   2.8058127e+02   3.8090476e+02
   3.0960752e+02   3.8321702e+02
   3.3891397e+02   3.7939612e+02
   3.6637158e+02   3.6828339e+02
   3.9023148e+02   3.5116376e+02
   4.0605443e+02   3.2607994e+02
   4.1545593e+02   2.9804524e+02
   4.1897793e+02   2.6886597e+02
   4.1992641e+02   2.3930464e+02
   4.1857454e+02   2.0980148e+02
   2.1392412e+02   1.8864305e+02
   2.2598196e+02   1.7781577e+02
   2.4236875e+02   1.7564890e+02
   2.5893822e+02   1.7487222e+02
   2.7544514e+02   1.7582055e+02
   3.1759235e+02   1.7241641e+02
   3.3579602e+02   1.7176920e+02
   3.5396076e+02   1.7013397e+02
   3.7213812e+02   1.7006521e+02
   3.8745373e+02   1.7873387e+02
   3.0019325e+02   1.9884770e+02
   2.9982859e+02   2.1506682e+02
   2.9914003e+02   2.3096513e+02
   2.9959622e+02   2.4701571e+02
   2.7953609e+02   2.6641358e+02
   2.9028173e+02   2.6673723e+02
   3.0094043e+02   2.6673604e+02
   3.1281244e+02   2.6530431e+02
   3.2435910e+02   2.6293703e+02
   2.4145415e+02   2.0853124e+02
   2.5288443e+02   1.9970383e+02
   2.6743167e+02   1.9984540e+02
   2.7857167e+02   2.0896905e+02
   2.6601955e+02   2.1082168e+02
   2.5342372e+02   2.1200215e+02
   3.2392695e+02   2.0524547e+02
   3.3422359e+02   1.9637147e+02
   3.4765892e+02   1.9453854e+02
   3.5916221e+02   2.0118418e+02
   3.4828853e+02   2.0661297e+02
   3.3606018e+02   2.0631569e+02
   2.6232661e+02   3.0801627e+02
   2.7477565e+02   2.9852361e+02
   2.8766375e+02   2.8978344e+02
   3.0273062e+02   2.9064698e+02
   3.1878884e+02   2.8660318e+02
   3.3391320e+02   2.9450662e+02
   3.4916190e+02   3.0186770e+02
   3.3644573e+02   3.1087861e+02
   3.2135640e+02   3.1541779e+02
   3.0584719e+02   3.1705829e+02
   2.9061886e+02   3.1782876e+02
   2.7560889e+02   3.1521081e+02
   2.7111272e+02   3.0645179e+02
   2.8671287e+02   3.0066122e+02
   3.0312500e+02   2.9989560e+02
   3.2198372e+02   2.9736230e+02
   3.4049868e+02   3.0107698e+02
   3.2194394e+02   2.9915034e+02
   3.0352623e+02   3.0140422e+02
   2.8688882e+02   3.0239901e+02
