   1.9451627e+02   2.1455905e+02
   1.9522007e+02   2.4448808e+02
   1.9783469e+02   2.7403089e+02
   2.0307510e+02   3.0322715e+02
   2.1440648e+02   3.3065348e+02
   2.3108022e+02   3.5506696e+02
   2.5336448e+02   3.7463366e+02
   2.8129481e+02   3.8434640e+02
   3.1067153e+02   3.8727182e+02
   3.4019639e+02   3.8243924e+02
   3.6766734e+02   3.7122393e+02
   3.9100357e+02   3.5277184e+02
   4.0661959e+02   3.2749121e+02
   4.1505262e+02   2.9891335e+02
   4.1834229e+02   2.6917011e+02
   4.1979893e+02   2.3948777e+02
   4.1846131e+02   2.0982576e+02
   2.1419037e+02   1.8857442e+02
   2.2623758e+02   1.7778311e+02
   2.4259479e+02   1.7563386e+02
   2.5913271e+02   1.7486807e+02
   2.7560703e+02   1.7582202e+02
   3.1767713e+02   1.7245286e+02
   3.3584949e+02   1.7181343e+02
   3.5398277e+02   1.7019165e+02
   3.7212844e+02   1.7013491e+02
   3.8741413e+02   1.7879542e+02
   3.0029993e+02   1.9882630e+02
   2.9992402e+02   2.1501463e+02
   2.9922752e+02   2.3088369e+02
   2.9967052e+02   2.4690428e+02
   2.7963767e+02   2.6625784e+02
   2.9036360e+02   2.6658716e+02
   3.0100260e+02   2.6659107e+02
   3.1375935e+02   2.6501048e+02
   3.2613842e+02   2.6235945e+02
   2.4198339e+02   2.0847300e+02
   2.5348492e+02   1.9977488e+02
   2.6807481e+02   1.9998207e+02
   2.7904251e+02   2.0915112e+02
   2.6648563e+02   2.1110450e+02
   2.5386384e+02   2.1241741e+02
   3.2386334e+02   2.0546129e+02
   3.3422593e+02   1.9598883e+02
   3.4832882e+02   1.9453073e+02
   3.6023908e+02   2.0167233e+02
   3.4876699e+02   2.0632433e+02
   3.3627156e+02   2.0631671e+02
   2.6266039e+02   3.0953707e+02
   2.7532935e+02   2.9950802e+02
   2.8782761e+02   2.8944060e+02
   3.0335588e+02   2.8953895e+02
   3.1864862e+02   2.8607761e+02
   3.3266192e+02   2.9408960e+02
   3.4637749e+02   3.0252425e+02
   3.3579314e+02   3.1318673e+02
   3.2154997e+02   3.1865369e+02
   3.0661908e+02   3.2066064e+02
   2.9112535e+02   3.2077219e+02
   2.7612271e+02   3.1697286e+02
   2.7978773e+02   3.0578916e+02
   2.9075050e+02   2.9826810e+02
   3.0403681e+02   2.9821193e+02
   3.1839725e+02   2.9606933e+02
   3.3136734e+02   3.0201453e+02
   3.1815874e+02   3.0439863e+02
   3.0480367e+02   3.0620843e+02
   2.9210213e+02   3.0626554e+02
