   1.7267809e+02   2.2617698e+02
   1.6982431e+02   2.5449639e+02
   1.7301863e+02   2.8282445e+02
   1.7897096e+02   3.1040243e+02
   1.9023377e+02   3.3653711e+02
   2.0613323e+02   3.5976056e+02
   2.2791499e+02   3.7824713e+02
   2.5227113e+02   3.9263861e+02
   2.7987591e+02   3.9575714e+02
   3.0722699e+02   3.8969427e+02
   3.3185465e+02   3.7653696e+02
   3.5100558e+02   3.5627996e+02
   3.6733442e+02   3.3338598e+02
   3.7728821e+02   3.0748203e+02
   3.8171967e+02   2.7981980e+02
   3.8322311e+02   2.5174211e+02
   3.8416536e+02   2.2397377e+02
   1.8202059e+02   1.9993147e+02
   1.9510088e+02   1.8713409e+02
   2.1278775e+02   1.8229562e+02
   2.3077115e+02   1.8537200e+02
   2.4779548e+02   1.9218856e+02
   2.9156426e+02   1.8903321e+02
   3.0805852e+02   1.8048695e+02
   3.2590752e+02   1.7600932e+02
   3.4398563e+02   1.7868327e+02
   3.5755243e+02   1.9055264e+02
   2.7346171e+02   2.1379571e+02
   2.7346945e+02   2.3683043e+02
   2.7329961e+02   2.5999274e+02
   2.7281934e+02   2.8287989e+02
   2.4454797e+02   2.9090673e+02
   2.5819520e+02   2.9584011e+02
   2.7254493e+02   2.9710683e+02
   2.8803982e+02   2.9525731e+02
   3.0185452e+02   2.8846758e+02
   2.0378644e+02   2.2542816e+02
   2.1720820e+02   2.1504975e+02
   2.3417038e+02   2.1822338e+02
   2.4710488e+02   2.2963900e+02
   2.3236133e+02   2.3018205e+02
   2.1762670e+02   2.2992505e+02
   2.9583340e+02   2.2664543e+02
   3.0807289e+02   2.1403530e+02
   3.2528926e+02   2.1051524e+02
   3.4036178e+02   2.1899913e+02
   3.2622880e+02   2.2519943e+02
   3.1110623e+02   2.2724908e+02
   2.2707872e+02   3.1377870e+02
   2.4312873e+02   3.0980726e+02
   2.5943611e+02   3.0830697e+02
   2.7575517e+02   3.0883253e+02
   2.9308763e+02   3.0647008e+02
   3.1044978e+02   3.0508416e+02
   3.2770443e+02   3.0681677e+02
   3.1476402e+02   3.2548800e+02
   2.9898556e+02   3.4167333e+02
   2.7791209e+02   3.4853069e+02
   2.5673009e+02   3.4473073e+02
   2.4012143e+02   3.3100908e+02
   2.3937728e+02   3.2132246e+02
   2.5167583e+02   3.1503012e+02
   2.7582237e+02   3.1808355e+02
   3.0176702e+02   3.1165472e+02
   3.1473573e+02   3.1834123e+02
   3.0442720e+02   3.2502774e+02
   2.7638632e+02   3.3224720e+02
   2.4991340e+02   3.2761479e+02
