   1.7351125e+02   2.2693792e+02
   1.7019639e+02   2.5510763e+02
   1.7334274e+02   2.8340763e+02
   1.7936948e+02   3.1099062e+02
   1.9029611e+02   3.3717557e+02
   2.0635340e+02   3.6030117e+02
   2.2804951e+02   3.7881746e+02
   2.5259383e+02   3.9277762e+02
   2.8023130e+02   3.9578257e+02
   3.0769970e+02   3.8995437e+02
   3.3252887e+02   3.7703072e+02
   3.5167263e+02   3.5663462e+02
   3.6800833e+02   3.3370399e+02
   3.7791363e+02   3.0765477e+02
   3.8236205e+02   2.7991240e+02
   3.8379891e+02   2.5176882e+02
   3.8442147e+02   2.2390975e+02
   1.8170755e+02   2.0053974e+02
   1.9486667e+02   1.8780542e+02
   2.1252876e+02   1.8292802e+02
   2.3056844e+02   1.8578017e+02
   2.4761144e+02   1.9254093e+02
   2.9147328e+02   1.8922007e+02
   3.0797605e+02   1.8059388e+02
   3.2585147e+02   1.7604114e+02
   3.4398238e+02   1.7865621e+02
   3.5762439e+02   1.9050493e+02
   2.7341691e+02   2.1410700e+02
   2.7350781e+02   2.3719666e+02
   2.7342118e+02   2.6041486e+02
   2.7302238e+02   2.8335835e+02
   2.4539257e+02   2.9198362e+02
   2.5880504e+02   2.9666558e+02
   2.7285575e+02   2.9779590e+02
   2.8807069e+02   2.9589359e+02
   3.0163588e+02   2.8917987e+02
   2.0371589e+02   2.2599368e+02
   2.1712459e+02   2.1557083e+02
   2.3411903e+02   2.1872287e+02
   2.4702037e+02   2.3019458e+02
   2.3225253e+02   2.3078077e+02
   2.1749886e+02   2.3063080e+02
   2.9607900e+02   2.2710347e+02
   3.0816891e+02   2.1443022e+02
   3.2533743e+02   2.1086108e+02
   3.4049540e+02   2.1908136e+02
   3.2655338e+02   2.2561273e+02
   3.1137496e+02   2.2750324e+02
   2.2885629e+02   3.1629772e+02
   2.4425045e+02   3.1176251e+02
   2.6002301e+02   3.0963643e+02
   2.7595307e+02   3.1020466e+02
   2.9299371e+02   3.0778344e+02
   3.0998375e+02   3.0715418e+02
   3.2668811e+02   3.0964183e+02
   3.1388896e+02   3.2720972e+02
   2.9864227e+02   3.4266050e+02
   2.7835549e+02   3.4908955e+02
   2.5790356e+02   3.4565722e+02
   2.4169228e+02   3.3267306e+02
   2.4076729e+02   3.2275845e+02
   2.5267830e+02   3.1688855e+02
   2.7615318e+02   3.1955930e+02
   3.0144955e+02   3.1366051e+02
   3.1406883e+02   3.1982174e+02
   3.0382269e+02   3.2598298e+02
   2.7672769e+02   3.3267939e+02
   2.5116758e+02   3.2862836e+02
