   2.0371092e+02   1.9949165e+02
   2.0558228e+02   2.2923614e+02
   2.1080660e+02   2.5840842e+02
   2.1855421e+02   2.8707129e+02
   2.2970660e+02   3.1467971e+02
   2.4584912e+02   3.3944099e+02
   2.6683512e+02   3.6033386e+02
   2.9309909e+02   3.7377366e+02
   3.2226512e+02   3.7570368e+02
   3.5162731e+02   3.6887827e+02
   3.7741503e+02   3.5387266e+02
   3.9794815e+02   3.3206459e+02
   4.1295734e+02   3.0618510e+02
   4.2149970e+02   2.7765819e+02
   4.2350368e+02   2.4771967e+02
   4.2260599e+02   2.1796801e+02
   4.2270912e+02   1.8799907e+02
   2.1265545e+02   1.8473765e+02
   2.2559918e+02   1.6993931e+02
   2.4599738e+02   1.6753481e+02
   2.6660646e+02   1.6685952e+02
   2.8713146e+02   1.6713114e+02
   3.2051040e+02   1.6362937e+02
   3.4066940e+02   1.5954203e+02
   3.6101254e+02   1.5840582e+02
   3.8123697e+02   1.6096261e+02
   4.0046433e+02   1.6773976e+02
   3.0481827e+02   1.7874107e+02
   3.0625174e+02   2.0536841e+02
   3.0837242e+02   2.3182570e+02
   3.1121070e+02   2.5797760e+02
   2.9164438e+02   2.7134438e+02
   3.0143077e+02   2.7424074e+02
   3.1159843e+02   2.7483196e+02
   3.2223328e+02   2.7346276e+02
   3.3198910e+02   2.6914511e+02
   2.3592062e+02   2.0613403e+02
   2.5165978e+02   2.0284678e+02
   2.6741777e+02   2.0081790e+02
   2.8296544e+02   2.0341528e+02
   2.6713193e+02   2.0526933e+02
   2.5151311e+02   2.0783130e+02
   3.3544825e+02   1.9879354e+02
   3.5156709e+02   1.9427849e+02
   3.6844398e+02   1.9491891e+02
   3.8509025e+02   1.9688983e+02
   3.6871195e+02   2.0013369e+02
   3.5200896e+02   1.9966585e+02
   2.8255821e+02   3.1056260e+02
   2.9050650e+02   3.0081617e+02
   3.0182671e+02   2.9533907e+02
   3.1402959e+02   2.9690673e+02
   3.2788589e+02   2.9334490e+02
   3.4180977e+02   2.9706588e+02
   3.5363429e+02   3.0528042e+02
   3.4135176e+02   3.1162363e+02
   3.3145308e+02   3.2144157e+02
   3.1835087e+02   3.2454107e+02
   3.0534567e+02   3.2302590e+02
   2.9366170e+02   3.1732616e+02
   2.9032536e+02   3.0497152e+02
   2.9809250e+02   3.0482637e+02
   3.1443368e+02   3.0476749e+02
   3.3411211e+02   3.0137042e+02
   3.4387320e+02   3.0162066e+02
   3.3403486e+02   3.0187090e+02
   3.1477471e+02   3.0493821e+02
   2.9812503e+02   3.0511668e+02
