   2.1506248e+02   2.3917912e+02
   2.1526249e+02   2.6933160e+02
   2.1701579e+02   2.9925100e+02
   2.1997553e+02   3.2919131e+02
   2.2739455e+02   3.5811496e+02
   2.4563358e+02   3.8158134e+02
   2.7048935e+02   3.9859381e+02
   2.9847617e+02   4.0936429e+02
   3.2769817e+02   4.1460372e+02
   3.5664533e+02   4.1188320e+02
   3.8411567e+02   4.0224067e+02
   4.0939045e+02   3.8795881e+02
   4.2841945e+02   3.6610718e+02
   4.3841271e+02   3.3889709e+02
   4.4514536e+02   3.1053352e+02
   4.4948481e+02   2.8157737e+02
   4.5214940e+02   2.5281810e+02
   2.3859585e+02   2.0462315e+02
   2.5619642e+02   1.9345905e+02
   2.7719309e+02   1.9137247e+02
   2.9820791e+02   1.9371716e+02
   3.1785106e+02   2.0081035e+02
   3.5991197e+02   2.0577907e+02
   3.8031011e+02   2.0155123e+02
   4.0112748e+02   2.0174205e+02
   4.2097877e+02   2.0761492e+02
   4.3681708e+02   2.2053731e+02
   3.3908828e+02   2.2924778e+02
   3.3856822e+02   2.4653125e+02
   3.3770382e+02   2.6389272e+02
   3.3698351e+02   2.8098491e+02
   2.9943226e+02   3.0143125e+02
   3.1606678e+02   3.0752147e+02
   3.3354840e+02   3.0987568e+02
   3.4830491e+02   3.0962299e+02
   3.6265192e+02   3.0656727e+02
   2.6215915e+02   2.3329721e+02
   2.7674258e+02   2.2528687e+02
   2.9311889e+02   2.2665709e+02
   3.0441434e+02   2.3837004e+02
   2.8987570e+02   2.3974867e+02
   2.7554648e+02   2.3853447e+02
   3.6796105e+02   2.4226756e+02
   3.8116705e+02   2.3316048e+02
   3.9722110e+02   2.3316397e+02
   4.0856924e+02   2.4393046e+02
   3.9503594e+02   2.4734197e+02
   3.8117971e+02   2.4663311e+02
   2.7228708e+02   3.2460005e+02
   2.9246680e+02   3.2299638e+02
   3.1257118e+02   3.2277921e+02
   3.3245712e+02   3.2504531e+02
   3.5053374e+02   3.2546076e+02
   3.6829046e+02   3.2843862e+02
   3.8581153e+02   3.3260834e+02
   3.6982523e+02   3.4549787e+02
   3.5044631e+02   3.5237822e+02
   3.2998148e+02   3.5338623e+02
   3.0802233e+02   3.4966218e+02
   2.8785170e+02   3.4015989e+02
   2.7926776e+02   3.2690436e+02
   3.0582881e+02   3.2954874e+02
   3.3193065e+02   3.3412689e+02
   3.5579286e+02   3.3237956e+02
   3.7954046e+02   3.3397535e+02
   3.5596012e+02   3.4429655e+02
   3.3039916e+02   3.4643964e+02
   3.0294901e+02   3.4133614e+02
