   1.8856795e+02   1.4914602e+02
   1.8730668e+02   1.8016223e+02
   1.8884174e+02   2.1120570e+02
   1.9497382e+02   2.4144886e+02
   2.0606501e+02   2.7044987e+02
   2.2287792e+02   2.9644769e+02
   2.4765650e+02   3.1455313e+02
   2.7645006e+02   3.2615944e+02
   3.0677728e+02   3.3144935e+02
   3.3760678e+02   3.2771382e+02
   3.6639998e+02   3.1604470e+02
   3.8989643e+02   2.9597198e+02
   4.0711239e+02   2.7024585e+02
   4.1820031e+02   2.4149306e+02
   4.2309756e+02   2.1079756e+02
   4.2337246e+02   1.7982829e+02
   4.2003118e+02   1.4919243e+02
   2.1403687e+02   1.3531297e+02
   2.2623991e+02   1.2487242e+02
   2.4242393e+02   1.2299474e+02
   2.5870070e+02   1.2462607e+02
   2.7468932e+02   1.2808431e+02
   3.3611955e+02   1.2751054e+02
   3.5104800e+02   1.2385771e+02
   3.6617051e+02   1.2287033e+02
   3.8120282e+02   1.2563385e+02
   3.9378607e+02   1.3380329e+02
   3.0582594e+02   1.4089078e+02
   3.0598775e+02   1.6109482e+02
   3.0594916e+02   1.8123886e+02
   3.0572097e+02   2.0129805e+02
   2.8625010e+02   2.2157070e+02
   2.9601072e+02   2.2048808e+02
   3.0577023e+02   2.2026044e+02
   3.1491642e+02   2.2100901e+02
   3.2392868e+02   2.2241745e+02
   2.3890594e+02   1.5214930e+02
   2.5051094e+02   1.4733028e+02
   2.6297670e+02   1.4819181e+02
   2.7392134e+02   1.5382923e+02
   2.6211951e+02   1.5290931e+02
   2.5023944e+02   1.5330699e+02
   3.3710209e+02   1.5529148e+02
   3.4863055e+02   1.5017108e+02
   3.6133031e+02   1.4984901e+02
   3.7327254e+02   1.5361921e+02
   3.6127986e+02   1.5432032e+02
   3.4911935e+02   1.5420965e+02
   2.6707181e+02   2.5778644e+02
   2.7820499e+02   2.4850278e+02
   2.9187827e+02   2.4430954e+02
   3.0580862e+02   2.4728411e+02
   3.2107128e+02   2.4474390e+02
   3.3575532e+02   2.5001190e+02
   3.4834994e+02   2.5910615e+02
   3.3538577e+02   2.6669959e+02
   3.2047550e+02   2.6985114e+02
   3.0551396e+02   2.7112482e+02
   2.9164655e+02   2.6929038e+02
   2.7826359e+02   2.6572614e+02
   2.7676821e+02   2.5425019e+02
   2.8646460e+02   2.5405853e+02
   3.0582501e+02   2.5703209e+02
   3.2735741e+02   2.5492909e+02
   3.3785368e+02   2.5509494e+02
   3.2714007e+02   2.5526079e+02
   3.0582570e+02   2.5737669e+02
   2.8633600e+02   2.5444185e+02
