   1.8947842e+02   1.4882193e+02
   1.8793222e+02   1.7966567e+02
   1.8935762e+02   2.1034606e+02
   1.9577927e+02   2.4042433e+02
   2.0590148e+02   2.6941023e+02
   2.2258167e+02   2.9506532e+02
   2.4689412e+02   3.1364167e+02
   2.7515805e+02   3.2546133e+02
   3.0516373e+02   3.3169704e+02
   3.3613815e+02   3.2806970e+02
   3.6489853e+02   3.1636960e+02
   3.8840224e+02   2.9618919e+02
   4.0631735e+02   2.7066534e+02
   4.1797640e+02   2.4201958e+02
   4.2297193e+02   2.1125776e+02
   4.2334888e+02   1.8019956e+02
   4.1991929e+02   1.4943812e+02
   2.1583694e+02   1.3469847e+02
   2.2810925e+02   1.2521061e+02
   2.4380993e+02   1.2430811e+02
   2.5954870e+02   1.2622415e+02
   2.7500077e+02   1.2913207e+02
   3.3619530e+02   1.2961193e+02
   3.5108811e+02   1.2604462e+02
   3.6619694e+02   1.2507696e+02
   3.8122992e+02   1.2723391e+02
   3.9308673e+02   1.3613066e+02
   3.0576103e+02   1.4263484e+02
   3.0588754e+02   1.6254550e+02
   3.0607007e+02   1.8239369e+02
   3.0606488e+02   2.0205792e+02
   2.8683228e+02   2.2264487e+02
   2.9640970e+02   2.2072603e+02
   3.0608035e+02   2.2007510e+02
   3.1549463e+02   2.2109705e+02
   3.2460298e+02   2.2340140e+02
   2.4188274e+02   1.5148133e+02
   2.5233572e+02   1.4833652e+02
   2.6318438e+02   1.4922587e+02
   2.7340012e+02   1.5301760e+02
   2.6299422e+02   1.5053323e+02
   2.5241379e+02   1.4999223e+02
   3.3840814e+02   1.5440435e+02
   3.4986733e+02   1.5146928e+02
   3.6168942e+02   1.5194206e+02
   3.7299098e+02   1.5520302e+02
   3.6148586e+02   1.5323882e+02
   3.4987467e+02   1.5266766e+02
   2.7126804e+02   2.5799204e+02
   2.8170963e+02   2.5100762e+02
   2.9359572e+02   2.4741851e+02
   3.0573037e+02   2.4981823e+02
   3.1838408e+02   2.4832182e+02
   3.3046491e+02   2.5250217e+02
   3.4053465e+02   2.6028976e+02
   3.3030337e+02   2.6745487e+02
   3.1746843e+02   2.6864148e+02
   3.0474194e+02   2.6927922e+02
   2.9264929e+02   2.6817174e+02
   2.8101747e+02   2.6491982e+02
   2.7987783e+02   2.5570715e+02
   2.8848763e+02   2.5552473e+02
   3.0548965e+02   2.5827418e+02
   3.2324951e+02   2.5687305e+02
   3.3189208e+02   2.5692186e+02
   3.2302384e+02   2.5697067e+02
   3.0548878e+02   2.5861539e+02
   2.8830058e+02   2.5588958e+02
