   1.8945531e+02   1.4888051e+02
   1.8794076e+02   1.7972464e+02
   1.8938729e+02   2.1034744e+02
   1.9594078e+02   2.4038768e+02
   2.0585103e+02   2.6937508e+02
   2.2254152e+02   2.9492210e+02
   2.4684024e+02   3.1358711e+02
   2.7504877e+02   3.2536739e+02
   3.0499890e+02   3.3177710e+02
   3.3595479e+02   3.2818427e+02
   3.6463891e+02   3.1645328e+02
   3.8810736e+02   2.9630260e+02
   4.0611382e+02   2.7082018e+02
   4.1791157e+02   2.4226306e+02
   4.2295754e+02   2.1152136e+02
   4.2336218e+02   1.8051430e+02
   4.1979260e+02   1.4976728e+02
   2.1584393e+02   1.3471142e+02
   2.2821494e+02   1.2539094e+02
   2.4387622e+02   1.2460019e+02
   2.5957691e+02   1.2665662e+02
   2.7500455e+02   1.2940185e+02
   3.3591143e+02   1.3000641e+02
   3.5073345e+02   1.2632668e+02
   3.6581803e+02   1.2525160e+02
   3.8081531e+02   1.2730928e+02
   3.9260524e+02   1.3619811e+02
   3.0553764e+02   1.4297589e+02
   3.0573760e+02   1.6281197e+02
   3.0600820e+02   1.8256454e+02
   3.0601684e+02   2.0212935e+02
   2.8702316e+02   2.2296010e+02
   2.9654927e+02   2.2089886e+02
   3.0618046e+02   2.2013727e+02
   3.1566994e+02   2.2120176e+02
   3.2480118e+02   2.2368552e+02
   2.4230396e+02   1.5145009e+02
   2.5256614e+02   1.4845760e+02
   2.6321286e+02   1.4942477e+02
   2.7317929e+02   1.5321965e+02
   2.6300087e+02   1.5056376e+02
   2.5262478e+02   1.4980933e+02
   3.3838616e+02   1.5428897e+02
   3.4978993e+02   1.5151095e+02
   3.6152931e+02   1.5194730e+02
   3.7268010e+02   1.5540496e+02
   3.6130781e+02   1.5316783e+02
   3.4978543e+02   1.5256048e+02
   2.7243531e+02   2.5815656e+02
   2.8263549e+02   2.5172970e+02
   2.9402510e+02   2.4824674e+02
   3.0566137e+02   2.5050905e+02
   3.1760545e+02   2.4923828e+02
   3.2903481e+02   2.5304167e+02
   3.3852442e+02   2.6035490e+02
   3.2915549e+02   2.6769940e+02
   3.1683238e+02   2.6840602e+02
   3.0464449e+02   2.6890121e+02
   2.9299202e+02   2.6803874e+02
   2.8178232e+02   2.6487055e+02
   2.8073267e+02   2.5609913e+02
   2.8903003e+02   2.5591721e+02
   3.0536895e+02   2.5864629e+02
   3.2214549e+02   2.5728055e+02
   3.3033495e+02   2.5729618e+02
   3.2191547e+02   2.5731182e+02
   3.0536840e+02   2.5898704e+02
   2.8883389e+02   2.5628104e+02
