   1.9741233e+02   2.1126437e+02
   2.0339505e+02   2.4157192e+02
   2.1075255e+02   2.7147084e+02
   2.2159981e+02   3.0011713e+02
   2.3433237e+02   3.2816946e+02
   2.4939188e+02   3.5481094e+02
   2.7154177e+02   3.7597124e+02
   2.9701837e+02   3.9301098e+02
   3.2686442e+02   3.9655231e+02
   3.5545391e+02   3.9030058e+02
   3.7958469e+02   3.7361496e+02
   3.9820731e+02   3.5094502e+02
   4.1395970e+02   3.2613256e+02
   4.2330261e+02   2.9816016e+02
   4.2994244e+02   2.6945447e+02
   4.3174847e+02   2.4023566e+02
   4.3271708e+02   2.1092748e+02
   2.2861578e+02   1.7915242e+02
   2.4547000e+02   1.7556005e+02
   2.6263409e+02   1.7473448e+02
   2.7981425e+02   1.7472013e+02
   2.9681876e+02   1.7663122e+02
   3.4522821e+02   1.7333886e+02
   3.6062940e+02   1.7006427e+02
   3.7622330e+02   1.7055392e+02
   3.9172161e+02   1.7279144e+02
   4.0720298e+02   1.7507353e+02
   3.2593831e+02   2.0047096e+02
   3.2639900e+02   2.1961688e+02
   3.2769037e+02   2.3862968e+02
   3.2826786e+02   2.5764470e+02
   3.0795536e+02   2.7533129e+02
   3.1810436e+02   2.7404499e+02
   3.2825833e+02   2.7418216e+02
   3.3870801e+02   2.7454485e+02
   3.4902179e+02   2.7390692e+02
   2.5269689e+02   2.0751624e+02
   2.6478549e+02   1.9713553e+02
   2.8075311e+02   1.9690486e+02
   2.9333234e+02   2.0659466e+02
   2.8005647e+02   2.1241834e+02
   2.6566849e+02   2.1336277e+02
   3.5097694e+02   2.0710038e+02
   3.6312358e+02   1.9604680e+02
   3.7933070e+02   1.9495516e+02
   3.9114017e+02   2.0570603e+02
   3.7817934e+02   2.1039723e+02
   3.6440298e+02   2.0987394e+02
   2.8350523e+02   3.1269444e+02
   2.9701981e+02   3.0384990e+02
   3.1174696e+02   2.9779986e+02
   3.2714056e+02   3.0087920e+02
   3.4155619e+02   2.9643592e+02
   3.5581207e+02   3.0226175e+02
   3.6860336e+02   3.1095762e+02
   3.5745492e+02   3.2210116e+02
   3.4325942e+02   3.2893292e+02
   3.2779663e+02   3.3096959e+02
   3.1118935e+02   3.3024394e+02
   2.9616935e+02   3.2342772e+02
   2.9895239e+02   3.1113578e+02
   3.1404899e+02   3.0842271e+02
   3.2874554e+02   3.1251510e+02
   3.4115773e+02   3.0834986e+02
   3.5396220e+02   3.0978363e+02
   3.4096959e+02   3.0894159e+02
   3.2873181e+02   3.1321021e+02
   3.1397400e+02   3.0883429e+02
