   1.9743377e+02   2.1124365e+02
   2.0341063e+02   2.4153423e+02
   2.1076278e+02   2.7142798e+02
   2.2160237e+02   3.0005873e+02
   2.3432252e+02   3.2811239e+02
   2.4939898e+02   3.5471743e+02
   2.7160739e+02   3.7581949e+02
   2.9700620e+02   3.9295340e+02
   3.2683773e+02   3.9648028e+02
   3.5542524e+02   3.9025177e+02
   3.7954759e+02   3.7357606e+02
   3.9817207e+02   3.5090854e+02
   4.1392285e+02   3.2610296e+02
   4.2326586e+02   2.9813765e+02
   4.2990646e+02   2.6943901e+02
   4.3171441e+02   2.4022698e+02
   4.3268513e+02   2.1092553e+02
   2.2863268e+02   1.7914146e+02
   2.4540896e+02   1.7550480e+02
   2.6251120e+02   1.7457616e+02
   2.7963019e+02   1.7445688e+02
   2.9658885e+02   1.7625069e+02
   3.4534775e+02   1.7297332e+02
   3.6072891e+02   1.6977591e+02
   3.7630286e+02   1.7041529e+02
   3.9175522e+02   1.7270876e+02
   4.0720512e+02   1.7497925e+02
   3.2593143e+02   2.0046290e+02
   3.2639049e+02   2.1960451e+02
   3.2768006e+02   2.3861310e+02
   3.2825590e+02   2.5762384e+02
   3.0793281e+02   2.7566064e+02
   3.1809739e+02   2.7413752e+02
   3.2824506e+02   2.7415755e+02
   3.3867775e+02   2.7467068e+02
   3.4904878e+02   2.7428097e+02
   2.5270607e+02   2.0750076e+02
   2.6479275e+02   1.9712336e+02
   2.8075677e+02   1.9689402e+02
   2.9333237e+02   2.0658262e+02
   2.8006923e+02   2.1252573e+02
   2.6565465e+02   2.1350257e+02
   3.5096385e+02   2.0709280e+02
   3.6310861e+02   1.9604269e+02
   3.7931213e+02   1.9495260e+02
   3.9111807e+02   2.0570196e+02
   3.7816418e+02   2.1043225e+02
   3.6438586e+02   2.0990343e+02
   2.8344607e+02   3.1305504e+02
   2.9700934e+02   3.0422280e+02
   3.1174580e+02   2.9811589e+02
   3.2716820e+02   3.0119535e+02
   3.4157512e+02   2.9668591e+02
   3.5583203e+02   3.0258649e+02
   3.6872927e+02   3.1120456e+02
   3.5762410e+02   3.2240081e+02
   3.4339326e+02   3.2917681e+02
   3.2792331e+02   3.3121739e+02
   3.1128955e+02   3.3051122e+02
   2.9622384e+02   3.2372136e+02
   2.9890656e+02   3.1142371e+02
   3.1408968e+02   3.0864838e+02
   3.2887004e+02   3.1281456e+02
   3.4122587e+02   3.0861233e+02
   3.5399433e+02   3.1000565e+02
   3.4104855e+02   3.0918696e+02
   3.2887442e+02   3.1349624e+02
   3.1402324e+02   3.0905439e+02
