   2.2031182e+02   2.3505567e+02
   2.2322810e+02   2.6038527e+02
   2.2749031e+02   2.8525052e+02
   2.3378503e+02   3.0978759e+02
   2.4340185e+02   3.3279753e+02
   2.6134751e+02   3.5057375e+02
   2.8488174e+02   3.5933099e+02
   3.0954999e+02   3.6448499e+02
   3.3466067e+02   3.6508128e+02
   3.5686879e+02   3.5848053e+02
   3.7702847e+02   3.4722927e+02
   3.9325699e+02   3.3073037e+02
   4.0606426e+02   3.1153198e+02
   4.1102000e+02   2.8904277e+02
   4.1132296e+02   2.6590525e+02
   4.1042381e+02   2.4286492e+02
   4.0941218e+02   2.1989236e+02
   2.3212836e+02   1.8568994e+02
   2.4615905e+02   1.8130119e+02
   2.6086157e+02   1.8031154e+02
   2.7546422e+02   1.8139766e+02
   2.8958273e+02   1.8503263e+02
   3.2577645e+02   1.7784027e+02
   3.4160773e+02   1.7396548e+02
   3.5802354e+02   1.7398033e+02
   3.7408703e+02   1.7631830e+02
   3.8998245e+02   1.7986622e+02
   3.1459688e+02   2.1023105e+02
   3.1632588e+02   2.2501048e+02
   3.1782485e+02   2.3961883e+02
   3.1924260e+02   2.5425652e+02
   2.9602163e+02   2.6737805e+02
   3.0797415e+02   2.7141632e+02
   3.2037892e+02   2.7272750e+02
   3.3115785e+02   2.7029790e+02
   3.4037775e+02   2.6429182e+02
   2.4768285e+02   2.1497049e+02
   2.5770543e+02   2.0642740e+02
   2.7090038e+02   2.0543628e+02
   2.8204866e+02   2.1236427e+02
   2.7099623e+02   2.1620767e+02
   2.5922989e+02   2.1631518e+02
   3.3936523e+02   2.0833822e+02
   3.4804217e+02   1.9996203e+02
   3.6037355e+02   1.9998039e+02
   3.7100493e+02   2.0608919e+02
   3.6101301e+02   2.1055853e+02
   3.5004096e+02   2.1085411e+02
   2.7888537e+02   3.0921575e+02
   2.8906428e+02   2.9614605e+02
   3.0472161e+02   2.9026778e+02
   3.2126964e+02   2.9045134e+02
   3.3611547e+02   2.8763165e+02
   3.5080760e+02   2.9104887e+02
   3.6248888e+02   3.0046314e+02
   3.5413559e+02   3.1179928e+02
   3.3961850e+02   3.1357848e+02
   3.2503243e+02   3.1481541e+02
   3.0885865e+02   3.1670107e+02
   2.9256581e+02   3.1692120e+02
   2.8593824e+02   3.0699402e+02
   3.0251994e+02   2.9655300e+02
   3.2184840e+02   2.9598797e+02
   3.3926041e+02   2.9382844e+02
   3.5564347e+02   2.9976205e+02
   3.3987710e+02   3.0265642e+02
   3.2394937e+02   3.0462260e+02
   3.0490806e+02   3.0693734e+02
