   1.9117217e+02   2.0627111e+02
   1.9245505e+02   2.4013798e+02
   1.9903160e+02   2.7327503e+02
   2.0426442e+02   3.0659957e+02
   2.1265744e+02   3.3941216e+02
   2.2869524e+02   3.6933512e+02
   2.4897656e+02   3.9626709e+02
   2.7677572e+02   4.1526320e+02
   3.0948394e+02   4.2150388e+02
   3.3991159e+02   4.1331601e+02
   3.6393739e+02   3.9290926e+02
   3.8173968e+02   3.6663311e+02
   3.9338178e+02   3.3718977e+02
   4.0014448e+02   3.0641346e+02
   4.0641165e+02   2.7529241e+02
   4.1555873e+02   2.4477437e+02
   4.2199685e+02   2.1403404e+02
   2.0963965e+02   1.8767299e+02
   2.1967833e+02   1.7387987e+02
   2.3644770e+02   1.6969089e+02
   2.5349485e+02   1.7321984e+02
   2.7003021e+02   1.7894419e+02
   3.4461624e+02   1.8116982e+02
   3.6235808e+02   1.7421358e+02
   3.8073935e+02   1.6957336e+02
   3.9895988e+02   1.7403018e+02
   4.1272961e+02   1.8619905e+02
   3.1010112e+02   2.1846641e+02
   3.1062845e+02   2.3770825e+02
   3.1080800e+02   2.5691850e+02
   3.1033254e+02   2.7595187e+02
   2.8686480e+02   2.8368500e+02
   2.9829333e+02   2.8813424e+02
   3.1040044e+02   2.8888442e+02
   3.2127737e+02   2.8854445e+02
   3.3125076e+02   2.8432858e+02
   2.3005240e+02   2.1567112e+02
   2.4493147e+02   2.0364060e+02
   2.6403785e+02   2.0402748e+02
   2.7695958e+02   2.1767768e+02
   2.6139703e+02   2.2411745e+02
   2.4456121e+02   2.2389802e+02
   3.4013810e+02   2.1835389e+02
   3.5402434e+02   2.0559046e+02
   3.7263301e+02   2.0410113e+02
   3.8558066e+02   2.1691194e+02
   3.7161116e+02   2.2471214e+02
   3.5549116e+02   2.2356419e+02
   2.7226574e+02   3.3661619e+02
   2.8044757e+02   3.2293914e+02
   2.9373017e+02   3.1433702e+02
   3.0919167e+02   3.1594930e+02
   3.2467604e+02   3.1413244e+02
   3.3773240e+02   3.2267335e+02
   3.4305956e+02   3.3710599e+02
   3.3542609e+02   3.5323076e+02
   3.2337248e+02   3.6583119e+02
   3.0635974e+02   3.6897451e+02
   2.9041544e+02   3.6463496e+02
   2.7988130e+02   3.5162716e+02
   2.7793623e+02   3.3574916e+02
   2.9114583e+02   3.2366795e+02
   3.0899858e+02   3.2244492e+02
   3.2678081e+02   3.2331541e+02
   3.3735675e+02   3.3730007e+02
   3.2437304e+02   3.4900159e+02
   3.0776610e+02   3.5387826e+02
   2.9022127e+02   3.4864028e+02
