   2.1895064e+02   2.4278923e+02
   2.2264722e+02   2.6609758e+02
   2.2706673e+02   2.8930346e+02
   2.3274898e+02   3.1212916e+02
   2.4210705e+02   3.3359730e+02
   2.5915025e+02   3.4983625e+02
   2.7998471e+02   3.6054404e+02
   3.0205118e+02   3.6872184e+02
   3.2528167e+02   3.7132564e+02
   3.4803129e+02   3.6486169e+02
   3.6820970e+02   3.5263025e+02
   3.8629741e+02   3.3723558e+02
   4.0086786e+02   3.1852254e+02
   4.0913418e+02   2.9655585e+02
   4.1065700e+02   2.7289321e+02
   4.1014896e+02   2.4922126e+02
   4.0869677e+02   2.2573026e+02
   2.3271919e+02   1.8708951e+02
   2.4611381e+02   1.8226748e+02
   2.6046296e+02   1.8208012e+02
   2.7470986e+02   1.8302557e+02
   2.8742512e+02   1.8891316e+02
   3.2152558e+02   1.8049098e+02
   3.3367657e+02   1.7303392e+02
   3.4798616e+02   1.7219767e+02
   3.6247967e+02   1.7321975e+02
   3.7607332e+02   1.7757118e+02
   3.1112088e+02   2.1354589e+02
   3.1233618e+02   2.2838753e+02
   3.1365292e+02   2.4306598e+02
   3.1483631e+02   2.5776296e+02
   2.9222294e+02   2.7137151e+02
   3.0364486e+02   2.7508722e+02
   3.1543428e+02   2.7653702e+02
   3.2649300e+02   2.7425764e+02
   3.3638897e+02   2.6898958e+02
   2.4458301e+02   2.1830070e+02
   2.5480908e+02   2.0819544e+02
   2.6914781e+02   2.0714657e+02
   2.8091280e+02   2.1513214e+02
   2.6902782e+02   2.1876296e+02
   2.5673716e+02   2.1977857e+02
   3.3572993e+02   2.1150814e+02
   3.4567150e+02   2.0369505e+02
   3.5826118e+02   2.0284669e+02
   3.6950437e+02   2.0838701e+02
   3.5883149e+02   2.1285533e+02
   3.4725275e+02   2.1306859e+02
   2.8244034e+02   3.1440060e+02
   2.9154252e+02   3.0397079e+02
   3.0330125e+02   2.9726640e+02
   3.1683672e+02   2.9718620e+02
   3.3059036e+02   2.9412243e+02
   3.4407999e+02   2.9821898e+02
   3.5592889e+02   3.0590707e+02
   3.4434225e+02   3.0954102e+02
   3.3263250e+02   3.1261571e+02
   3.2067337e+02   3.1469691e+02
   3.0785094e+02   3.1450499e+02
   2.9503170e+02   3.1409831e+02
   2.9742926e+02   3.0724591e+02
   3.0764630e+02   3.0439009e+02
   3.1810320e+02   3.0317452e+02
   3.2855389e+02   3.0071644e+02
   3.3906838e+02   3.0206504e+02
   3.2864425e+02   3.0270055e+02
   3.1846304e+02   3.0486910e+02
   3.0787738e+02   3.0620338e+02
