   2.1893914e+02   2.4293540e+02
   2.2266800e+02   2.6619831e+02
   2.2715970e+02   2.8939258e+02
   2.3281004e+02   3.1219490e+02
   2.4223219e+02   3.3358279e+02
   2.5925947e+02   3.4986376e+02
   2.8005941e+02   3.6049458e+02
   3.0213056e+02   3.6862374e+02
   3.2534031e+02   3.7119032e+02
   3.4809351e+02   3.6478122e+02
   3.6823362e+02   3.5250731e+02
   3.8633841e+02   3.3714743e+02
   4.0090521e+02   3.1844171e+02
   4.0913673e+02   2.9647899e+02
   4.1068399e+02   2.7282619e+02
   4.1015806e+02   2.4916339e+02
   4.0861321e+02   2.2568140e+02
   2.3242423e+02   1.8746034e+02
   2.4581430e+02   1.8244313e+02
   2.6022499e+02   1.8223530e+02
   2.7457174e+02   1.8286729e+02
   2.8734728e+02   1.8871180e+02
   3.2141471e+02   1.8001615e+02
   3.3357813e+02   1.7267802e+02
   3.4783916e+02   1.7209207e+02
   3.6230204e+02   1.7323671e+02
   3.7584776e+02   1.7753941e+02
   3.1096068e+02   2.1345423e+02
   3.1221342e+02   2.2825379e+02
   3.1358835e+02   2.4287930e+02
   3.1483836e+02   2.5753593e+02
   2.9230322e+02   2.7142691e+02
   3.0363163e+02   2.7505389e+02
   3.1530893e+02   2.7649059e+02
   3.2645972e+02   2.7422792e+02
   3.3638996e+02   2.6882668e+02
   2.4436068e+02   2.1830620e+02
   2.5466142e+02   2.0817332e+02
   2.6906848e+02   2.0709143e+02
   2.8088826e+02   2.1508258e+02
   2.6892683e+02   2.1875080e+02
   2.5656619e+02   2.1980653e+02
   3.3559484e+02   2.1135616e+02
   3.4552559e+02   2.0356798e+02
   3.5809931e+02   2.0272746e+02
   3.6940106e+02   2.0813460e+02
   3.5873296e+02   2.1264169e+02
   3.4714748e+02   2.1289692e+02
   2.8238105e+02   3.1498597e+02
   2.9154937e+02   3.0441003e+02
   3.0322320e+02   2.9730390e+02
   3.1687536e+02   2.9705183e+02
   3.3082565e+02   2.9400181e+02
   3.4443329e+02   2.9837203e+02
   3.5640179e+02   3.0628146e+02
   3.4461973e+02   3.0936955e+02
   3.3297373e+02   3.1244987e+02
   3.2104426e+02   3.1447844e+02
   3.0810825e+02   3.1430033e+02
   2.9514601e+02   3.1413327e+02
   2.9736222e+02   3.0749787e+02
   3.0767337e+02   3.0449636e+02
   3.1826177e+02   3.0315020e+02
   3.2835683e+02   3.0072076e+02
   3.3850813e+02   3.0210453e+02
   3.2843471e+02   3.0266165e+02
   3.1860619e+02   3.0472061e+02
   3.0791796e+02   3.0626593e+02
