   2.1929335e+02   2.4296149e+02
   2.2297551e+02   2.6621224e+02
   2.2737235e+02   2.8940672e+02
   2.3309751e+02   3.1216105e+02
   2.4245226e+02   3.3357389e+02
   2.5955701e+02   3.4970687e+02
   2.8030958e+02   3.6036458e+02
   3.0236281e+02   3.6854148e+02
   3.2553243e+02   3.7113380e+02
   3.4825482e+02   3.6461842e+02
   3.6843209e+02   3.5240925e+02
   3.8647969e+02   3.3698843e+02
   4.0102442e+02   3.1827382e+02
   4.0928895e+02   2.9631592e+02
   4.1077365e+02   2.7266528e+02
   4.1025820e+02   2.4900748e+02
   4.0885080e+02   2.2553130e+02
   2.3258986e+02   1.8726220e+02
   2.4584250e+02   1.8218756e+02
   2.6016291e+02   1.8196998e+02
   2.7442310e+02   1.8240144e+02
   2.8715698e+02   1.8810374e+02
   3.2132640e+02   1.7925730e+02
   3.3337836e+02   1.7204113e+02
   3.4754442e+02   1.7178588e+02
   3.6186974e+02   1.7298919e+02
   3.7523944e+02   1.7739607e+02
   3.1106368e+02   2.1328678e+02
   3.1229005e+02   2.2815103e+02
   3.1362433e+02   2.4283830e+02
   3.1488571e+02   2.5756985e+02
   2.9238016e+02   2.7140656e+02
   3.0363048e+02   2.7519090e+02
   3.1530107e+02   2.7659967e+02
   3.2650684e+02   2.7440769e+02
   3.3641440e+02   2.6887962e+02
   2.4469542e+02   2.1813764e+02
   2.5494617e+02   2.0810082e+02
   2.6924626e+02   2.0702915e+02
   2.8090824e+02   2.1503705e+02
   2.6906550e+02   2.1871453e+02
   2.5679880e+02   2.1967599e+02
   3.3572143e+02   2.1122406e+02
   3.4564553e+02   2.0352646e+02
   3.5816211e+02   2.0272119e+02
   3.6938510e+02   2.0813124e+02
   3.5872720e+02   2.1250307e+02
   3.4720806e+02   2.1277507e+02
   2.8261167e+02   3.1539738e+02
   2.9164396e+02   3.0470580e+02
   3.0333029e+02   2.9750748e+02
   3.1700624e+02   2.9706252e+02
   3.3093020e+02   2.9405842e+02
   3.4447867e+02   2.9850447e+02
   3.5624954e+02   3.0661839e+02
   3.4454861e+02   3.0957690e+02
   3.3298923e+02   3.1246710e+02
   3.2119596e+02   3.1444228e+02
   3.0830326e+02   3.1444677e+02
   2.9538346e+02   3.1426176e+02
   2.9747041e+02   3.0768277e+02
   3.0775668e+02   3.0462834e+02
   3.1832696e+02   3.0325890e+02
   3.2847476e+02   3.0076861e+02
   3.3868416e+02   3.0223845e+02
   3.2848327e+02   3.0261631e+02
   3.1855869e+02   3.0475969e+02
   3.0794504e+02   3.0631196e+02
