   2.1930753e+02   2.4304665e+02
   2.2293276e+02   2.6634652e+02
   2.2703709e+02   2.8956869e+02
   2.3323349e+02   3.1219193e+02
   2.4240074e+02   3.3380365e+02
   2.5992533e+02   3.4926232e+02
   2.8067946e+02   3.6002671e+02
   3.0274993e+02   3.6831873e+02
   3.2587012e+02   3.7091553e+02
   3.4846538e+02   3.6377956e+02
   3.6878697e+02   3.5171475e+02
   3.8652887e+02   3.3588382e+02
   4.0089989e+02   3.1700356e+02
   4.0920472e+02   2.9496830e+02
   4.1027653e+02   2.7126681e+02
   4.0967066e+02   2.4757996e+02
   4.0874029e+02   2.2407963e+02
   2.3210601e+02   1.8601380e+02
   2.4488390e+02   1.8100056e+02
   2.5880426e+02   1.8069384e+02
   2.7261310e+02   1.8091125e+02
   2.8514966e+02   1.8613017e+02
   3.1971571e+02   1.7701579e+02
   3.3133427e+02   1.6991584e+02
   3.4528454e+02   1.7024847e+02
   3.5922211e+02   1.7134170e+02
   3.7212762e+02   1.7611214e+02
   3.1041471e+02   2.1248853e+02
   3.1158686e+02   2.2766266e+02
   3.1278019e+02   2.4266896e+02
   3.1406335e+02   2.5774135e+02
   2.9157380e+02   2.7105652e+02
   3.0277083e+02   2.7546773e+02
   3.1464432e+02   2.7672711e+02
   3.2587528e+02   2.7466920e+02
   3.3562006e+02   2.6887406e+02
   2.4488813e+02   2.1760359e+02
   2.5478455e+02   2.0786459e+02
   2.6861041e+02   2.0679403e+02
   2.7970513e+02   2.1478724e+02
   2.6841230e+02   2.1850913e+02
   2.5657824e+02   2.1915639e+02
   3.3513015e+02   2.1048739e+02
   3.4501513e+02   2.0297780e+02
   3.5737776e+02   2.0219554e+02
   3.6828081e+02   2.0778964e+02
   3.5765967e+02   2.1170694e+02
   3.4636479e+02   2.1203642e+02
   2.8286077e+02   3.1569247e+02
   2.9125113e+02   3.0479716e+02
   3.0310491e+02   2.9791392e+02
   3.1666728e+02   2.9702775e+02
   3.3014930e+02   2.9406293e+02
   3.4332996e+02   2.9819728e+02
   3.5428321e+02   3.0655269e+02
   3.4321888e+02   3.1012287e+02
   3.3183980e+02   3.1243368e+02
   3.2045501e+02   3.1439928e+02
   3.0789997e+02   3.1508551e+02
   2.9535764e+02   3.1449247e+02
   2.9728468e+02   3.0769463e+02
   3.0731251e+02   3.0464981e+02
   3.1759258e+02   3.0336512e+02
   3.2855272e+02   3.0053755e+02
   3.3963614e+02   3.0216487e+02
   3.2835751e+02   3.0214834e+02
   3.1747779e+02   3.0485347e+02
   3.0729481e+02   3.0612087e+02
