   2.1878028e+02   2.4282315e+02
   2.2247094e+02   2.6616624e+02
   2.2687189e+02   2.8938414e+02
   2.3255972e+02   3.1223920e+02
   2.4189892e+02   3.3375342e+02
   2.5893998e+02   3.5000266e+02
   2.7981101e+02   3.6075072e+02
   3.0188471e+02   3.6894675e+02
   3.2514206e+02   3.7156549e+02
   3.4790137e+02   3.6508914e+02
   3.6809800e+02   3.5286377e+02
   3.8619134e+02   3.3745676e+02
   4.0077075e+02   3.1873557e+02
   4.0905043e+02   2.9675945e+02
   4.1057102e+02   2.7308464e+02
   4.1006907e+02   2.4940050e+02
   4.0863882e+02   2.2589737e+02
   2.3275565e+02   1.8702649e+02
   2.4618559e+02   1.8232956e+02
   2.6052186e+02   1.8215506e+02
   2.7473194e+02   1.8332767e+02
   2.8742436e+02   1.8927207e+02
   3.2152887e+02   1.8103872e+02
   3.3369966e+02   1.7348221e+02
   3.4806274e+02   1.7242499e+02
   3.6260834e+02   1.7336135e+02
   3.7627249e+02   1.7771867e+02
   3.1111253e+02   2.1374752e+02
   3.1231316e+02   2.2860316e+02
   3.1360616e+02   2.4330259e+02
   3.1474942e+02   2.5801019e+02
   2.9207967e+02   2.7146977e+02
   3.0357677e+02   2.7520324e+02
   3.1543650e+02   2.7666641e+02
   3.2643165e+02   2.7435999e+02
   3.3631410e+02   2.6919588e+02
   2.4454461e+02   2.1845224e+02
   2.5473943e+02   2.0833869e+02
   2.6906487e+02   2.0730546e+02
   2.8083589e+02   2.1528505e+02
   2.6896724e+02   2.1889381e+02
   2.5669417e+02   2.1990787e+02
   3.3570741e+02   2.1173480e+02
   3.4565868e+02   2.0388445e+02
   3.5827333e+02   2.0302255e+02
   3.6950239e+02   2.0864085e+02
   3.5882220e+02   2.1311807e+02
   3.4723014e+02   2.1330397e+02
   2.8234787e+02   3.1410411e+02
   2.9144203e+02   3.0378222e+02
   3.0324946e+02   2.9733166e+02
   3.1671398e+02   2.9739341e+02
   3.3036100e+02   2.9430924e+02
   3.4379845e+02   2.9822802e+02
   3.5562455e+02   3.0574195e+02
   3.4413136e+02   3.0972729e+02
   3.3236240e+02   3.1284197e+02
   3.2035306e+02   3.1496720e+02
   3.0758489e+02   3.1472828e+02
   2.9483760e+02   3.1418592e+02
   2.9737052e+02   3.0719216e+02
   3.0753969e+02   3.0443185e+02
   3.1792550e+02   3.0329674e+02
   3.2857594e+02   3.0083428e+02
   3.3929392e+02   3.0214333e+02
   3.2868891e+02   3.0286480e+02
   3.1831910e+02   3.0508008e+02
   3.0777524e+02   3.0629016e+02
