   2.1891365e+02   2.4295779e+02
   2.2257068e+02   2.6631017e+02
   2.2660124e+02   2.8953792e+02
   2.3303083e+02   3.1213347e+02
   2.4215435e+02   3.3385633e+02
   2.5985291e+02   3.4903786e+02
   2.8068764e+02   3.5984461e+02
   3.0278586e+02   3.6814300e+02
   3.2592760e+02   3.7070197e+02
   3.4845992e+02   3.6326988e+02
   3.6881832e+02   3.5121791e+02
   3.8640742e+02   3.3518390e+02
   4.0067205e+02   3.1620441e+02
   4.0894855e+02   2.9411670e+02
   4.0980609e+02   2.7038920e+02
   4.0911465e+02   2.4668775e+02
   4.0832593e+02   2.2317408e+02
   2.3172368e+02   1.8528664e+02
   2.4437715e+02   1.8047737e+02
   2.5812553e+02   1.8012478e+02
   2.7171061e+02   1.8061993e+02
   2.8414582e+02   1.8572993e+02
   3.1881651e+02   1.7675586e+02
   3.3028759e+02   1.6949960e+02
   3.4424062e+02   1.6962141e+02
   3.5812280e+02   1.7048994e+02
   3.7099146e+02   1.7535900e+02
   3.0992832e+02   2.1214505e+02
   3.1109759e+02   2.2743981e+02
   3.1224178e+02   2.4258231e+02
   3.1350481e+02   2.5778079e+02
   2.9096968e+02   2.7071189e+02
   3.0228307e+02   2.7533864e+02
   3.1434430e+02   2.7653317e+02
   3.2546212e+02   2.7444864e+02
   3.3510719e+02   2.6871541e+02
   2.4470005e+02   2.1744116e+02
   2.5438612e+02   2.0777331e+02
   2.6801145e+02   2.0669421e+02
   2.7893170e+02   2.1463765e+02
   2.6787669e+02   2.1836436e+02
   2.5623338e+02   2.1892909e+02
   3.3461962e+02   2.1014292e+02
   3.4448016e+02   2.0261332e+02
   3.5682122e+02   2.0178247e+02
   3.6759845e+02   2.0754253e+02
   3.5699451e+02   2.1134186e+02
   3.4576293e+02   2.1167516e+02
   2.8283112e+02   3.1489140e+02
   2.9095006e+02   3.0409454e+02
   3.0292738e+02   2.9772703e+02
   3.1632070e+02   2.9689472e+02
   3.2944794e+02   2.9387771e+02
   3.4240763e+02   2.9756194e+02
   3.5304595e+02   3.0567109e+02
   3.4239251e+02   3.1008182e+02
   3.3098901e+02   3.1228826e+02
   3.1967546e+02   3.1435622e+02
   3.0734145e+02   3.1523312e+02
   2.9505680e+02   3.1429631e+02
   2.9713548e+02   3.0717518e+02
   3.0697864e+02   3.0427368e+02
   3.1702748e+02   3.0313181e+02
   3.2859975e+02   3.0014351e+02
   3.4033518e+02   3.0172043e+02
   3.2837704e+02   3.0174971e+02
   3.1685525e+02   3.0476670e+02
   3.0690109e+02   3.0574642e+02
