   1.8696385e+02   2.3315615e+02
   1.8721260e+02   2.6303742e+02
   1.9090530e+02   2.9248523e+02
   1.9587295e+02   3.2172131e+02
   2.0282119e+02   3.5052395e+02
   2.1750663e+02   3.7605085e+02
   2.4130583e+02   3.9397597e+02
   2.6707616e+02   4.0848581e+02
   2.9590584e+02   4.1327867e+02
   3.2578516e+02   4.0905494e+02
   3.5310613e+02   3.9545473e+02
   3.7799556e+02   3.7836562e+02
   3.9478168e+02   3.5353947e+02
   4.0315647e+02   3.2428504e+02
   4.0793504e+02   2.9445692e+02
   4.1223284e+02   2.6441637e+02
   4.1307176e+02   2.3420211e+02
   2.0039027e+02   2.0216425e+02
   2.1341882e+02   1.8365752e+02
   2.3670731e+02   1.8061094e+02
   2.5970597e+02   1.8535919e+02
   2.7819299e+02   1.9960426e+02
   3.1346588e+02   2.0143498e+02
   3.3215952e+02   1.8762836e+02
   3.5518358e+02   1.8364780e+02
   3.7798762e+02   1.8802980e+02
   3.9374372e+02   2.0434116e+02
   2.9538955e+02   2.2618607e+02
   2.9491011e+02   2.4546681e+02
   2.9418254e+02   2.6471268e+02
   2.9369826e+02   2.8376555e+02
   2.6410104e+02   2.9936777e+02
   2.7854245e+02   3.0607962e+02
   2.9408887e+02   3.0881786e+02
   3.1001375e+02   3.0646981e+02
   3.2351450e+02   2.9810423e+02
   2.2400608e+02   2.2900040e+02
   2.3828051e+02   2.1809560e+02
   2.5631562e+02   2.1938321e+02
   2.6811309e+02   2.3250863e+02
   2.5304060e+02   2.3666738e+02
   2.3757086e+02   2.3616414e+02
   3.2254993e+02   2.3321429e+02
   3.3605576e+02   2.2122235e+02
   3.5423671e+02   2.2121802e+02
   3.6886168e+02   2.3186640e+02
   3.5425249e+02   2.3922670e+02
   3.3783576e+02   2.3884423e+02
   2.4778836e+02   3.4505943e+02
   2.6168245e+02   3.3380812e+02
   2.7588502e+02   3.2313038e+02
   2.9232362e+02   3.2646265e+02
   3.1051397e+02   3.2484102e+02
   3.2656475e+02   3.3461790e+02
   3.4257282e+02   3.4444899e+02
   3.3148862e+02   3.6111746e+02
   3.1252477e+02   3.6834968e+02
   2.9257400e+02   3.7139260e+02
   2.7242503e+02   3.7014685e+02
   2.5371300e+02   3.6354500e+02
   2.5678497e+02   3.4550890e+02
   2.7304316e+02   3.3468536e+02
   2.9203884e+02   3.3289601e+02
   3.1300237e+02   3.3405175e+02
   3.3127711e+02   3.4384211e+02
   3.1253192e+02   3.5311433e+02
   2.9238611e+02   3.5469764e+02
   2.7352513e+02   3.5442555e+02
