   1.8703307e+02   2.3206338e+02
   1.8718480e+02   2.6207575e+02
   1.9069431e+02   2.9160527e+02
   1.9543139e+02   3.2099751e+02
   2.0250806e+02   3.4997556e+02
   2.1670310e+02   3.7592650e+02
   2.4078357e+02   3.9369495e+02
   2.6659584e+02   4.0826358e+02
   2.9554054e+02   4.1308116e+02
   3.2552198e+02   4.0905777e+02
   3.5300079e+02   3.9550743e+02
   3.7797462e+02   3.7837487e+02
   3.9472315e+02   3.5334827e+02
   4.0310061e+02   3.2405651e+02
   4.0784987e+02   2.9411096e+02
   4.1193243e+02   2.6390502e+02
   4.1238927e+02   2.3355054e+02
   2.0078506e+02   1.9972912e+02
   2.1409744e+02   1.8132860e+02
   2.3743546e+02   1.7854140e+02
   2.6034020e+02   1.8395246e+02
   2.7852054e+02   1.9870241e+02
   3.1287621e+02   2.0022928e+02
   3.3169281e+02   1.8576508e+02
   3.5519693e+02   1.8172371e+02
   3.7838693e+02   1.8643160e+02
   3.9389875e+02   2.0366192e+02
   2.9540271e+02   2.2604168e+02
   2.9489761e+02   2.4509262e+02
   2.9416060e+02   2.6414531e+02
   2.9370889e+02   2.8295017e+02
   2.6378957e+02   2.9893878e+02
   2.7835239e+02   3.0565966e+02
   2.9400387e+02   3.0860930e+02
   3.0977436e+02   3.0647368e+02
   3.2324978e+02   2.9843201e+02
   2.2398673e+02   2.2837500e+02
   2.3837877e+02   2.1736034e+02
   2.5651438e+02   2.1861668e+02
   2.6814226e+02   2.3212063e+02
   2.5303103e+02   2.3625013e+02
   2.3755554e+02   2.3556843e+02
   3.2254142e+02   2.3276849e+02
   3.3603868e+02   2.2051670e+02
   3.5438267e+02   2.2033320e+02
   3.6901290e+02   2.3123972e+02
   3.5441414e+02   2.3892428e+02
   3.3790210e+02   2.3851732e+02
   2.4675775e+02   3.4475639e+02
   2.6099247e+02   3.3349440e+02
   2.7549647e+02   3.2276177e+02
   2.9225654e+02   3.2599878e+02
   3.1082565e+02   3.2458430e+02
   3.2719403e+02   3.3434991e+02
   3.4342357e+02   3.4437716e+02
   3.3224914e+02   3.6096824e+02
   3.1283418e+02   3.6753951e+02
   2.9268895e+02   3.7029455e+02
   2.7226068e+02   3.6894410e+02
   2.5295590e+02   3.6307258e+02
   2.5484827e+02   3.4508396e+02
   2.7214467e+02   3.3443362e+02
   2.9196578e+02   3.3255462e+02
   3.1418548e+02   3.3389314e+02
   3.3372586e+02   3.4379413e+02
   3.1378198e+02   3.5246039e+02
   2.9260691e+02   3.5389647e+02
   2.7282612e+02   3.5317635e+02
