   1.8584825e+02   2.3799872e+02
   1.8641103e+02   2.6684611e+02
   1.9072046e+02   2.9514333e+02
   1.9679532e+02   3.2320698e+02
   2.0250855e+02   3.5133601e+02
   2.1896046e+02   3.7468959e+02
   2.4045324e+02   3.9381674e+02
   2.6596799e+02   4.0670513e+02
   2.9403126e+02   4.1061819e+02
   3.2381939e+02   4.0776929e+02
   3.5150484e+02   3.9642440e+02
   3.7535948e+02   3.7849706e+02
   3.9308396e+02   3.5456622e+02
   4.0205380e+02   3.2630431e+02
   4.0821600e+02   2.9677030e+02
   4.1389527e+02   2.6751112e+02
   4.1704484e+02   2.3792162e+02
   2.0047500e+02   2.1429459e+02
   2.1393423e+02   1.9822872e+02
   2.3502920e+02   1.9451403e+02
   2.5640458e+02   1.9585505e+02
   2.7622068e+02   2.0379929e+02
   3.1672074e+02   2.0749238e+02
   3.3459851e+02   1.9795319e+02
   3.5458498e+02   1.9637295e+02
   3.7451966e+02   2.0025484e+02
   3.9273135e+02   2.0889948e+02
   2.9504252e+02   2.2638826e+02
   2.9459818e+02   2.4701819e+02
   2.9381350e+02   2.6740964e+02
   2.9304404e+02   2.8791387e+02
   2.6249795e+02   2.9945485e+02
   2.7633388e+02   3.0731358e+02
   2.9207465e+02   3.0944567e+02
   3.0806629e+02   3.0727391e+02
   3.2245316e+02   3.0029793e+02
   2.2354224e+02   2.3145371e+02
   2.3824928e+02   2.2367186e+02
   2.5444977e+02   2.2472562e+02
   2.6740502e+02   2.3494622e+02
   2.5242673e+02   2.3970338e+02
   2.3692575e+02   2.3911845e+02
   3.2488253e+02   2.3555853e+02
   3.3826049e+02   2.2625789e+02
   3.5456491e+02   2.2623304e+02
   3.6804380e+02   2.3520284e+02
   3.5392287e+02   2.4058414e+02
   3.3892272e+02   2.4066349e+02
   2.4877550e+02   3.4139155e+02
   2.6292473e+02   3.3339401e+02
   2.7688460e+02   3.2541427e+02
   2.9189969e+02   3.2873017e+02
   3.0811362e+02   3.2617808e+02
   3.2298880e+02   3.3428338e+02
   3.3762104e+02   3.4236763e+02
   3.2375478e+02   3.5033340e+02
   3.0837963e+02   3.5465563e+02
   2.9249206e+02   3.5476871e+02
   2.7676901e+02   3.5457165e+02
   2.6202613e+02   3.4963753e+02
   2.5696722e+02   3.4043265e+02
   2.7460668e+02   3.3681831e+02
   2.9237152e+02   3.3779888e+02
   3.1142707e+02   3.3747805e+02
   3.2990305e+02   3.4081046e+02
   3.1133991e+02   3.3784000e+02
   2.9258959e+02   3.3812289e+02
   2.7459747e+02   3.3747203e+02
