   2.6513362e+02   2.3231534e+02
   2.6467819e+02   2.6462070e+02
   2.6571392e+02   2.9679788e+02
   2.6878454e+02   3.2889141e+02
   2.7938870e+02   3.5907419e+02
   2.9843190e+02   3.8476092e+02
   3.2491942e+02   4.0316863e+02
   3.5400666e+02   4.1671236e+02
   3.8555384e+02   4.1795089e+02
   4.1728931e+02   4.1389045e+02
   4.4621274e+02   4.0146670e+02
   4.7022321e+02   3.8084391e+02
   4.8859633e+02   3.5504508e+02
   4.9564040e+02   3.2423911e+02
   4.9630335e+02   2.9241189e+02
   4.9860425e+02   2.6071034e+02
   4.9991280e+02   2.2905990e+02
   2.7590486e+02   2.0077737e+02
   2.9125333e+02   1.8980868e+02
   3.1013696e+02   1.8821943e+02
   3.2901410e+02   1.9109412e+02
   3.4660870e+02   1.9841865e+02
   4.0706685e+02   1.9285406e+02
   4.2538133e+02   1.8228247e+02
   4.4665033e+02   1.7915711e+02
   4.6761227e+02   1.8104046e+02
   4.8615126e+02   1.9121245e+02
   3.7602293e+02   2.0461464e+02
   3.7666584e+02   2.3413154e+02
   3.7807432e+02   2.6344660e+02
   3.7971585e+02   2.9253877e+02
   3.5839927e+02   3.0820737e+02
   3.7037075e+02   3.1206452e+02
   3.8269257e+02   3.1424399e+02
   3.9330564e+02   3.1161786e+02
   4.0314335e+02   3.0714152e+02
   2.9359705e+02   2.2556730e+02
   3.0928769e+02   2.1500205e+02
   3.2831330e+02   2.1714770e+02
   3.4345795e+02   2.2847118e+02
   3.2647117e+02   2.3158140e+02
   3.0945118e+02   2.3149003e+02
   4.1073364e+02   2.2688509e+02
   4.2565356e+02   2.1290626e+02
   4.4550818e+02   2.0994786e+02
   4.6059312e+02   2.2274115e+02
   4.4473553e+02   2.2919085e+02
   4.2760977e+02   2.2920232e+02
   3.2959910e+02   3.4776440e+02
   3.4709442e+02   3.4021728e+02
   3.6551718e+02   3.3449350e+02
   3.8411909e+02   3.3669774e+02
   4.0223346e+02   3.3312285e+02
   4.2028741e+02   3.3833463e+02
   4.3591787e+02   3.4760032e+02
   4.2212112e+02   3.6216985e+02
   4.0539405e+02   3.7291515e+02
   3.8589614e+02   3.7560914e+02
   3.6426620e+02   3.7371276e+02
   3.4620980e+02   3.6149840e+02
   3.4573816e+02   3.5068355e+02
   3.6447506e+02   3.4566354e+02
   3.8368376e+02   3.4909867e+02
   4.0181105e+02   3.4447484e+02
   4.1933821e+02   3.4973236e+02
   4.0263551e+02   3.5674564e+02
   3.8437848e+02   3.5839283e+02
   3.6442339e+02   3.5696954e+02
