   2.6484155e+02   2.3152981e+02
   2.6421224e+02   2.6401515e+02
   2.6480737e+02   2.9646780e+02
   2.6736904e+02   3.2877777e+02
   2.7827601e+02   3.5907514e+02
   2.9742397e+02   3.8502464e+02
   3.2403558e+02   4.0342138e+02
   3.5372856e+02   4.1634222e+02
   3.8553043e+02   4.1716788e+02
   4.1748588e+02   4.1358774e+02
   4.4695573e+02   4.0205132e+02
   4.7092541e+02   3.8127880e+02
   4.8975560e+02   3.5550513e+02
   4.9737353e+02   3.2483057e+02
   4.9720078e+02   2.9284848e+02
   4.9880820e+02   2.6093631e+02
   5.0005868e+02   2.2918243e+02
   2.7717680e+02   2.0011174e+02
   2.9199145e+02   1.8857128e+02
   3.1074559e+02   1.8688603e+02
   3.2961834e+02   1.8951444e+02
   3.4691392e+02   1.9723851e+02
   4.0698466e+02   1.9192901e+02
   4.2537688e+02   1.8061393e+02
   4.4701247e+02   1.7711207e+02
   4.6834088e+02   1.7952636e+02
   4.8666595e+02   1.9084099e+02
   3.7593103e+02   2.0332390e+02
   3.7671376e+02   2.3375068e+02
   3.7814178e+02   2.6393969e+02
   3.8000066e+02   2.9384928e+02
   3.5817526e+02   3.0837520e+02
   3.7045093e+02   3.1201615e+02
   3.8290040e+02   3.1455809e+02
   3.9367786e+02   3.1182043e+02
   4.0366342e+02   3.0720314e+02
   2.9420317e+02   2.2495400e+02
   3.0970045e+02   2.1443074e+02
   3.2859652e+02   2.1668982e+02
   3.4364229e+02   2.2790529e+02
   3.2676572e+02   2.3089306e+02
   3.0991799e+02   2.3086949e+02
   4.1079036e+02   2.2669285e+02
   4.2592083e+02   2.1252904e+02
   4.4599595e+02   2.0942418e+02
   4.6112455e+02   2.2247134e+02
   4.4507007e+02   2.2882260e+02
   4.2779712e+02   2.2910647e+02
   3.2767641e+02   3.4748176e+02
   3.4566110e+02   3.3895827e+02
   3.6489156e+02   3.3354481e+02
   3.8432585e+02   3.3538541e+02
   4.0361578e+02   3.3202097e+02
   4.2273654e+02   3.3716134e+02
   4.3884454e+02   3.4796442e+02
   4.2482647e+02   3.6412234e+02
   4.0728437e+02   3.7587900e+02
   3.8654140e+02   3.7809011e+02
   3.6358769e+02   3.7623641e+02
   3.4450488e+02   3.6326408e+02
   3.4091104e+02   3.4981137e+02
   3.6227412e+02   3.4379842e+02
   3.8415624e+02   3.4757910e+02
   4.0479209e+02   3.4226889e+02
   4.2468814e+02   3.4912215e+02
   4.0601089e+02   3.5880393e+02
   3.8498210e+02   3.6049416e+02
   3.6189931e+02   3.5884310e+02
