   1.9767134e+02   2.0530035e+02
   2.0236215e+02   2.3530991e+02
   2.0821020e+02   2.6515066e+02
   2.1430115e+02   2.9484521e+02
   2.2357479e+02   3.2377335e+02
   2.3971086e+02   3.4954671e+02
   2.6230885e+02   3.6969663e+02
   2.8997457e+02   3.8147163e+02
   3.1993276e+02   3.8190107e+02
   3.4990212e+02   3.7737708e+02
   3.7620010e+02   3.6270785e+02
   3.9527508e+02   3.3937695e+02
   4.1191580e+02   3.1416420e+02
   4.1999928e+02   2.8518796e+02
   4.2287551e+02   2.5483274e+02
   4.2581806e+02   2.2464004e+02
   4.2313559e+02   1.9488680e+02
   2.1618805e+02   1.8391928e+02
   2.2675044e+02   1.6724150e+02
   2.4555634e+02   1.6024132e+02
   2.6532734e+02   1.6280564e+02
   2.8364347e+02   1.7119436e+02
   3.3885491e+02   1.6288804e+02
   3.5628997e+02   1.5640108e+02
   3.7403816e+02   1.5208363e+02
   3.9201459e+02   1.5519464e+02
   4.0388386e+02   1.6861165e+02
   3.1296627e+02   1.9444845e+02
   3.1286512e+02   2.1211737e+02
   3.1335900e+02   2.2983821e+02
   3.1423990e+02   2.4730914e+02
   2.9408915e+02   2.6360834e+02
   3.0344544e+02   2.6495055e+02
   3.1278429e+02   2.6532472e+02
   3.2323208e+02   2.6500236e+02
   3.3336132e+02   2.6270651e+02
   2.3802150e+02   1.9964363e+02
   2.5217842e+02   1.8817007e+02
   2.7030500e+02   1.8852487e+02
   2.8356985e+02   2.0060811e+02
   2.6849830e+02   2.0537945e+02
   2.5257934e+02   2.0529949e+02
   3.4137206e+02   1.9710190e+02
   3.5305436e+02   1.8241106e+02
   3.7212156e+02   1.8178788e+02
   3.8723784e+02   1.9312080e+02
   3.7258643e+02   1.9951535e+02
   3.5682665e+02   2.0057787e+02
   2.7669926e+02   3.0836031e+02
   2.8782044e+02   2.9727087e+02
   3.0117339e+02   2.8915735e+02
   3.1625374e+02   2.9065259e+02
   3.3247659e+02   2.8692372e+02
   3.4738211e+02   2.9488576e+02
   3.5983129e+02   3.0629905e+02
   3.4863181e+02   3.1680822e+02
   3.3377172e+02   3.2188070e+02
   3.1858209e+02   3.2510482e+02
   3.0286224e+02   3.2368367e+02
   2.8812985e+02   3.1845466e+02
   2.9304115e+02   3.0414666e+02
   3.0488424e+02   3.0335621e+02
   3.1677142e+02   3.0375252e+02
   3.2900613e+02   3.0332103e+02
   3.4094715e+02   3.0376909e+02
   3.2911572e+02   3.0533697e+02
   3.1710324e+02   3.0570287e+02
   3.0487945e+02   3.0536665e+02
