   1.9696822e+02   2.0543417e+02
   2.0011879e+02   2.3611922e+02
   2.0504127e+02   2.6617814e+02
   2.0919518e+02   2.9669272e+02
   2.1999123e+02   3.2537578e+02
   2.3853254e+02   3.4959928e+02
   2.6265092e+02   3.6824538e+02
   2.9000742e+02   3.8183029e+02
   3.2008408e+02   3.8312694e+02
   3.5015658e+02   3.7868929e+02
   3.7731759e+02   3.6551709e+02
   3.9646988e+02   3.4189312e+02
   4.1084613e+02   3.1526016e+02
   4.1839141e+02   2.8612936e+02
   4.2026562e+02   2.5566581e+02
   4.2290082e+02   2.2551417e+02
   4.2245827e+02   1.9527205e+02
   2.1168753e+02   1.8192901e+02
   2.2194855e+02   1.6375138e+02
   2.4058595e+02   1.5455766e+02
   2.6165882e+02   1.5583166e+02
   2.8133191e+02   1.6293839e+02
   3.4026525e+02   1.5637203e+02
   3.5745946e+02   1.5169328e+02
   3.7485136e+02   1.4954334e+02
   3.9091151e+02   1.5641131e+02
   4.0323471e+02   1.6897373e+02
   3.0741882e+02   1.9310579e+02
   3.0915988e+02   2.1192154e+02
   3.0867730e+02   2.3081576e+02
   3.0909279e+02   2.4959107e+02
   2.8922219e+02   2.6235433e+02
   3.0050364e+02   2.6486864e+02
   3.1202128e+02   2.6559101e+02
   3.2247009e+02   2.6528032e+02
   3.3260254e+02   2.6299565e+02
   2.3504625e+02   1.9917656e+02
   2.4761226e+02   1.8534245e+02
   2.6643653e+02   1.8531743e+02
   2.8005769e+02   1.9791926e+02
   2.6557808e+02   2.0469591e+02
   2.4967371e+02   2.0505859e+02
   3.3742181e+02   1.9535977e+02
   3.5200808e+02   1.8285611e+02
   3.7126503e+02   1.8206019e+02
   3.8656024e+02   1.9346580e+02
   3.7086240e+02   1.9978296e+02
   3.5394067e+02   1.9932266e+02
   2.6791932e+02   3.1271202e+02
   2.7924966e+02   2.9712642e+02
   2.9533411e+02   2.8697000e+02
   3.1398793e+02   2.8774642e+02
   3.3201169e+02   2.8667068e+02
   3.4808627e+02   2.9475776e+02
   3.5997731e+02   3.0843236e+02
   3.5024594e+02   3.2429305e+02
   3.3152917e+02   3.2898010e+02
   3.1238184e+02   3.3075491e+02
   2.9477658e+02   3.2938864e+02
   2.7757676e+02   3.2623806e+02
   2.7907009e+02   3.1024287e+02
   2.9554390e+02   3.0095368e+02
   3.1431137e+02   3.0059517e+02
   3.3302877e+02   3.0147749e+02
   3.4818576e+02   3.1162272e+02
   3.3385019e+02   3.1999554e+02
   3.1733169e+02   3.2064814e+02
   2.9691536e+02   3.1972774e+02
