   1.9877631e+02   2.0512015e+02
   2.0297043e+02   2.3578683e+02
   2.0852973e+02   2.6587585e+02
   2.1395867e+02   2.9605958e+02
   2.2413605e+02   3.2496821e+02
   2.4166330e+02   3.5004721e+02
   2.6547908e+02   3.6943293e+02
   2.9352073e+02   3.8139172e+02
   3.2386153e+02   3.8320444e+02
   3.5368991e+02   3.7762113e+02
   3.8066391e+02   3.6429839e+02
   3.9917757e+02   3.4074285e+02
   4.1277410e+02   3.1372213e+02
   4.2054379e+02   2.8461540e+02
   4.2292620e+02   2.5448280e+02
   4.2569017e+02   2.2435780e+02
   4.2386594e+02   1.9445553e+02
   2.1568932e+02   1.8289662e+02
   2.2630762e+02   1.6542962e+02
   2.4479023e+02   1.5673240e+02
   2.6529511e+02   1.5827011e+02
   2.8479873e+02   1.6485117e+02
   3.4313351e+02   1.5752027e+02
   3.5987100e+02   1.5339790e+02
   3.7664434e+02   1.5052493e+02
   3.9255351e+02   1.5624944e+02
   4.0461394e+02   1.6824546e+02
   3.1190575e+02   1.9351416e+02
   3.1258034e+02   2.1161227e+02
   3.1271151e+02   2.2977955e+02
   3.1343528e+02   2.4774818e+02
   2.9344774e+02   2.6262586e+02
   3.0357110e+02   2.6441843e+02
   3.1377561e+02   2.6491135e+02
   3.2420623e+02   2.6457710e+02
   3.3431648e+02   2.6227291e+02
   2.3813256e+02   1.9917014e+02
   2.5159906e+02   1.8674369e+02
   2.6997716e+02   1.8691302e+02
   2.8338533e+02   1.9916312e+02
   2.6859055e+02   2.0475912e+02
   2.5270457e+02   2.0488400e+02
   3.4091302e+02   1.9595119e+02
   3.5373010e+02   1.8214017e+02
   3.7284122e+02   1.8141653e+02
   3.8802377e+02   1.9273500e+02
   3.7315247e+02   1.9889123e+02
   3.5688070e+02   1.9857771e+02
   2.7491531e+02   3.1256651e+02
   2.8378665e+02   2.9717194e+02
   2.9852429e+02   2.8744310e+02
   3.1589060e+02   2.8722943e+02
   3.3371460e+02   2.8576064e+02
   3.4932005e+02   2.9456816e+02
   3.5929642e+02   3.0962363e+02
   3.5300680e+02   3.2774432e+02
   3.3654935e+02   3.3729096e+02
   3.1739828e+02   3.4023712e+02
   2.9828696e+02   3.3769364e+02
   2.8134300e+02   3.2986336e+02
   2.8440730e+02   3.1139511e+02
   2.9924093e+02   3.0056003e+02
   3.1717399e+02   2.9975734e+02
   3.3562081e+02   3.0000524e+02
   3.4967868e+02   3.1219604e+02
   3.3697068e+02   3.2553564e+02
   3.1889830e+02   3.2610087e+02
   2.9903726e+02   3.2487400e+02
