   1.8351213e+02   2.2492633e+02
   1.8390448e+02   2.5450849e+02
   1.8801604e+02   2.8382218e+02
   1.9274858e+02   3.1281858e+02
   2.0085152e+02   3.4130395e+02
   2.1555052e+02   3.6658047e+02
   2.3769329e+02   3.8600946e+02
   2.6293211e+02   4.0134921e+02
   2.9150919e+02   4.0555489e+02
   3.2034620e+02   4.0082800e+02
   3.4684808e+02   3.8852683e+02
   3.6890343e+02   3.6959299e+02
   3.8293353e+02   3.4425870e+02
   3.9104717e+02   3.1596443e+02
   3.9707805e+02   2.8740149e+02
   4.0089360e+02   2.5850872e+02
   4.0341497e+02   2.2951736e+02
   1.9693221e+02   2.0659337e+02
   2.0999818e+02   1.9481164e+02
   2.2735309e+02   1.9123923e+02
   2.4503144e+02   1.9273680e+02
   2.6203860e+02   1.9787303e+02
   3.1697060e+02   2.0013933e+02
   3.3257837e+02   1.9283045e+02
   3.4954813e+02   1.8965789e+02
   3.6647528e+02   1.9199678e+02
   3.8068406e+02   2.0123011e+02
   2.9238377e+02   2.2118141e+02
   2.9241027e+02   2.4145767e+02
   2.9245933e+02   2.6182926e+02
   2.9272496e+02   2.8193184e+02
   2.6961009e+02   2.9108983e+02
   2.8093386e+02   2.9543620e+02
   2.9282726e+02   2.9706215e+02
   3.0497290e+02   2.9481566e+02
   3.1512770e+02   2.8793877e+02
   2.1681320e+02   2.2762741e+02
   2.3256728e+02   2.1969115e+02
   2.5041583e+02   2.2128699e+02
   2.6495492e+02   2.3117501e+02
   2.4892408e+02   2.2895135e+02
   2.3282013e+02   2.2946993e+02
   3.1415494e+02   2.3019519e+02
   3.2963200e+02   2.2109446e+02
   3.4728888e+02   2.1938591e+02
   3.6352969e+02   2.2622859e+02
   3.4704808e+02   2.2854801e+02
   3.3050475e+02   2.2884017e+02
   2.5178653e+02   3.2195864e+02
   2.6389053e+02   3.1340973e+02
   2.7764329e+02   3.0817567e+02
   2.9224766e+02   3.0830732e+02
   3.0575269e+02   3.0791506e+02
   3.1818385e+02   3.1319653e+02
   3.2842472e+02   3.2200563e+02
   3.1698510e+02   3.2825918e+02
   3.0515330e+02   3.3352176e+02
   2.9249229e+02   3.3515053e+02
   2.7812701e+02   3.3377184e+02
   2.6493574e+02   3.2772188e+02
   2.6183121e+02   3.1905212e+02
   2.7187589e+02   3.1889466e+02
   2.9201543e+02   3.1943922e+02
   3.1035963e+02   3.1923157e+02
   3.1939218e+02   3.1938177e+02
   3.1023779e+02   3.1953197e+02
   2.9210632e+02   3.1966821e+02
   2.7176509e+02   3.1920957e+02
