   1.8387352e+02   2.2414726e+02
   1.8406740e+02   2.5399871e+02
   1.8795643e+02   2.8324115e+02
   1.9255709e+02   3.1265007e+02
   2.0085111e+02   3.4105324e+02
   2.1538157e+02   3.6671348e+02
   2.3769293e+02   3.8624385e+02
   2.6311570e+02   4.0104095e+02
   2.9201724e+02   4.0590484e+02
   3.2078598e+02   4.0099847e+02
   3.4704560e+02   3.8864585e+02
   3.6903042e+02   3.6967433e+02
   3.8355948e+02   3.4454479e+02
   3.9170716e+02   3.1664664e+02
   3.9735326e+02   2.8803142e+02
   4.0208422e+02   2.5925755e+02
   4.0375435e+02   2.3040024e+02
   1.9711895e+02   2.0444946e+02
   2.0983397e+02   1.9187840e+02
   2.2768122e+02   1.8915917e+02
   2.4590221e+02   1.9085815e+02
   2.6260895e+02   1.9768579e+02
   3.1689600e+02   1.9782324e+02
   3.3282606e+02   1.9059603e+02
   3.5004564e+02   1.8763285e+02
   3.6712097e+02   1.9118862e+02
   3.8170735e+02   2.0044279e+02
   2.9248801e+02   2.2274041e+02
   2.9205566e+02   2.4207916e+02
   2.9200068e+02   2.6151282e+02
   2.9215193e+02   2.8064694e+02
   2.6967342e+02   2.9343405e+02
   2.8134780e+02   2.9585502e+02
   2.9315320e+02   2.9688955e+02
   3.0261630e+02   2.9619014e+02
   3.1155830e+02   2.9336685e+02
   2.1810593e+02   2.2709852e+02
   2.3270669e+02   2.1768322e+02
   2.5015284e+02   2.2068374e+02
   2.6414597e+02   2.3128222e+02
   2.4837437e+02   2.3160527e+02
   2.3273681e+02   2.3207591e+02
   3.1476231e+02   2.3096899e+02
   3.2940594e+02   2.2013011e+02
   3.4730091e+02   2.1701641e+02
   3.6293544e+02   2.2543892e+02
   3.4776174e+02   2.3171827e+02
   3.3117462e+02   2.3202757e+02
   2.5320230e+02   3.2896762e+02
   2.6523711e+02   3.2180903e+02
   2.7779059e+02   3.1578530e+02
   2.9142484e+02   3.1640415e+02
   3.0528243e+02   3.1594848e+02
   3.1796542e+02   3.2156164e+02
   3.2973321e+02   3.2895454e+02
   3.1735190e+02   3.3560271e+02
   3.0529731e+02   3.4277050e+02
   2.9172367e+02   3.4442440e+02
   2.7770660e+02   3.4306624e+02
   2.6517668e+02   3.3634308e+02
   2.6279804e+02   3.2697644e+02
   2.7239379e+02   3.2684872e+02
   2.9154412e+02   3.2703838e+02
   3.1078446e+02   3.2681179e+02
   3.2025884e+02   3.2693316e+02
   3.1055436e+02   3.2705453e+02
   2.9145793e+02   3.2728198e+02
   2.7212355e+02   3.2710416e+02
