   1.9647774e+02   2.0812932e+02
   2.0322122e+02   2.3696939e+02
   2.1007639e+02   2.6569116e+02
   2.1531520e+02   2.9452418e+02
   2.2572209e+02   3.2189489e+02
   2.4309133e+02   3.4554382e+02
   2.6560360e+02   3.6470763e+02
   2.9171028e+02   3.7803841e+02
   3.2047554e+02   3.8198558e+02
   3.4982000e+02   3.7576168e+02
   3.7571373e+02   3.6095044e+02
   3.9389098e+02   3.3724014e+02
   4.1131728e+02   3.1306797e+02
   4.2011481e+02   2.8463035e+02
   4.2269234e+02   2.5480620e+02
   4.2585769e+02   2.2496806e+02
   4.2697989e+02   1.9529084e+02
   2.1577262e+02   1.8215920e+02
   2.2692752e+02   1.6522306e+02
   2.4546267e+02   1.5742328e+02
   2.6545273e+02   1.6085392e+02
   2.8484970e+02   1.6706074e+02
   3.3998583e+02   1.6178616e+02
   3.5665105e+02   1.5412418e+02
   3.7453893e+02   1.5051410e+02
   3.9208240e+02   1.5464146e+02
   4.0511603e+02   1.6706639e+02
   3.1341167e+02   1.9186283e+02
   3.1263949e+02   2.1015426e+02
   3.1343126e+02   2.2854730e+02
   3.1337523e+02   2.4676220e+02
   2.9190066e+02   2.6014185e+02
   3.0341777e+02   2.6124884e+02
   3.1491833e+02   2.6169614e+02
   3.2561021e+02   2.6178869e+02
   3.3613332e+02   2.6041814e+02
   2.3998060e+02   1.9748998e+02
   2.5338111e+02   1.8682857e+02
   2.7071194e+02   1.8767137e+02
   2.8448564e+02   1.9808529e+02
   2.6957364e+02   2.0186562e+02
   2.5430246e+02   2.0234698e+02
   3.4125584e+02   1.9523588e+02
   3.5263097e+02   1.8127687e+02
   3.7089713e+02   1.8042800e+02
   3.8515917e+02   1.9139334e+02
   3.7130247e+02   1.9758674e+02
   3.5616289e+02   1.9798293e+02
   2.7497201e+02   3.0534949e+02
   2.8608032e+02   2.9259887e+02
   3.0100378e+02   2.8492827e+02
   3.1681137e+02   2.8850722e+02
   3.3226809e+02   2.8429408e+02
   3.4722896e+02   2.9116008e+02
   3.5891485e+02   3.0256327e+02
   3.4893220e+02   3.1322961e+02
   3.3541747e+02   3.1899420e+02
   3.2067439e+02   3.2049754e+02
   3.0414534e+02   3.1972704e+02
   2.8880031e+02   3.1399199e+02
   2.9018180e+02   3.0111441e+02
   3.0439568e+02   3.0047400e+02
   3.1835801e+02   3.0147635e+02
   3.2988632e+02   3.0112039e+02
   3.4122341e+02   3.0061944e+02
   3.2994334e+02   3.0199658e+02
   3.1871677e+02   3.0259509e+02
   3.0440630e+02   3.0141539e+02
