   1.9632548e+02   2.0858769e+02
   2.0309124e+02   2.3742716e+02
   2.0997352e+02   2.6614735e+02
   2.1531691e+02   2.9495669e+02
   2.2576611e+02   3.2233144e+02
   2.4303768e+02   3.4605168e+02
   2.6555706e+02   3.6521299e+02
   2.9173609e+02   3.7840801e+02
   3.2052185e+02   3.8226552e+02
   3.4988693e+02   3.7597232e+02
   3.7589650e+02   3.6131704e+02
   3.9412756e+02   3.3755914e+02
   4.1151629e+02   3.1337777e+02
   4.2051488e+02   2.8496986e+02
   4.2280854e+02   2.5511195e+02
   4.2595358e+02   2.2524108e+02
   4.2705189e+02   1.9555863e+02
   2.1561996e+02   1.8257634e+02
   2.2660947e+02   1.6537802e+02
   2.4518426e+02   1.5744509e+02
   2.6524628e+02   1.6103685e+02
   2.8483282e+02   1.6706860e+02
   3.3980035e+02   1.6201171e+02
   3.5647304e+02   1.5405438e+02
   3.7445298e+02   1.5031336e+02
   3.9207351e+02   1.5462328e+02
   4.0523004e+02   1.6705156e+02
   3.1336566e+02   1.9221461e+02
   3.1260679e+02   2.1052521e+02
   3.1341353e+02   2.2893633e+02
   3.1337148e+02   2.4716977e+02
   2.9115245e+02   2.5935775e+02
   3.0311693e+02   2.6050097e+02
   3.1505574e+02   2.6102190e+02
   3.2585217e+02   2.6103334e+02
   3.3644377e+02   2.5935249e+02
   2.3994826e+02   1.9768944e+02
   2.5336782e+02   1.8718891e+02
   2.7059006e+02   1.8792506e+02
   2.8442104e+02   1.9811258e+02
   2.6957956e+02   2.0191212e+02
   2.5433819e+02   2.0227495e+02
   3.4105018e+02   1.9516119e+02
   3.5256250e+02   1.8140497e+02
   3.7074014e+02   1.8067046e+02
   3.8510666e+02   1.9138651e+02
   3.7117784e+02   1.9762655e+02
   3.5599679e+02   1.9808013e+02
   2.7519951e+02   3.0424107e+02
   2.8637797e+02   2.9165560e+02
   3.0121316e+02   2.8395010e+02
   3.1673303e+02   2.8827931e+02
   3.3195349e+02   2.8352084e+02
   3.4695271e+02   2.9008864e+02
   3.5869118e+02   3.0129888e+02
   3.4943710e+02   3.1308677e+02
   3.3586380e+02   3.1912359e+02
   3.2093154e+02   3.2058197e+02
   3.0420415e+02   3.1990260e+02
   2.8878564e+02   3.1378223e+02
   2.9030064e+02   3.0088087e+02
   3.0471275e+02   3.0046082e+02
   3.1882384e+02   3.0129372e+02
   3.3006722e+02   3.0127531e+02
   3.4106380e+02   3.0044879e+02
   3.3015443e+02   3.0212914e+02
   3.1924553e+02   3.0255029e+02
   3.0473781e+02   3.0144427e+02
