   1.9639604e+02   2.0842907e+02
   2.0313548e+02   2.3724524e+02
   2.0999363e+02   2.6594193e+02
   2.1534943e+02   2.9471595e+02
   2.2577906e+02   3.2207475e+02
   2.4296446e+02   3.4582049e+02
   2.6544420e+02   3.6498377e+02
   2.9161516e+02   3.7813018e+02
   3.2037630e+02   3.8197241e+02
   3.4972657e+02   3.7568424e+02
   3.7577439e+02   3.6114222e+02
   3.9391662e+02   3.3756847e+02
   4.1149805e+02   3.1345410e+02
   4.1975759e+02   2.8490052e+02
   4.2271833e+02   2.5506639e+02
   4.2588130e+02   2.2521489e+02
   4.2699789e+02   1.9556198e+02
   2.1569679e+02   1.8244566e+02
   2.2661706e+02   1.6515795e+02
   2.4519840e+02   1.5719181e+02
   2.6526886e+02   1.6087311e+02
   2.8491448e+02   1.6683896e+02
   3.3975428e+02   1.6194222e+02
   3.5628955e+02   1.5391201e+02
   3.7439292e+02   1.5085071e+02
   3.9206033e+02   1.5450404e+02
   4.0524621e+02   1.6693416e+02
   3.1337958e+02   1.9214379e+02
   3.1260889e+02   2.1044331e+02
   3.1340283e+02   2.2884434e+02
   3.1334860e+02   2.4706722e+02
   2.9238332e+02   2.6115076e+02
   3.0347919e+02   2.6257295e+02
   3.1460381e+02   2.6313223e+02
   3.2534988e+02   2.6313909e+02
   3.3595757e+02   2.6188696e+02
   2.4003856e+02   1.9746911e+02
   2.5346384e+02   1.8706596e+02
   2.7061813e+02   1.8777080e+02
   2.8444990e+02   1.9785925e+02
   2.6954599e+02   2.0166837e+02
   2.5430192e+02   2.0240853e+02
   3.4168650e+02   1.9546925e+02
   3.5242752e+02   1.8133324e+02
   3.7053352e+02   1.8058498e+02
   3.8504348e+02   1.9122731e+02
   3.7153015e+02   1.9774549e+02
   3.5651240e+02   1.9798675e+02
   2.7491809e+02   3.0725232e+02
   2.8584636e+02   2.9430420e+02
   3.0084373e+02   2.8680019e+02
   3.1694989e+02   2.8982382e+02
   3.3254963e+02   2.8586974e+02
   3.4753563e+02   2.9286560e+02
   3.5916469e+02   3.0437847e+02
   3.4847060e+02   3.1435962e+02
   3.3496526e+02   3.1978885e+02
   3.2036744e+02   3.2141059e+02
   3.0411016e+02   3.2033122e+02
   2.8887769e+02   3.1521717e+02
   2.9024956e+02   3.0189239e+02
   3.0430071e+02   3.0131645e+02
   3.1813689e+02   3.0234934e+02
   3.2992785e+02   3.0168018e+02
   3.4161373e+02   3.0154845e+02
   3.2988764e+02   3.0250552e+02
   3.1830363e+02   3.0337116e+02
   3.0422203e+02   3.0219553e+02
