   1.9627067e+02   2.0851117e+02
   2.0300443e+02   2.3734393e+02
   2.0985717e+02   2.6605716e+02
   2.1520942e+02   2.9484645e+02
   2.2563640e+02   3.2222251e+02
   2.4281898e+02   3.4598840e+02
   2.6530363e+02   3.6516875e+02
   2.9148555e+02   3.7832592e+02
   3.2026034e+02   3.8217674e+02
   3.4962801e+02   3.7589304e+02
   3.7569684e+02   3.6135834e+02
   3.9381300e+02   3.3783886e+02
   4.1148693e+02   3.1372900e+02
   4.1944560e+02   2.8508975e+02
   4.2269880e+02   2.5524321e+02
   4.2587277e+02   2.2537682e+02
   4.2699917e+02   1.9570937e+02
   2.1558981e+02   1.8251998e+02
   2.2651558e+02   1.6521851e+02
   2.4511015e+02   1.5725014e+02
   2.6519190e+02   1.6094556e+02
   2.8485165e+02   1.6691496e+02
   3.3971475e+02   1.6204195e+02
   3.5621142e+02   1.5401667e+02
   3.7436416e+02   1.5122693e+02
   3.9205525e+02   1.5460940e+02
   4.0524768e+02   1.6705023e+02
   3.1332150e+02   1.9225383e+02
   3.1254468e+02   2.1056283e+02
   3.1333329e+02   2.2897389e+02
   3.1327333e+02   2.4720645e+02
   2.9286439e+02   2.6218506e+02
   3.0358010e+02   2.6370767e+02
   3.1434659e+02   2.6427054e+02
   3.2506884e+02   2.6428624e+02
   3.3568218e+02   2.6323722e+02
   2.3994257e+02   1.9755166e+02
   2.5337881e+02   1.8715339e+02
   2.7053762e+02   1.8786082e+02
   2.8437468e+02   1.9795122e+02
   2.6942438e+02   2.0176533e+02
   2.5416130e+02   2.0266578e+02
   3.4191066e+02   1.9578334e+02
   3.5235047e+02   1.8146207e+02
   3.7045764e+02   1.8069139e+02
   3.8502095e+02   1.9134898e+02
   3.7166264e+02   1.9797274e+02
   3.5669919e+02   1.9812690e+02
   2.7467879e+02   3.0883211e+02
   2.8551231e+02   2.9571193e+02
   3.0059595e+02   2.8828170e+02
   3.1697906e+02   2.9071122e+02
   3.3276754e+02   2.8713229e+02
   3.4775652e+02   2.9433647e+02
   3.5934755e+02   3.0599986e+02
   3.4800171e+02   3.1515185e+02
   3.3451892e+02   3.2031950e+02
   3.2006044e+02   3.2201162e+02
   3.0399402e+02   3.2076872e+02
   2.8882720e+02   3.1608440e+02
   2.9012764e+02   3.0259069e+02
   3.0402775e+02   3.0192406e+02
   3.1775170e+02   3.0305584e+02
   3.2979994e+02   3.0209370e+02
   3.4180291e+02   3.0226940e+02
   3.2970744e+02   3.0291194e+02
   3.1781383e+02   3.0397064e+02
   3.0390792e+02   3.0275859e+02
