   1.9631001e+02   2.0854741e+02
   2.0306947e+02   2.3738845e+02
   2.0994529e+02   2.6611027e+02
   2.1527906e+02   2.9492160e+02
   2.2572150e+02   3.2229837e+02
   2.4299282e+02   3.4601962e+02
   2.6550853e+02   3.6518551e+02
   2.9168210e+02   3.7839083e+02
   3.2046640e+02   3.8225736e+02
   3.4983200e+02   3.7597236e+02
   3.7583685e+02   3.6131705e+02
   3.9389670e+02   3.3780241e+02
   4.1158939e+02   3.1366612e+02
   4.1933998e+02   2.8496828e+02
   4.2277574e+02   2.5512057e+02
   4.2592721e+02   2.2525131e+02
   4.2703211e+02   1.9556900e+02
   2.1560956e+02   1.8254106e+02
   2.2660828e+02   1.6535549e+02
   2.4518284e+02   1.5743117e+02
   2.6524201e+02   1.6102020e+02
   2.8481963e+02   1.6706215e+02
   3.3979604e+02   1.6200750e+02
   3.5627713e+02   1.5411711e+02
   3.7439564e+02   1.5143545e+02
   3.9206353e+02   1.5463809e+02
   4.0521298e+02   1.6706854e+02
   3.1335013e+02   1.9220033e+02
   3.1258730e+02   2.1051020e+02
   3.1339000e+02   2.2892092e+02
   3.1334397e+02   2.4715379e+02
   2.9346748e+02   2.6300689e+02
   3.0386371e+02   2.6451933e+02
   3.1431969e+02   2.6502956e+02
   3.2498528e+02   2.6507723e+02
   3.3556611e+02   2.6422672e+02
   2.3992988e+02   1.9766725e+02
   2.5335128e+02   1.8716273e+02
   2.7057759e+02   1.8790669e+02
   2.8440388e+02   1.9810577e+02
   2.6940351e+02   2.0193098e+02
   2.5411422e+02   2.0295072e+02
   3.4210533e+02   1.9597092e+02
   3.5239034e+02   1.8147899e+02
   3.7055213e+02   1.8061908e+02
   3.8509136e+02   1.9140009e+02
   3.7180906e+02   1.9804289e+02
   3.5687401e+02   1.9816542e+02
   2.7464501e+02   3.0999291e+02
   2.8540822e+02   2.9672575e+02
   3.0055584e+02   2.8930909e+02
   3.1716749e+02   2.9118337e+02
   3.3312684e+02   2.8796069e+02
   3.4811103e+02   2.9535622e+02
   3.5968456e+02   3.0714760e+02
   3.4780915e+02   3.1552759e+02
   3.3436401e+02   3.2050924e+02
   3.2003405e+02   3.2226056e+02
   3.0410898e+02   3.2095169e+02
   2.8898287e+02   3.1658832e+02
   2.9017978e+02   3.0306120e+02
   3.0394495e+02   3.0223804e+02
   3.1757097e+02   3.0346605e+02
   3.2983493e+02   3.0224184e+02
   3.4209693e+02   3.0264751e+02
   3.2971539e+02   3.0307077e+02
   3.1757706e+02   3.0428283e+02
   3.0380913e+02   3.0304035e+02
