   1.5163867e+02   2.0345692e+02
   1.5554388e+02   2.3674848e+02
   1.5947681e+02   2.7019187e+02
   1.6616589e+02   3.0271062e+02
   1.7997847e+02   3.3332363e+02
   1.9930824e+02   3.6041060e+02
   2.2365643e+02   3.8354817e+02
   2.5434115e+02   3.9607827e+02
   2.8741037e+02   3.9909459e+02
   3.1875815e+02   3.9072354e+02
   3.4545213e+02   3.7309016e+02
   3.6328272e+02   3.4641755e+02
   3.7746734e+02   3.1742608e+02
   3.8427870e+02   2.8596100e+02
   3.8803408e+02   2.5378786e+02
   3.8805804e+02   2.2165947e+02
   3.8467718e+02   1.8970800e+02
   1.7037142e+02   1.9248702e+02
   1.8772913e+02   1.8455625e+02
   2.0694224e+02   1.8441046e+02
   2.2633710e+02   1.8442959e+02
   2.4441352e+02   1.9004388e+02
   3.0541915e+02   1.8277799e+02
   3.2073483e+02   1.7732750e+02
   3.3633539e+02   1.7354295e+02
   3.5252498e+02   1.7360058e+02
   3.6803781e+02   1.7740753e+02
   2.7636259e+02   2.1131231e+02
   2.7732733e+02   2.2849375e+02
   2.7821046e+02   2.4559554e+02
   2.7861308e+02   2.6261852e+02
   2.5410005e+02   2.7901184e+02
   2.6724175e+02   2.8316081e+02
   2.8076620e+02   2.8455525e+02
   2.9381158e+02   2.8069716e+02
   3.0602354e+02   2.7529472e+02
   2.0294715e+02   2.1346435e+02
   2.1675232e+02   2.0438396e+02
   2.3338642e+02   2.0557901e+02
   2.4485742e+02   2.1714896e+02
   2.3038234e+02   2.1848032e+02
   2.1601811e+02   2.1874957e+02
   3.0745757e+02   2.1119779e+02
   3.1973095e+02   2.0056512e+02
   3.3579097e+02   1.9872176e+02
   3.4995238e+02   2.0616400e+02
   3.3632583e+02   2.1133149e+02
   3.2184236e+02   2.1247898e+02
   2.3810422e+02   3.1490733e+02
   2.4915985e+02   3.0380774e+02
   2.6470035e+02   3.0044557e+02
   2.8024446e+02   3.0211339e+02
   2.9511125e+02   2.9933992e+02
   3.1014023e+02   3.0098857e+02
   3.2264119e+02   3.0891932e+02
   3.1140413e+02   3.2155210e+02
   2.9749444e+02   3.3100587e+02
   2.8097759e+02   3.3277079e+02
   2.6519477e+02   3.3166701e+02
   2.5130774e+02   3.2368764e+02
   2.5677999e+02   3.1114415e+02
   2.6872312e+02   3.1275925e+02
   2.8062045e+02   3.1335763e+02
   2.9406068e+02   3.1180827e+02
   3.0736877e+02   3.0953052e+02
   2.9405000e+02   3.1257185e+02
   2.8064584e+02   3.1385062e+02
   2.6861122e+02   3.1317549e+02
