   1.5293791e+02   2.0325680e+02
   1.5678872e+02   2.3617069e+02
   1.6066713e+02   2.6937687e+02
   1.6717430e+02   3.0155190e+02
   1.8071303e+02   3.3201469e+02
   1.9968019e+02   3.5888970e+02
   2.2361702e+02   3.8213053e+02
   2.5378236e+02   3.9500320e+02
   2.8657840e+02   3.9743445e+02
   3.1843773e+02   3.9042590e+02
   3.4535947e+02   3.7318717e+02
   3.6340859e+02   3.4667233e+02
   3.7772104e+02   3.1769397e+02
   3.8409744e+02   2.8601855e+02
   3.8856368e+02   2.5380131e+02
   3.8861233e+02   2.2164079e+02
   3.8525267e+02   1.8965864e+02
   1.7161704e+02   1.9232992e+02
   1.8854305e+02   1.8501608e+02
   2.0717355e+02   1.8553244e+02
   2.2593905e+02   1.8601828e+02
   2.4271887e+02   1.9364859e+02
   3.0513195e+02   1.8721767e+02
   3.2033191e+02   1.8132484e+02
   3.3580615e+02   1.7640707e+02
   3.5206272e+02   1.7527952e+02
   3.6786419e+02   1.7809949e+02
   2.7678168e+02   2.1298379e+02
   2.7825989e+02   2.2895338e+02
   2.7907994e+02   2.4485917e+02
   2.7947126e+02   2.6077427e+02
   2.5285619e+02   2.7076041e+02
   2.6582141e+02   2.7947931e+02
   2.8072980e+02   2.8253044e+02
   2.9589000e+02   2.7745226e+02
   3.0918560e+02   2.6828846e+02
   2.0295921e+02   2.1356843e+02
   2.1723447e+02   2.0548493e+02
   2.3358631e+02   2.0645891e+02
   2.4585828e+02   2.1694901e+02
   2.3113664e+02   2.1829773e+02
   2.1650784e+02   2.1845891e+02
   3.0826505e+02   2.1104541e+02
   3.2065870e+02   2.0121416e+02
   3.3636886e+02   1.9962984e+02
   3.5062906e+02   2.0604704e+02
   3.3698338e+02   2.1073843e+02
   3.2257520e+02   2.1168466e+02
   2.3876505e+02   3.0816722e+02
   2.4919655e+02   2.9696839e+02
   2.6451907e+02   2.9389415e+02
   2.8027574e+02   2.9343770e+02
   2.9614617e+02   2.9216676e+02
   3.1168271e+02   2.9341888e+02
   3.2211421e+02   3.0470524e+02
   3.1031426e+02   3.1568276e+02
   2.9561427e+02   3.2244822e+02
   2.7973129e+02   3.2359868e+02
   2.6474613e+02   3.2360569e+02
   2.5175284e+02   3.1605193e+02
   2.5713553e+02   3.0376522e+02
   2.6886303e+02   3.0485514e+02
   2.8058844e+02   3.0509153e+02
   2.9503893e+02   3.0429978e+02
   3.0926860e+02   3.0265095e+02
   2.9491461e+02   3.0522114e+02
   2.8039464e+02   3.0556424e+02
   2.6864248e+02   3.0553542e+02
