   1.5165389e+02   2.0343638e+02
   1.5561564e+02   2.3708218e+02
   1.5960393e+02   2.7069592e+02
   1.6650410e+02   3.0352684e+02
   1.8061657e+02   3.3420700e+02
   2.0033981e+02   3.6145577e+02
   2.2512167e+02   3.8436009e+02
   2.5635309e+02   3.9638812e+02
   2.8964640e+02   4.0015434e+02
   3.2018518e+02   3.9004629e+02
   3.4646858e+02   3.7197440e+02
   3.6393986e+02   3.4520937e+02
   3.7790000e+02   3.1632289e+02
   3.8525380e+02   2.8525939e+02
   3.8806802e+02   2.5328367e+02
   3.8806136e+02   2.2133078e+02
   3.8466858e+02   1.8955201e+02
   1.7037895e+02   1.9245627e+02
   1.8792880e+02   1.8447620e+02
   2.0726954e+02   1.8364288e+02
   2.2670423e+02   1.8384696e+02
   2.4552273e+02   1.8744790e+02
   3.0651077e+02   1.7946963e+02
   3.2168590e+02   1.7385552e+02
   3.3758671e+02   1.7127197e+02
   3.5365897e+02   1.7208187e+02
   3.6906974e+02   1.7632817e+02
   2.7700955e+02   2.0927917e+02
   2.7731484e+02   2.2783206e+02
   2.7826863e+02   2.4621056e+02
   2.7868826e+02   2.6449928e+02
   2.5456711e+02   2.8183091e+02
   2.6784221e+02   2.8324819e+02
   2.8103201e+02   2.8332611e+02
   2.9259275e+02   2.8114815e+02
   3.0388614e+02   2.7940479e+02
   2.0299118e+02   2.1340736e+02
   2.1677957e+02   2.0429652e+02
   2.3341827e+02   2.0548728e+02
   2.4487434e+02   2.1707294e+02
   2.3040781e+02   2.1841241e+02
   2.1605176e+02   2.1869279e+02
   3.0746677e+02   2.1108553e+02
   3.1973054e+02   2.0042853e+02
   3.3579569e+02   1.9857059e+02
   3.4995577e+02   2.0602722e+02
   3.3641465e+02   2.1179363e+02
   3.2189475e+02   2.1319893e+02
   2.3898735e+02   3.1855618e+02
   2.5066691e+02   3.0821088e+02
   2.6585875e+02   3.0445919e+02
   2.8052118e+02   3.0875441e+02
   2.9512262e+02   3.0403485e+02
   3.1048916e+02   3.0611392e+02
   3.2473914e+02   3.1174453e+02
   3.1420393e+02   3.2624119e+02
   3.0047260e+02   3.3733837e+02
   2.8320363e+02   3.4027915e+02
   2.6645438e+02   3.3772275e+02
   2.5141652e+02   3.2970967e+02
   2.5686108e+02   3.1689038e+02
   2.6952074e+02   3.1877841e+02
   2.8209616e+02   3.1950432e+02
   2.9398846e+02   3.1695021e+02
   3.0595037e+02   3.1505743e+02
   2.9391889e+02   3.1746698e+02
   2.8212691e+02   3.1997691e+02
   2.6938682e+02   3.1908264e+02
