   1.5158483e+02   2.0342115e+02
   1.5552753e+02   2.3692116e+02
   1.5949755e+02   2.7047304e+02
   1.6630948e+02   3.0317670e+02
   1.8029667e+02   3.3383939e+02
   1.9985401e+02   3.6102503e+02
   2.2445388e+02   3.8404370e+02
   2.5545351e+02   3.9630260e+02
   2.8866050e+02   3.9972340e+02
   3.1958407e+02   3.9039761e+02
   3.4606548e+02   3.7251246e+02
   3.6370528e+02   3.4577335e+02
   3.7777009e+02   3.1682235e+02
   3.8487453e+02   2.8555982e+02
   3.8811454e+02   2.5347674e+02
   3.8811666e+02   2.2142805e+02
   3.8472248e+02   1.8955540e+02
   1.7032086e+02   1.9243739e+02
   1.8779264e+02   1.8446792e+02
   2.0708943e+02   1.8394384e+02
   2.2652053e+02   1.8405456e+02
   2.4501897e+02   1.8856943e+02
   3.0602879e+02   1.8090038e+02
   3.2127658e+02   1.7536145e+02
   3.3704481e+02   1.7222846e+02
   3.5317751e+02   1.7269870e+02
   3.6864004e+02   1.7675030e+02
   2.7671668e+02   2.1016325e+02
   2.7732438e+02   2.2809938e+02
   2.7824784e+02   2.4590559e+02
   2.7866127e+02   2.6362622e+02
   2.5436987e+02   2.8059774e+02
   2.6759414e+02   2.8323627e+02
   2.8093313e+02   2.8390641e+02
   2.9316494e+02   2.8095637e+02
   3.0487461e+02   2.7754856e+02
   2.0294656e+02   2.1340258e+02
   2.1674298e+02   2.0428971e+02
   2.3339016e+02   2.0548258e+02
   2.4485235e+02   2.1707515e+02
   2.3037785e+02   2.1841355e+02
   2.1601407e+02   2.1869220e+02
   3.0747805e+02   2.1109157e+02
   3.1974905e+02   2.0043115e+02
   3.3582234e+02   1.9857405e+02
   3.4998975e+02   2.0603534e+02
   3.3640318e+02   2.1153338e+02
   3.2189271e+02   2.1282389e+02
   2.3857575e+02   3.1694289e+02
   2.4997478e+02   3.0624270e+02
   2.6533740e+02   3.0266440e+02
   2.8041123e+02   3.0576000e+02
   2.9513410e+02   3.0192398e+02
   3.1034586e+02   3.0380622e+02
   3.2381463e+02   3.1047341e+02
   3.1295457e+02   3.2413058e+02
   2.9914189e+02   3.3449908e+02
   2.8220685e+02   3.3690345e+02
   2.6589180e+02   3.3501049e+02
   2.5137103e+02   3.2700619e+02
   2.5683014e+02   3.1430559e+02
   2.6916522e+02   3.1607189e+02
   2.8143341e+02   3.1674137e+02
   2.9404027e+02   3.1464121e+02
   3.0662246e+02   3.1255928e+02
   2.9399948e+02   3.1527112e+02
   2.8146395e+02   3.1722384e+02
   2.6904270e+02   3.1642562e+02
