   2.0454408e+02   1.8121651e+02
   2.0561979e+02   2.1032081e+02
   2.0869050e+02   2.3913263e+02
   2.1351695e+02   2.6766812e+02
   2.2294123e+02   2.9508062e+02
   2.4139255e+02   3.1715460e+02
   2.6615284e+02   3.3217399e+02
   2.9420387e+02   3.3918084e+02
   3.2293142e+02   3.3953236e+02
   3.4863857e+02   3.3925950e+02
   3.7291735e+02   3.3027052e+02
   3.9452696e+02   3.1617566e+02
   4.1058136e+02   2.9613808e+02
   4.1950876e+02   2.7184011e+02
   4.2604153e+02   2.4685700e+02
   4.3124546e+02   2.2151402e+02
   4.3501058e+02   1.9603448e+02
   2.3872297e+02   1.4801648e+02
   2.5197836e+02   1.3823778e+02
   2.6822502e+02   1.3508734e+02
   2.8484221e+02   1.3529483e+02
   3.0139916e+02   1.3589101e+02
   3.5524788e+02   1.4190950e+02
   3.7202520e+02   1.4151464e+02
   3.8876940e+02   1.4229203e+02
   4.0387589e+02   1.4935995e+02
   4.1624612e+02   1.6051012e+02
   3.3240994e+02   1.6575870e+02
   3.3308936e+02   1.8434748e+02
   3.3284479e+02   2.0290232e+02
   3.3101674e+02   2.2120915e+02
   3.0482373e+02   2.3899623e+02
   3.1653430e+02   2.3897587e+02
   3.2810240e+02   2.4064861e+02
   3.3677300e+02   2.3912269e+02
   3.4542734e+02   2.3880183e+02
   2.5938287e+02   1.7802148e+02
   2.7359976e+02   1.6824502e+02
   2.9097002e+02   1.6954597e+02
   3.0208293e+02   1.8242233e+02
   2.8736544e+02   1.8516339e+02
   2.7247255e+02   1.8463879e+02
   3.4974848e+02   1.8300252e+02
   3.6219951e+02   1.7083255e+02
   3.7991609e+02   1.7160087e+02
   3.9260840e+02   1.8356531e+02
   3.7901275e+02   1.8987887e+02
   3.6403888e+02   1.8792525e+02
   2.8070401e+02   2.8574110e+02
   2.9448455e+02   2.7689721e+02
   3.0921606e+02   2.7002337e+02
   3.2471898e+02   2.7047331e+02
   3.4014718e+02   2.7039880e+02
   3.5395547e+02   2.7753252e+02
   3.6559348e+02   2.8779249e+02
   3.5194524e+02   2.8556246e+02
   3.3802278e+02   2.8707715e+02
   3.2405935e+02   2.8754696e+02
   3.0931793e+02   2.8683625e+02
   2.9472628e+02   2.8466653e+02
   2.9222658e+02   2.8059889e+02
   3.0798927e+02   2.7623886e+02
   3.2408292e+02   2.7806835e+02
   3.4057324e+02   2.7673816e+02
   3.5575326e+02   2.8284882e+02
   3.4033212e+02   2.7715960e+02
   3.2406724e+02   2.7844416e+02
   3.0785844e+02   2.7661970e+02
