   1.7872692e+02   1.9317008e+02
   1.7953507e+02   2.2304494e+02
   1.8646435e+02   2.5198044e+02
   1.9345709e+02   2.8066924e+02
   2.0154108e+02   3.0948770e+02
   2.1758948e+02   3.3420715e+02
   2.3646234e+02   3.5730741e+02
   2.5948432e+02   3.7592022e+02
   2.8784899e+02   3.8295975e+02
   3.1744168e+02   3.7834989e+02
   3.4148949e+02   3.5957153e+02
   3.6418967e+02   3.3932876e+02
   3.8250247e+02   3.1508111e+02
   3.9094914e+02   2.8555183e+02
   3.9631997e+02   2.5554273e+02
   4.0015814e+02   2.2515662e+02
   4.0168734e+02   1.9491787e+02
   1.9521637e+02   1.8139442e+02
   2.0866057e+02   1.6731229e+02
   2.2903001e+02   1.6630605e+02
   2.4884929e+02   1.7028341e+02
   2.6707496e+02   1.7898986e+02
   3.0270687e+02   1.8402256e+02
   3.2196907e+02   1.7495790e+02
   3.4214363e+02   1.6851619e+02
   3.6317527e+02   1.7017116e+02
   3.7806186e+02   1.8427468e+02
   2.8768588e+02   2.0465126e+02
   2.8687594e+02   2.2204640e+02
   2.8676589e+02   2.3950375e+02
   2.8562862e+02   2.5677492e+02
   2.6180078e+02   2.8008578e+02
   2.7368104e+02   2.8207226e+02
   2.8563155e+02   2.8270360e+02
   2.9763381e+02   2.8329276e+02
   3.0947315e+02   2.8211805e+02
   2.1144696e+02   2.0935762e+02
   2.2475288e+02   2.0178907e+02
   2.3984229e+02   2.0335959e+02
   2.5116606e+02   2.1349968e+02
   2.3757184e+02   2.1781004e+02
   2.2343251e+02   2.1664358e+02
   3.2331792e+02   2.1526724e+02
   3.3599079e+02   2.0732919e+02
   3.5083964e+02   2.0631742e+02
   3.6307941e+02   2.1439174e+02
   3.5056002e+02   2.2118960e+02
   3.3625937e+02   2.2105543e+02
   2.4456515e+02   3.0792752e+02
   2.5838280e+02   3.0414259e+02
   2.7220225e+02   3.0015327e+02
   2.8548512e+02   3.0403946e+02
   3.0020466e+02   3.0206608e+02
   3.1391907e+02   3.0874758e+02
   3.2819793e+02   3.1379670e+02
   3.1783514e+02   3.2891169e+02
   3.0178115e+02   3.3759295e+02
   2.8370226e+02   3.3812757e+02
   2.6676441e+02   3.3446828e+02
   2.5365046e+02   3.2280072e+02
   2.5369624e+02   3.1171954e+02
   2.7004837e+02   3.0995239e+02
   2.8607471e+02   3.1199045e+02
   3.0385479e+02   3.1206258e+02
   3.2111464e+02   3.1553466e+02
   3.0366204e+02   3.2160469e+02
   2.8546799e+02   3.2196334e+02
   2.6853857e+02   3.1996573e+02
