   1.8658305e+02   2.6214787e+02
   1.9176894e+02   2.8987106e+02
   1.9975730e+02   3.1674037e+02
   2.0585048e+02   3.4419777e+02
   2.1919238e+02   3.6877119e+02
   2.3870525e+02   3.8867722e+02
   2.6309691e+02   4.0264787e+02
   2.8898785e+02   4.1309169e+02
   3.1666167e+02   4.1405918e+02
   3.4645380e+02   4.1126923e+02
   3.7458505e+02   4.0260462e+02
   3.9852503e+02   3.8560052e+02
   4.1338793e+02   3.6002405e+02
   4.2470012e+02   3.3249400e+02
   4.2899366e+02   3.0341770e+02
   4.3376949e+02   2.7410060e+02
   4.3423903e+02   2.4460686e+02
   2.1305421e+02   2.1042468e+02
   2.2408209e+02   1.9787084e+02
   2.3986921e+02   1.9238819e+02
   2.5661851e+02   1.9366782e+02
   2.7327074e+02   1.9569215e+02
   3.4306904e+02   1.8739223e+02
   3.5985360e+02   1.8328072e+02
   3.7706816e+02   1.8248923e+02
   3.9314340e+02   1.8863971e+02
   4.0509876e+02   2.0074086e+02
   3.1079981e+02   2.3510370e+02
   3.1084401e+02   2.5311078e+02
   3.1086266e+02   2.7118981e+02
   3.1130319e+02   2.8900612e+02
   2.8530524e+02   3.0216889e+02
   2.9809641e+02   3.0244380e+02
   3.1076206e+02   3.0379548e+02
   3.2335696e+02   3.0298112e+02
   3.3586071e+02   3.0130490e+02
   2.3523236e+02   2.4038024e+02
   2.4765023e+02   2.2999454e+02
   2.6386016e+02   2.2958638e+02
   2.7651070e+02   2.3949525e+02
   2.6289355e+02   2.4443834e+02
   2.4853272e+02   2.4532406e+02
   3.4211826e+02   2.3554210e+02
   3.5473171e+02   2.2392780e+02
   3.7183132e+02   2.2223836e+02
   3.8470221e+02   2.3292669e+02
   3.7089602e+02   2.3728832e+02
   3.5648925e+02   2.3696137e+02
   2.6851829e+02   3.4541765e+02
   2.8048361e+02   3.3141156e+02
   2.9473675e+02   3.1977338e+02
   3.1261858e+02   3.1952853e+02
   3.3071968e+02   3.1904540e+02
   3.4635852e+02   3.2901359e+02
   3.6088519e+02   3.4013155e+02
   3.4789326e+02   3.5277150e+02
   3.3214468e+02   3.6146202e+02
   3.1458217e+02   3.6386328e+02
   2.9737424e+02   3.6234242e+02
   2.8109326e+02   3.5673928e+02
   2.8579749e+02   3.4098256e+02
   2.9938738e+02   3.3947967e+02
   3.1291216e+02   3.3939046e+02
   3.2795569e+02   3.3910072e+02
   3.4271761e+02   3.3971922e+02
   3.2778119e+02   3.3886716e+02
   3.1327983e+02   3.3936741e+02
   2.9960091e+02   3.3944558e+02
