   2.4749929e+02   2.1433715e+02
   2.5236008e+02   2.3996487e+02
   2.5807714e+02   2.6521722e+02
   2.6635673e+02   2.8975892e+02
   2.7649582e+02   3.1375915e+02
   2.9257195e+02   3.3398842e+02
   3.1303149e+02   3.4985175e+02
   3.3640916e+02   3.6046715e+02
   3.6191819e+02   3.6460012e+02
   3.8491068e+02   3.5686394e+02
   4.0352855e+02   3.4079641e+02
   4.2038629e+02   3.2308576e+02
   4.3492628e+02   3.0339604e+02
   4.4304090e+02   2.8050109e+02
   4.4551875e+02   2.5603645e+02
   4.4642716e+02   2.3160481e+02
   4.4839646e+02   2.0730877e+02
   2.6873052e+02   1.7255440e+02
   2.8092750e+02   1.6592291e+02
   2.9507524e+02   1.6583580e+02
   3.0909025e+02   1.6755065e+02
   3.2306395e+02   1.6908647e+02
   3.6468492e+02   1.6759993e+02
   3.7852450e+02   1.6168006e+02
   3.9303175e+02   1.5761598e+02
   4.0798826e+02   1.5735564e+02
   4.2264235e+02   1.6036260e+02
   3.4805611e+02   1.8574234e+02
   3.4888373e+02   2.0651248e+02
   3.4958936e+02   2.2723410e+02
   3.4958022e+02   2.4783747e+02
   3.3153640e+02   2.5619240e+02
   3.4152719e+02   2.5944672e+02
   3.5186905e+02   2.5970988e+02
   3.6201779e+02   2.5831332e+02
   3.7064826e+02   2.5309155e+02
   2.8664291e+02   2.0148747e+02
   2.9724278e+02   1.9318402e+02
   3.1069756e+02   1.9302769e+02
   3.2168017e+02   2.0074026e+02
   3.1017288e+02   2.0415965e+02
   2.9815238e+02   2.0439782e+02
   3.7404661e+02   1.9730226e+02
   3.8433284e+02   1.8805739e+02
   3.9833274e+02   1.8768394e+02
   4.0994197e+02   1.9520585e+02
   3.9832142e+02   1.9890627e+02
   3.8611978e+02   1.9908987e+02
   3.0799151e+02   2.8716148e+02
   3.2295212e+02   2.8530477e+02
   3.3760913e+02   2.8252377e+02
   3.5236199e+02   2.8362658e+02
   3.6720624e+02   2.7963205e+02
   3.8246572e+02   2.8181068e+02
   3.9761027e+02   2.8449877e+02
   3.8974063e+02   3.0243765e+02
   3.7547307e+02   3.1564847e+02
   3.5656189e+02   3.1900853e+02
   3.3643717e+02   3.1658673e+02
   3.2051597e+02   3.0339929e+02
   3.2382184e+02   2.9367854e+02
   3.3858548e+02   2.9198045e+02
   3.5328427e+02   2.9215880e+02
   3.7001332e+02   2.9007410e+02
   3.8680471e+02   2.9029549e+02
   3.7236888e+02   3.0072780e+02
   3.5515222e+02   3.0489046e+02
   3.3854360e+02   3.0159547e+02
