   2.4775434e+02   2.1412105e+02
   2.5235003e+02   2.3973046e+02
   2.5767086e+02   2.6497878e+02
   2.6565649e+02   2.8950945e+02
   2.7606273e+02   3.1325661e+02
   2.9215621e+02   3.3340561e+02
   3.1242511e+02   3.4939729e+02
   3.3567572e+02   3.6018732e+02
   3.6096899e+02   3.6481907e+02
   3.8424735e+02   3.5745083e+02
   4.0316917e+02   3.4147324e+02
   4.2022733e+02   3.2370038e+02
   4.3505509e+02   3.0398018e+02
   4.4364784e+02   2.8106922e+02
   4.4612749e+02   2.5642634e+02
   4.4682760e+02   2.3181099e+02
   4.4874742e+02   2.0734658e+02
   2.6894059e+02   1.7236506e+02
   2.8116329e+02   1.6573404e+02
   2.9533425e+02   1.6571447e+02
   3.0938014e+02   1.6744461e+02
   3.2337251e+02   1.6899472e+02
   3.6487134e+02   1.6731842e+02
   3.7879455e+02   1.6153100e+02
   3.9335922e+02   1.5757995e+02
   4.0835016e+02   1.5731850e+02
   4.2301789e+02   1.6035041e+02
   3.4836544e+02   1.8568183e+02
   3.4917587e+02   2.0646509e+02
   3.4986428e+02   2.2719970e+02
   3.4983760e+02   2.4781538e+02
   3.3187002e+02   2.5618532e+02
   3.4173577e+02   2.5942238e+02
   3.5195241e+02   2.5975374e+02
   3.6216665e+02   2.5834793e+02
   3.7088301e+02   2.5313844e+02
   2.8722066e+02   2.0129122e+02
   2.9767662e+02   1.9260903e+02
   3.1116031e+02   1.9243472e+02
   3.2203447e+02   2.0056694e+02
   3.1062778e+02   2.0410924e+02
   2.9865831e+02   2.0430821e+02
   3.7438440e+02   1.9726709e+02
   3.8448338e+02   1.8740930e+02
   3.9856938e+02   1.8693748e+02
   4.1010041e+02   1.9495325e+02
   3.9859123e+02   1.9883326e+02
   3.8642004e+02   1.9905896e+02
   3.0746242e+02   2.8684006e+02
   3.2258764e+02   2.8473117e+02
   3.3750843e+02   2.8198489e+02
   3.5249025e+02   2.8320517e+02
   3.6765418e+02   2.7925069e+02
   3.8320407e+02   2.8135443e+02
   3.9861868e+02   2.8421812e+02
   3.9060703e+02   3.0255548e+02
   3.7598244e+02   3.1599153e+02
   3.5663124e+02   3.1908291e+02
   3.3625761e+02   3.1670438e+02
   3.2035522e+02   3.0311585e+02
   3.2301151e+02   2.9309699e+02
   3.3823863e+02   2.9166397e+02
   3.5336631e+02   2.9181855e+02
   3.7067161e+02   2.8969418e+02
   3.8799956e+02   2.8985681e+02
   3.7334277e+02   3.0102797e+02
   3.5549628e+02   3.0528780e+02
   3.3811737e+02   3.0189142e+02
