   2.4765311e+02   2.1431641e+02
   2.5119976e+02   2.3954735e+02
   2.5484127e+02   2.6449301e+02
   2.6146207e+02   2.8870269e+02
   2.7327848e+02   3.1096056e+02
   2.8947709e+02   3.3042134e+02
   3.0875937e+02   3.4678507e+02
   3.3120755e+02   3.5817900e+02
   3.5525537e+02   3.6505399e+02
   3.7982035e+02   3.5958324e+02
   3.9995949e+02   3.4395032e+02
   4.1781458e+02   3.2578593e+02
   4.3416906e+02   3.0625261e+02
   4.4520419e+02   2.8332540e+02
   4.4744009e+02   2.5792987e+02
   4.4661464e+02   2.3243148e+02
   4.4817629e+02   2.0726166e+02
   2.6869034e+02   1.7235725e+02
   2.8090463e+02   1.6572451e+02
   2.9506800e+02   1.6581624e+02
   3.0916304e+02   1.6754439e+02
   3.2311020e+02   1.6908127e+02
   3.6419344e+02   1.6700734e+02
   3.7819873e+02   1.6139402e+02
   3.9285345e+02   1.5765879e+02
   4.0785479e+02   1.5741206e+02
   4.2248816e+02   1.6040377e+02
   3.4804664e+02   1.8571037e+02
   3.4886661e+02   2.0643841e+02
   3.4956485e+02   2.2711800e+02
   3.4954982e+02   2.4767938e+02
   3.3165928e+02   2.5591573e+02
   3.4136376e+02   2.5923861e+02
   3.5144536e+02   2.5966530e+02
   3.6177604e+02   2.5820481e+02
   3.7060775e+02   2.5287460e+02
   2.8835869e+02   2.0162372e+02
   2.9844149e+02   1.9324322e+02
   3.1146310e+02   1.9294236e+02
   3.2190052e+02   2.0074561e+02
   3.1098554e+02   2.0422001e+02
   2.9948137e+02   2.0413024e+02
   3.7450739e+02   1.9722910e+02
   3.8455076e+02   1.8750077e+02
   3.9851744e+02   1.8664538e+02
   4.0983886e+02   1.9452642e+02
   3.9852038e+02   1.9865771e+02
   3.8643023e+02   1.9900080e+02
   3.0265307e+02   2.8359722e+02
   3.1898142e+02   2.8152090e+02
   3.3519955e+02   2.7922298e+02
   3.5121230e+02   2.8095029e+02
   3.6836222e+02   2.7735956e+02
   3.8578960e+02   2.7861691e+02
   4.0309258e+02   2.8089111e+02
   3.9406004e+02   3.0156553e+02
   3.7731318e+02   3.1632522e+02
   3.5551920e+02   3.1845971e+02
   3.3362585e+02   3.1616789e+02
   3.1749013e+02   3.0052275e+02
   3.1774995e+02   2.8939317e+02
   3.3506292e+02   2.8979479e+02
   3.5217495e+02   2.8978449e+02
   3.7208782e+02   2.8736896e+02
   3.9182773e+02   2.8699182e+02
   3.7615827e+02   3.0136929e+02
   3.5547273e+02   3.0602262e+02
   3.3454073e+02   3.0236519e+02
