   1.5340120e+02   1.8411097e+02
   1.5558136e+02   2.1631291e+02
   1.6017099e+02   2.4810435e+02
   1.6898450e+02   2.7879202e+02
   1.8010075e+02   3.0888533e+02
   1.9384282e+02   3.3789120e+02
   2.1344100e+02   3.6294757e+02
   2.3554925e+02   3.8601885e+02
   2.6588069e+02   3.9191302e+02
   2.9705927e+02   3.8326584e+02
   3.2258224e+02   3.6345548e+02
   3.4371087e+02   3.3896202e+02
   3.6094034e+02   3.1162313e+02
   3.7076538e+02   2.8085753e+02
   3.8043336e+02   2.4995103e+02
   3.8108513e+02   2.1756754e+02
   3.8238781e+02   1.8556840e+02
   1.7659394e+02   1.3702936e+02
   1.8718813e+02   1.2232224e+02
   2.0275288e+02   1.1316556e+02
   2.2072161e+02   1.1458479e+02
   2.3732110e+02   1.2170671e+02
   2.8678959e+02   1.2477487e+02
   3.0247848e+02   1.1706193e+02
   3.1992979e+02   1.1637043e+02
   3.3641893e+02   1.2181946e+02
   3.5071201e+02   1.3193013e+02
   2.6413299e+02   1.6139211e+02
   2.6313547e+02   1.7798296e+02
   2.6257425e+02   1.9461747e+02
   2.6278835e+02   2.1116578e+02
   2.4382818e+02   2.3112646e+02
   2.5436079e+02   2.3229004e+02
   2.6468974e+02   2.3337632e+02
   2.7563519e+02   2.3342331e+02
   2.8638610e+02   2.3522020e+02
   1.9448541e+02   1.6332547e+02
   2.0479458e+02   1.4652893e+02
   2.2505799e+02   1.4688079e+02
   2.3920343e+02   1.6100402e+02
   2.2481545e+02   1.6716843e+02
   2.0929053e+02   1.6806941e+02
   2.9497981e+02   1.6223054e+02
   3.0710137e+02   1.4826359e+02
   3.2580641e+02   1.4944196e+02
   3.3710497e+02   1.6408441e+02
   3.2334051e+02   1.7070984e+02
   3.0809235e+02   1.7001726e+02
   2.2870078e+02   2.9384330e+02
   2.2971719e+02   2.7266921e+02
   2.4282221e+02   2.5598838e+02
   2.6332196e+02   2.5294829e+02
   2.8281477e+02   2.5592068e+02
   2.9677598e+02   2.7037778e+02
   3.0498736e+02   2.8858305e+02
   2.9606209e+02   3.1059716e+02
   2.8290464e+02   3.3031701e+02
   2.6148017e+02   3.3857739e+02
   2.4270855e+02   3.3200158e+02
   2.3356429e+02   3.1366879e+02
   2.3799566e+02   2.9056989e+02
   2.4532019e+02   2.7123570e+02
   2.6289132e+02   2.6064802e+02
   2.8524147e+02   2.7154980e+02
   2.9606919e+02   2.9367666e+02
   2.8450875e+02   3.1360802e+02
   2.6242770e+02   3.1820849e+02
   2.4304110e+02   3.1037169e+02
