   2.0346128e+02   2.0311140e+02
   2.0402416e+02   2.2945396e+02
   2.0628092e+02   2.5569293e+02
   2.1108582e+02   2.8174384e+02
   2.1834847e+02   3.0685256e+02
   2.3375736e+02   3.2799686e+02
   2.5197000e+02   3.4711267e+02
   2.7392474e+02   3.6134446e+02
   2.9936242e+02   3.6704332e+02
   3.2850170e+02   3.6609406e+02
   3.5650147e+02   3.5835665e+02
   3.8119976e+02   3.4324962e+02
   4.0280008e+02   3.2416895e+02
   4.1588795e+02   2.9828579e+02
   4.2334452e+02   2.7023315e+02
   4.3050518e+02   2.4208678e+02
   4.3332451e+02   2.1335896e+02
   2.1715402e+02   1.5987696e+02
   2.3001483e+02   1.5053576e+02
   2.4468816e+02   1.4510718e+02
   2.6019419e+02   1.4664830e+02
   2.7536763e+02   1.5088146e+02
   3.3615029e+02   1.4873445e+02
   3.5342047e+02   1.4433428e+02
   3.7132524e+02   1.4406482e+02
   3.8857830e+02   1.4829273e+02
   3.9950291e+02   1.6156885e+02
   3.0661860e+02   1.8169748e+02
   3.0478309e+02   1.9699022e+02
   3.0171872e+02   2.1201257e+02
   2.9934683e+02   2.2707144e+02
   2.7452254e+02   2.4976078e+02
   2.8769671e+02   2.4852653e+02
   3.0063322e+02   2.4718958e+02
   3.1586569e+02   2.5043677e+02
   3.3102524e+02   2.5232278e+02
   2.3684721e+02   1.8641378e+02
   2.4947328e+02   1.7497864e+02
   2.6646604e+02   1.7562446e+02
   2.7965207e+02   1.8640902e+02
   2.6566044e+02   1.9171865e+02
   2.5081998e+02   1.9143380e+02
   3.3798000e+02   1.8661749e+02
   3.5218244e+02   1.7619887e+02
   3.6951765e+02   1.7506483e+02
   3.8450103e+02   1.8388315e+02
   3.6982631e+02   1.9053236e+02
   3.5368550e+02   1.9023823e+02
   2.5795474e+02   2.9131540e+02
   2.7114854e+02   2.8061922e+02
   2.8463874e+02   2.7062572e+02
   3.0022902e+02   2.7390205e+02
   3.2059323e+02   2.7438873e+02
   3.3891911e+02   2.8458432e+02
   3.5773704e+02   2.9210148e+02
   3.4098830e+02   3.0696117e+02
   3.2155231e+02   3.1793064e+02
   2.9978542e+02   3.2167013e+02
   2.8251090e+02   3.1653490e+02
   2.6821752e+02   3.0586544e+02
   2.7372149e+02   2.9329940e+02
   2.8437637e+02   2.9220685e+02
   2.9507359e+02   2.9213530e+02
   3.1202637e+02   2.9489344e+02
   3.2897238e+02   2.9740001e+02
   3.1227576e+02   2.9637544e+02
   2.9592983e+02   2.9341935e+02
   2.8473571e+02   2.9341519e+02
