   2.0343384e+02   2.0299451e+02
   2.0449925e+02   2.2932796e+02
   2.0649994e+02   2.5559049e+02
   2.1117848e+02   2.8164349e+02
   2.1863554e+02   3.0673346e+02
   2.3380587e+02   3.2809741e+02
   2.5201880e+02   3.4720807e+02
   2.7400572e+02   3.6144271e+02
   2.9941775e+02   3.6712891e+02
   3.2859040e+02   3.6618329e+02
   3.5650462e+02   3.5849334e+02
   3.8084817e+02   3.4280591e+02
   4.0265594e+02   3.2385258e+02
   4.1610849e+02   2.9824759e+02
   4.2357245e+02   2.7016571e+02
   4.3074385e+02   2.4198744e+02
   4.3355751e+02   2.1329104e+02
   2.1714921e+02   1.5971300e+02
   2.3002620e+02   1.5036323e+02
   2.4471714e+02   1.4493084e+02
   2.6024060e+02   1.4647623e+02
   2.7543065e+02   1.5071668e+02
   3.3628297e+02   1.4857708e+02
   3.5357356e+02   1.4417470e+02
   3.7149878e+02   1.4390783e+02
   3.8877083e+02   1.4814336e+02
   3.9970574e+02   1.6143639e+02
   3.0671227e+02   1.8157290e+02
   3.0487218e+02   1.9688278e+02
   3.0180187e+02   2.1192177e+02
   2.9942484e+02   2.2699742e+02
   2.7456857e+02   2.4970861e+02
   2.8775796e+02   2.4847509e+02
   3.0070943e+02   2.4713871e+02
   3.1595875e+02   2.5039207e+02
   3.3113528e+02   2.5228269e+02
   2.3686055e+02   1.8628327e+02
   2.4964866e+02   1.7506952e+02
   2.6660152e+02   1.7555673e+02
   2.7971422e+02   1.8628544e+02
   2.6568356e+02   1.9152327e+02
   2.5082706e+02   1.9130913e+02
   3.3863127e+02   1.8688743e+02
   3.5247547e+02   1.7622725e+02
   3.6976051e+02   1.7520706e+02
   3.8468954e+02   1.8398005e+02
   3.7011167e+02   1.9039088e+02
   3.5418776e+02   1.9019973e+02
   2.5795847e+02   2.9161393e+02
   2.7103846e+02   2.8074511e+02
   2.8450369e+02   2.7067745e+02
   3.0023404e+02   2.7348388e+02
   3.2020656e+02   2.7495987e+02
   3.3814481e+02   2.8506872e+02
   3.5564448e+02   2.9395674e+02
   3.3948476e+02   3.0803127e+02
   3.2074122e+02   3.1828456e+02
   2.9984858e+02   3.2170404e+02
   2.8263656e+02   3.1659976e+02
   2.6836314e+02   3.0599593e+02
   2.7400060e+02   2.9325163e+02
   2.8455526e+02   2.9219665e+02
   2.9513618e+02   2.9213478e+02
   3.1163216e+02   2.9483023e+02
   3.2806720e+02   2.9751925e+02
   3.1186713e+02   2.9633389e+02
   2.9599319e+02   2.9342043e+02
   2.8490505e+02   2.9341455e+02
