   2.0362794e+02   2.0336491e+02
   2.0695885e+02   2.2942638e+02
   2.0785903e+02   2.5561957e+02
   2.1193587e+02   2.8134315e+02
   2.1999758e+02   3.0623153e+02
   2.3422739e+02   3.2817957e+02
   2.5235795e+02   3.4711444e+02
   2.7431115e+02   3.6119559e+02
   2.9938741e+02   3.6672806e+02
   3.2843956e+02   3.6575631e+02
   3.5570446e+02   3.5829577e+02
   3.7823744e+02   3.4012712e+02
   4.0072925e+02   3.2187772e+02
   4.1562444e+02   2.9772464e+02
   4.2300377e+02   2.6975687e+02
   4.3010802e+02   2.4168232e+02
   4.3281931e+02   2.1338253e+02
   2.1724259e+02   1.6024663e+02
   2.3005719e+02   1.5092193e+02
   2.4468236e+02   1.4549667e+02
   2.6014380e+02   1.4701977e+02
   2.7527598e+02   1.5122722e+02
   3.3587676e+02   1.4903378e+02
   3.5309197e+02   1.4463165e+02
   3.7094348e+02   1.4434744e+02
   3.8814912e+02   1.4854785e+02
   3.9905290e+02   1.6177516e+02
   3.0646116e+02   1.8192483e+02
   3.0464436e+02   1.9717387e+02
   3.0160211e+02   2.1215440e+02
   2.9925032e+02   2.2717073e+02
   2.7451925e+02   2.4981443e+02
   2.8765334e+02   2.4857240e+02
   3.0055037e+02   2.4722817e+02
   3.1574055e+02   2.5045252e+02
   3.3085684e+02   2.5231978e+02
   2.3690050e+02   1.8668776e+02
   2.5013487e+02   1.7658360e+02
   2.6671763e+02   1.7660361e+02
   2.7957858e+02   1.8664583e+02
   2.6556250e+02   1.9170964e+02
   2.5076779e+02   1.9167372e+02
   3.4056161e+02   1.8889601e+02
   3.5275683e+02   1.7751054e+02
   3.6954145e+02   1.7694812e+02
   3.8414537e+02   1.8515606e+02
   3.7014685e+02   1.9047914e+02
   3.5532778e+02   1.9077945e+02
   2.5798071e+02   2.9224024e+02
   2.7070927e+02   2.8104252e+02
   2.8401696e+02   2.7085854e+02
   2.9996118e+02   2.7258771e+02
   3.1825515e+02   2.7714467e+02
   3.3425445e+02   2.8711954e+02
   3.4766889e+02   2.9991441e+02
   3.3384550e+02   3.1146467e+02
   3.1757073e+02   3.1910330e+02
   2.9976975e+02   3.2148887e+02
   2.8280215e+02   3.1651133e+02
   2.6865177e+02   3.0614275e+02
   2.7453076e+02   2.9308231e+02
   2.8479239e+02   2.9210158e+02
   2.9504624e+02   2.9204561e+02
   3.1042838e+02   2.9455733e+02
   3.2562793e+02   2.9760373e+02
   3.1063183e+02   2.9609839e+02
   2.9590106e+02   2.9332511e+02
   2.8512038e+02   2.9333198e+02
