   2.0368998e+02   2.0324414e+02
   2.0638339e+02   2.2938032e+02
   2.0757971e+02   2.5570316e+02
   2.1174162e+02   2.8139467e+02
   2.1928979e+02   3.0651476e+02
   2.3408206e+02   3.2808213e+02
   2.5229375e+02   3.4715403e+02
   2.7424763e+02   3.6129472e+02
   2.9941346e+02   3.6688552e+02
   3.2850053e+02   3.6593897e+02
   3.5594961e+02   3.5843290e+02
   3.7898787e+02   3.4096015e+02
   4.0130535e+02   3.2252986e+02
   4.1582255e+02   2.9798480e+02
   4.2324282e+02   2.6998914e+02
   4.3038326e+02   2.4188936e+02
   4.3314075e+02   2.1348136e+02
   2.1735968e+02   1.6008770e+02
   2.3019775e+02   1.5076369e+02
   2.4484497e+02   1.4534535e+02
   2.6032315e+02   1.4688425e+02
   2.7546923e+02   1.5111035e+02
   3.3614299e+02   1.4896931e+02
   3.5338237e+02   1.4457764e+02
   3.7125505e+02   1.4430928e+02
   3.8847703e+02   1.4853022e+02
   3.9938159e+02   1.6178292e+02
   3.0666311e+02   1.8187221e+02
   3.0483035e+02   1.9713747e+02
   3.0177094e+02   2.1213279e+02
   2.9940279e+02   2.2716457e+02
   2.7462221e+02   2.4981237e+02
   2.8777280e+02   2.4858080e+02
   3.0068616e+02   2.4724669e+02
   3.1589121e+02   2.5048859e+02
   3.3102352e+02   2.5237175e+02
   2.3701663e+02   1.8657763e+02
   2.4995154e+02   1.7623984e+02
   2.6657625e+02   1.7678482e+02
   2.7974475e+02   1.8657436e+02
   2.6579008e+02   1.9191653e+02
   2.5097616e+02   1.9159045e+02
   3.4016493e+02   1.8840751e+02
   3.5293315e+02   1.7762921e+02
   3.6969224e+02   1.7691759e+02
   3.8443031e+02   1.8492596e+02
   3.7026753e+02   1.9053810e+02
   3.5514534e+02   1.9069301e+02
   2.5809365e+02   2.9112026e+02
   2.7133659e+02   2.8053566e+02
   2.8482616e+02   2.7059722e+02
   3.0031691e+02   2.7413481e+02
   3.1943946e+02   2.7608504e+02
   3.3585820e+02   2.8665502e+02
   3.5313557e+02   2.9550019e+02
   3.3800158e+02   3.0921772e+02
   3.1989503e+02   3.1842482e+02
   2.9983728e+02   3.2159368e+02
   2.8254847e+02   3.1644441e+02
   2.6826213e+02   3.0574843e+02
   2.7368554e+02   2.9329695e+02
   2.8438472e+02   2.9218652e+02
   2.9513494e+02   2.9211164e+02
   3.1232382e+02   2.9490644e+02
   3.2953771e+02   2.9731269e+02
   3.1258095e+02   2.9637470e+02
   2.9598960e+02   2.9339342e+02
   2.8474890e+02   2.9338819e+02
