   1.9381638e+02   1.7180712e+02
   1.9539777e+02   2.0422915e+02
   2.0299691e+02   2.3585021e+02
   2.0959264e+02   2.6775503e+02
   2.1985223e+02   2.9866410e+02
   2.3537941e+02   3.2699498e+02
   2.5719999e+02   3.5114262e+02
   2.8466114e+02   3.6818975e+02
   3.1627008e+02   3.7404836e+02
   3.4653256e+02   3.6468617e+02
   3.7127043e+02   3.4486775e+02
   3.9302744e+02   3.2168531e+02
   4.0895579e+02   2.9436358e+02
   4.1692512e+02   2.6379060e+02
   4.2099129e+02   2.3230556e+02
   4.2449281e+02   2.0055397e+02
   4.2686870e+02   1.6907392e+02
   2.1833707e+02   1.3673380e+02
   2.3292307e+02   1.2895644e+02
   2.4997655e+02   1.2922778e+02
   2.6658455e+02   1.3291668e+02
   2.8279297e+02   1.3772603e+02
   3.3415626e+02   1.3564745e+02
   3.5169710e+02   1.3239396e+02
   3.6953987e+02   1.3161460e+02
   3.8731447e+02   1.3287735e+02
   4.0450172e+02   1.3720696e+02
   3.1429581e+02   1.6586530e+02
   3.1464819e+02   1.8901418e+02
   3.1375218e+02   2.1203448e+02
   3.1286302e+02   2.3501961e+02
   2.8945981e+02   2.4134947e+02
   3.0065142e+02   2.4736190e+02
   3.1282135e+02   2.5038599e+02
   3.2512428e+02   2.4818736e+02
   3.3632249e+02   2.4309992e+02
   2.3868127e+02   1.6890588e+02
   2.5430705e+02   1.6658528e+02
   2.6991190e+02   1.6454184e+02
   2.8509440e+02   1.6787487e+02
   2.6949853e+02   1.7059208e+02
   2.5377650e+02   1.7153528e+02
   3.4049111e+02   1.7038224e+02
   3.5391313e+02   1.6484547e+02
   3.6870626e+02   1.6746112e+02
   3.8168959e+02   1.7418495e+02
   3.6773212e+02   1.7537606e+02
   3.5398888e+02   1.7345511e+02
   2.7117202e+02   2.7815818e+02
   2.8353588e+02   2.6992653e+02
   2.9770508e+02   2.6599892e+02
   3.1170292e+02   2.6981360e+02
   3.2624105e+02   2.6679653e+02
   3.4024757e+02   2.7263426e+02
   3.5301135e+02   2.8089518e+02
   3.3878633e+02   2.8779141e+02
   3.2463482e+02   2.9421553e+02
   3.0922064e+02   2.9521406e+02
   2.9488110e+02   2.9395995e+02
   2.8211489e+02   2.8735768e+02
   2.8511306e+02   2.7722120e+02
   2.9814446e+02   2.7581488e+02
   3.1089478e+02   2.7841134e+02
   3.2345067e+02   2.7842771e+02
   3.3575366e+02   2.7923673e+02
   3.2304612e+02   2.7900495e+02
   3.1054258e+02   2.7899071e+02
   2.9792166e+02   2.7644847e+02
