   1.9368925e+02   1.7189457e+02
   1.9524646e+02   2.0427838e+02
   2.0283651e+02   2.3592341e+02
   2.0940857e+02   2.6779333e+02
   2.1961904e+02   2.9867624e+02
   2.3506618e+02   3.2698383e+02
   2.5681272e+02   3.5117326e+02
   2.8415099e+02   3.6829550e+02
   3.1576237e+02   3.7424337e+02
   3.4617103e+02   3.6518859e+02
   3.7097984e+02   3.4533260e+02
   3.9279736e+02   3.2217595e+02
   4.0883824e+02   2.9482399e+02
   4.1688366e+02   2.6416785e+02
   4.2098203e+02   2.3260454e+02
   4.2423235e+02   2.0077843e+02
   4.2689567e+02   1.6925235e+02
   2.1824001e+02   1.3680798e+02
   2.3305378e+02   1.2938069e+02
   2.5011253e+02   1.2965086e+02
   2.6665194e+02   1.3364007e+02
   2.8296557e+02   1.3810774e+02
   3.3425397e+02   1.3584505e+02
   3.5181732e+02   1.3241358e+02
   3.6970436e+02   1.3141871e+02
   3.8753714e+02   1.3264123e+02
   4.0452669e+02   1.3735557e+02
   3.1406861e+02   1.6585392e+02
   3.1433215e+02   1.8913767e+02
   3.1334187e+02   2.1227762e+02
   3.1235934e+02   2.3539936e+02
   2.8873218e+02   2.4067923e+02
   3.0003346e+02   2.4664415e+02
   3.1233537e+02   2.4984741e+02
   3.2489037e+02   2.4770976e+02
   3.3624698e+02   2.4231293e+02
   2.3885383e+02   1.6804282e+02
   2.5439002e+02   1.6395724e+02
   2.7040598e+02   1.6199857e+02
   2.8513203e+02   1.6735668e+02
   2.6957103e+02   1.6938355e+02
   2.5401859e+02   1.7003444e+02
   3.4082999e+02   1.7009249e+02
   3.5377681e+02   1.6242298e+02
   3.6912084e+02   1.6442174e+02
   3.8176094e+02   1.7286752e+02
   3.6797167e+02   1.7422240e+02
   3.5427759e+02   1.7278998e+02
   2.7104236e+02   2.7802317e+02
   2.8331703e+02   2.6968635e+02
   2.9749209e+02   2.6585939e+02
   3.1146341e+02   2.6970616e+02
   3.2611513e+02   2.6684161e+02
   3.4016704e+02   2.7274342e+02
   3.5294531e+02   2.8111763e+02
   3.3826019e+02   2.8808699e+02
   3.2360230e+02   2.9456513e+02
   3.0770241e+02   2.9507857e+02
   2.9384500e+02   2.9367023e+02
   2.8156648e+02   2.8703365e+02
   2.8503823e+02   2.7696834e+02
   2.9803717e+02   2.7562322e+02
   3.1072634e+02   2.7835034e+02
   3.2328527e+02   2.7848331e+02
   3.3559641e+02   2.7922350e+02
   3.2286027e+02   2.7903966e+02
   3.1034188e+02   2.7890763e+02
   2.9779319e+02   2.7627737e+02
