   1.9992747e+02   1.9800819e+02
   2.0516309e+02   2.2906097e+02
   2.1095865e+02   2.5956189e+02
   2.1649628e+02   2.9042413e+02
   2.2739547e+02   3.1955088e+02
   2.4033396e+02   3.4784574e+02
   2.6153864e+02   3.7046074e+02
   2.8964875e+02   3.8391710e+02
   3.2007325e+02   3.8937419e+02
   3.5117134e+02   3.8764303e+02
   3.7822649e+02   3.7222784e+02
   3.9971935e+02   3.4969862e+02
   4.1734383e+02   3.2389752e+02
   4.2857767e+02   2.9497049e+02
   4.3584015e+02   2.6446382e+02
   4.4116744e+02   2.3348484e+02
   4.4636006e+02   2.0292521e+02
   2.3049855e+02   1.6168348e+02
   2.4447929e+02   1.4836072e+02
   2.6332577e+02   1.4350238e+02
   2.8282321e+02   1.4307915e+02
   3.0195021e+02   1.4645042e+02
   3.4975479e+02   1.5779871e+02
   3.6614981e+02   1.5589505e+02
   3.8260819e+02   1.5603585e+02
   3.9869743e+02   1.5983675e+02
   4.1430854e+02   1.6472618e+02
   3.2363012e+02   1.8656302e+02
   3.2197785e+02   2.0878743e+02
   3.2073128e+02   2.3115002e+02
   3.1976142e+02   2.5320403e+02
   2.9913906e+02   2.6565936e+02
   3.0936787e+02   2.7081502e+02
   3.2023061e+02   2.7382043e+02
   3.3328139e+02   2.7154346e+02
   3.4516559e+02   2.6616170e+02
   2.4931441e+02   1.8988218e+02
   2.6451970e+02   1.7960068e+02
   2.8267925e+02   1.7919468e+02
   2.9602472e+02   1.9127664e+02
   2.8031371e+02   1.9530162e+02
   2.6431769e+02   1.9525308e+02
   3.5428088e+02   1.9348829e+02
   3.6865822e+02   1.8374738e+02
   3.8619118e+02   1.8322652e+02
   4.0033830e+02   1.9283396e+02
   3.8570871e+02   1.9873304e+02
   3.6980532e+02   1.9695625e+02
   2.8061982e+02   3.1195963e+02
   2.9365161e+02   3.0286614e+02
   3.0838444e+02   2.9755553e+02
   3.2376663e+02   2.9994887e+02
   3.4037762e+02   2.9855113e+02
   3.5599105e+02   3.0413585e+02
   3.6938860e+02   3.1391760e+02
   3.5414437e+02   3.1516000e+02
   3.3951954e+02   3.2004990e+02
   3.2466051e+02   3.2310796e+02
   3.0961619e+02   3.1973905e+02
   2.9562803e+02   3.1261031e+02
   3.0153099e+02   3.0423727e+02
   3.1270763e+02   3.0331701e+02
   3.2365856e+02   3.0485991e+02
   3.3431625e+02   3.0438631e+02
   3.4475375e+02   3.0562203e+02
   3.3397324e+02   3.0486573e+02
   3.2320679e+02   3.0571080e+02
   3.1239737e+02   3.0388590e+02
