   1.9952160e+02   1.9649553e+02
   2.0477866e+02   2.2759143e+02
   2.1059887e+02   2.5815083e+02
   2.1616001e+02   2.8905530e+02
   2.2709630e+02   3.1823489e+02
   2.3997444e+02   3.4693744e+02
   2.6091109e+02   3.6966727e+02
   2.8948844e+02   3.8264548e+02
   3.1998424e+02   3.8808783e+02
   3.5111774e+02   3.8632532e+02
   3.7818402e+02   3.7086987e+02
   3.9969392e+02   3.4829338e+02
   4.1732726e+02   3.2244349e+02
   4.2855851e+02   2.9346664e+02
   4.3581208e+02   2.6292760e+02
   4.4113030e+02   2.3191709e+02
   4.4631697e+02   2.0131044e+02
   2.2997580e+02   1.6035338e+02
   2.4404400e+02   1.4726168e+02
   2.6283411e+02   1.4248290e+02
   2.8225226e+02   1.4205349e+02
   3.0132152e+02   1.4526607e+02
   3.4961507e+02   1.5636478e+02
   3.6607550e+02   1.5433798e+02
   3.8262031e+02   1.5439860e+02
   3.9878401e+02   1.5820436e+02
   4.1445328e+02   1.6318762e+02
   3.2340019e+02   1.8497875e+02
   3.2175535e+02   2.0723641e+02
   3.2051687e+02   2.2963227e+02
   3.1955538e+02   2.5171899e+02
   2.9890837e+02   2.6420169e+02
   3.0915443e+02   2.6936035e+02
   3.2003440e+02   2.7236534e+02
   3.3310326e+02   2.7007926e+02
   3.4500247e+02   2.6468435e+02
   2.4897720e+02   1.8833572e+02
   2.6422316e+02   1.7808686e+02
   2.8224136e+02   1.7799849e+02
   2.9574568e+02   1.8981683e+02
   2.8032558e+02   1.9587229e+02
   2.6383191e+02   1.9522370e+02
   3.5514589e+02   1.9269611e+02
   3.6873040e+02   1.8206216e+02
   3.8609875e+02   1.8159061e+02
   4.0022339e+02   1.9122484e+02
   3.8641111e+02   1.9902127e+02
   3.7036514e+02   1.9765593e+02
   2.8320587e+02   3.0862941e+02
   2.9498003e+02   2.9941878e+02
   3.0906093e+02   2.9460445e+02
   3.2334013e+02   2.9776145e+02
   3.3968401e+02   2.9589357e+02
   3.5512168e+02   3.0233916e+02
   3.7021583e+02   3.0960581e+02
   3.5455029e+02   3.1544472e+02
   3.3959851e+02   3.2281759e+02
   3.2332545e+02   3.2468735e+02
   3.0913505e+02   3.2192511e+02
   2.9624905e+02   3.1510032e+02
   3.0111867e+02   3.0445517e+02
   3.1177886e+02   3.0453128e+02
   3.2223918e+02   3.0607325e+02
   3.3354406e+02   3.0553265e+02
   3.4467930e+02   3.0434744e+02
   3.3350860e+02   3.0607975e+02
   3.2228502e+02   3.0549917e+02
   3.1165714e+02   3.0560805e+02
