   1.9993689e+02   1.9729583e+02
   2.0516597e+02   2.2836800e+02
   2.1095473e+02   2.5888316e+02
   2.1648552e+02   2.8976492e+02
   2.2737955e+02   3.1890709e+02
   2.4027976e+02   3.4736085e+02
   2.6136008e+02   3.7002859e+02
   2.8964278e+02   3.8333597e+02
   3.2007560e+02   3.8880824e+02
   3.5119479e+02   3.8709025e+02
   3.7827671e+02   3.7167636e+02
   3.9979012e+02   3.4914231e+02
   4.1743428e+02   3.2333286e+02
   4.2868531e+02   2.9439350e+02
   4.3596321e+02   2.6386692e+02
   4.4130409e+02   2.3286694e+02
   4.4650908e+02   2.0229141e+02
   2.3058179e+02   1.6088463e+02
   2.4455351e+02   1.4748033e+02
   2.6343747e+02   1.4259648e+02
   2.8297889e+02   1.4217849e+02
   3.0214166e+02   1.4560500e+02
   3.4984351e+02   1.5704720e+02
   3.6623523e+02   1.5518165e+02
   3.8268379e+02   1.5534953e+02
   3.9876617e+02   1.5915540e+02
   4.1437502e+02   1.6402389e+02
   3.2371390e+02   1.8588213e+02
   3.2205384e+02   2.0811876e+02
   3.2079968e+02   2.3049377e+02
   3.1982249e+02   2.5256011e+02
   2.9918450e+02   2.6501623e+02
   3.0941757e+02   2.7017798e+02
   3.2028561e+02   2.7318846e+02
   3.3334456e+02   2.7091420e+02
   3.4523722e+02   2.6553301e+02
   2.4935460e+02   1.8918035e+02
   2.6456143e+02   1.7888174e+02
   2.8266525e+02   1.7858518e+02
   2.9609493e+02   1.9055804e+02
   2.8049728e+02   1.9532557e+02
   2.6432357e+02   1.9505940e+02
   3.5470988e+02   1.9314804e+02
   3.6880866e+02   1.8306700e+02
   3.8629732e+02   1.8256853e+02
   4.0046407e+02   1.9218024e+02
   3.8612112e+02   1.9877290e+02
   3.7014748e+02   1.9713119e+02
   2.8165684e+02   3.1085201e+02
   2.9418542e+02   3.0155307e+02
   3.0870876e+02   2.9636605e+02
   3.2374181e+02   2.9901464e+02
   3.4030194e+02   2.9746546e+02
   3.5587869e+02   3.0344107e+02
   3.6989866e+02   3.1244049e+02
   3.5440171e+02   3.1518690e+02
   3.3962317e+02   3.2092801e+02
   3.2423807e+02   3.2360381e+02
   3.0957317e+02   3.2038780e+02
   2.9600356e+02   3.1345257e+02
   3.0152112e+02   3.0413331e+02
   3.1250982e+02   3.0356600e+02
   3.2328167e+02   3.0509994e+02
   3.3413693e+02   3.0462066e+02
   3.4479180e+02   3.0497156e+02
   3.3390792e+02   3.0511384e+02
   3.2301320e+02   3.0539157e+02
   3.1227079e+02   3.0432723e+02
