   1.9754321e+02   2.0910816e+02
   2.0561838e+02   2.3950566e+02
   2.1151722e+02   2.7017179e+02
   2.2328953e+02   2.9927055e+02
   2.3730616e+02   3.2756342e+02
   2.5267942e+02   3.5486952e+02
   2.7474391e+02   3.7711881e+02
   3.0171863e+02   3.9287811e+02
   3.3230914e+02   3.9547187e+02
   3.6041536e+02   3.8793355e+02
   3.8366777e+02   3.7080751e+02
   4.0077504e+02   3.4731829e+02
   4.1569324e+02   3.2209994e+02
   4.2479169e+02   2.9462275e+02
   4.3068952e+02   2.6587897e+02
   4.3366241e+02   2.3700701e+02
   4.3587219e+02   2.0812883e+02
   2.3396051e+02   1.7588237e+02
   2.4980290e+02   1.7088926e+02
   2.6648270e+02   1.7103469e+02
   2.8326034e+02   1.7136195e+02
   3.0005025e+02   1.7187261e+02
   3.4340653e+02   1.7146218e+02
   3.6150880e+02   1.6875221e+02
   3.7952883e+02   1.6853592e+02
   3.9748077e+02   1.7081440e+02
   4.1322393e+02   1.7926260e+02
   3.2712567e+02   1.9168180e+02
   3.2811336e+02   2.1297999e+02
   3.2977796e+02   2.3410118e+02
   3.3116938e+02   2.5518211e+02
   3.0844457e+02   2.7216546e+02
   3.1899042e+02   2.7268846e+02
   3.2937349e+02   2.7389264e+02
   3.3908442e+02   2.7279446e+02
   3.4884692e+02   2.7301417e+02
   2.5434572e+02   2.0462806e+02
   2.6729113e+02   1.9430424e+02
   2.8391210e+02   1.9358726e+02
   2.9742447e+02   2.0285273e+02
   2.8395760e+02   2.1100941e+02
   2.6830878e+02   2.1167839e+02
   3.5330636e+02   2.0366407e+02
   3.6529830e+02   1.9274023e+02
   3.8163466e+02   1.9270740e+02
   3.9413652e+02   2.0285222e+02
   3.8138465e+02   2.0888927e+02
   3.6709802e+02   2.0750031e+02
   2.8466742e+02   3.1130925e+02
   2.9955799e+02   3.0442151e+02
   3.1470875e+02   2.9882553e+02
   3.3025640e+02   3.0176147e+02
   3.4435584e+02   2.9721118e+02
   3.5846690e+02   3.0272861e+02
   3.7068123e+02   3.1170854e+02
   3.5919980e+02   3.2003378e+02
   3.4719647e+02   3.2744460e+02
   3.3376251e+02   3.3098208e+02
   3.1539917e+02   3.2929499e+02
   2.9831104e+02   3.2325882e+02
   2.9965315e+02   3.1117729e+02
   3.1518252e+02   3.0893065e+02
   3.3027111e+02   3.1204484e+02
   3.4041542e+02   3.0815804e+02
   3.5117408e+02   3.0851644e+02
   3.4051017e+02   3.0896815e+02
   3.3071637e+02   3.1291403e+02
   3.1526148e+02   3.0947945e+02
