   1.9741231e+02   2.0870627e+02
   2.0547549e+02   2.3915263e+02
   2.1133426e+02   2.6987151e+02
   2.2315002e+02   2.9901024e+02
   2.3717507e+02   3.2736373e+02
   2.5257984e+02   3.5471733e+02
   2.7470587e+02   3.7697526e+02
   3.0173851e+02   3.9271836e+02
   3.3238887e+02   3.9520767e+02
   3.6045732e+02   3.8763487e+02
   3.8365075e+02   3.7045565e+02
   4.0075311e+02   3.4699090e+02
   4.1564849e+02   3.2178043e+02
   4.2473040e+02   2.9432431e+02
   4.3062244e+02   2.6559726e+02
   4.3360985e+02   2.3673903e+02
   4.3583801e+02   2.0789046e+02
   2.3381606e+02   1.7537869e+02
   2.4966642e+02   1.7038844e+02
   2.6636079e+02   1.7062106e+02
   2.8315968e+02   1.7098356e+02
   2.9998868e+02   1.7137842e+02
   3.4322654e+02   1.7103989e+02
   3.6139562e+02   1.6838411e+02
   3.7946933e+02   1.6815681e+02
   3.9748117e+02   1.7041048e+02
   4.1320212e+02   1.7901594e+02
   3.2706231e+02   1.9140961e+02
   3.2803597e+02   2.1270819e+02
   3.2967522e+02   2.3383051e+02
   3.3104661e+02   2.5491277e+02
   3.0839352e+02   2.7170607e+02
   3.1891013e+02   2.7234600e+02
   3.2926164e+02   2.7351588e+02
   3.3900957e+02   2.7242843e+02
   3.4881319e+02   2.7260839e+02
   2.5424369e+02   2.0427757e+02
   2.6715710e+02   1.9386931e+02
   2.8380474e+02   1.9317408e+02
   2.9730616e+02   2.0250360e+02
   2.8385757e+02   2.1068607e+02
   2.6820209e+02   2.1134788e+02
   3.5325174e+02   2.0340822e+02
   3.6519487e+02   1.9236840e+02
   3.8157709e+02   1.9233289e+02
   3.9410316e+02   2.0251283e+02
   3.8133456e+02   2.0851224e+02
   3.6705174e+02   2.0719599e+02
   2.8435704e+02   3.1073679e+02
   2.9934272e+02   3.0396765e+02
   3.1457382e+02   2.9851383e+02
   3.3013655e+02   3.0151554e+02
   3.4417525e+02   2.9683115e+02
   3.5828110e+02   3.0230965e+02
   3.7052617e+02   3.1122254e+02
   3.5912938e+02   3.1971575e+02
   3.4715215e+02   3.2715789e+02
   3.3373133e+02   3.3081064e+02
   3.1521247e+02   3.2908766e+02
   2.9799232e+02   3.2297603e+02
   2.9949102e+02   3.1080522e+02
   3.1504270e+02   3.0861353e+02
   3.3013606e+02   3.1170917e+02
   3.4025184e+02   3.0777277e+02
   3.5099770e+02   3.0815573e+02
   3.4034835e+02   3.0859701e+02
   3.3059006e+02   3.1260102e+02
   3.1511882e+02   3.0914419e+02
