   1.9745718e+02   2.0836727e+02
   2.0550377e+02   2.3869580e+02
   2.1205599e+02   2.6915832e+02
   2.2306641e+02   2.9858878e+02
   2.3689418e+02   3.2653613e+02
   2.5216372e+02   3.5380005e+02
   2.7385558e+02   3.7616506e+02
   3.0070367e+02   3.9192340e+02
   3.3099728e+02   3.9725148e+02
   3.5958201e+02   3.9038156e+02
   3.8342685e+02   3.7248858e+02
   4.0350485e+02   3.5085751e+02
   4.1714496e+02   3.2436130e+02
   4.2623223e+02   2.9603920e+02
   4.3053915e+02   2.6683211e+02
   4.3370146e+02   2.3714721e+02
   4.3599051e+02   2.0765640e+02
   2.3469557e+02   1.7863814e+02
   2.5069861e+02   1.7473040e+02
   2.6706383e+02   1.7463541e+02
   2.8356184e+02   1.7500292e+02
   2.9956344e+02   1.7813206e+02
   3.4832032e+02   1.7628988e+02
   3.6480436e+02   1.7316472e+02
   3.8148239e+02   1.7331988e+02
   3.9800728e+02   1.7538473e+02
   4.1353373e+02   1.8097026e+02
   3.2752235e+02   1.9668361e+02
   3.2852033e+02   2.1695606e+02
   3.2881532e+02   2.3708314e+02
   3.2947457e+02   2.5722142e+02
   3.1065021e+02   2.8161073e+02
   3.1985706e+02   2.8008282e+02
   3.2905745e+02   2.8042338e+02
   3.3862826e+02   2.8083938e+02
   3.4796945e+02   2.8294371e+02
   2.5464286e+02   2.0561655e+02
   2.6834582e+02   1.9772582e+02
   2.8401658e+02   1.9727639e+02
   2.9755663e+02   2.0503202e+02
   2.8361502e+02   2.1252770e+02
   2.6796223e+02   2.1357196e+02
   3.5447516e+02   2.0794531e+02
   3.6646453e+02   1.9737498e+02
   3.8250936e+02   1.9686829e+02
   3.9478051e+02   2.0698274e+02
   3.8178549e+02   2.1228169e+02
   3.6781586e+02   2.1221184e+02
   2.8816782e+02   3.2328995e+02
   3.0094519e+02   3.1372448e+02
   3.1558671e+02   3.0784924e+02
   3.3123919e+02   3.0727260e+02
   3.4595305e+02   3.0772415e+02
   3.5929893e+02   3.1434494e+02
   3.7204654e+02   3.2165263e+02
   3.5839894e+02   3.3038530e+02
   3.4427638e+02   3.3792611e+02
   3.2849693e+02   3.4039303e+02
   3.1411524e+02   3.3670761e+02
   3.0041605e+02   3.3136316e+02
   3.0107224e+02   3.1758331e+02
   3.1583437e+02   3.1438721e+02
   3.3042426e+02   3.1769874e+02
   3.4030916e+02   3.1387082e+02
   3.5085517e+02   3.1433054e+02
   3.3958553e+02   3.1453516e+02
   3.2921361e+02   3.1860000e+02
   3.1520273e+02   3.1513884e+02
