   1.9740718e+02   2.0874422e+02
   2.0549948e+02   2.3916160e+02
   2.1212300e+02   2.6970775e+02
   2.2325088e+02   2.9926202e+02
   2.3715457e+02   3.2727361e+02
   2.5260783e+02   3.5460529e+02
   2.7452094e+02   3.7689352e+02
   3.0158801e+02   3.9244205e+02
   3.3202233e+02   3.9775841e+02
   3.6045390e+02   3.9078140e+02
   3.8404964e+02   3.7245409e+02
   4.0457673e+02   3.5127810e+02
   4.1772556e+02   3.2455722e+02
   4.2660811e+02   2.9617861e+02
   4.3044006e+02   2.6699349e+02
   4.3357677e+02   2.3725593e+02
   4.3583585e+02   2.0782281e+02
   2.3454961e+02   1.7922176e+02
   2.5056479e+02   1.7549268e+02
   2.6688703e+02   1.7564820e+02
   2.8337975e+02   1.7610472e+02
   2.9935926e+02   1.7921175e+02
   3.4860370e+02   1.7719333e+02
   3.6498647e+02   1.7415067e+02
   3.8157787e+02   1.7426772e+02
   3.9803421e+02   1.7611371e+02
   4.1341077e+02   1.8169780e+02
   3.2749703e+02   1.9828334e+02
   3.2851898e+02   2.1829773e+02
   3.2851011e+02   2.3817677e+02
   3.2901692e+02   2.5807809e+02
   3.1142145e+02   2.8321060e+02
   3.2020587e+02   2.8171741e+02
   3.2901591e+02   2.8169780e+02
   3.3869002e+02   2.8242905e+02
   3.4810253e+02   2.8470961e+02
   2.5464619e+02   2.0634023e+02
   2.6830524e+02   1.9855567e+02
   2.8385530e+02   1.9818932e+02
   2.9735607e+02   2.0583305e+02
   2.8345624e+02   2.1334032e+02
   2.6781417e+02   2.1449117e+02
   3.5462832e+02   2.0933455e+02
   3.6634608e+02   1.9832556e+02
   3.8248576e+02   1.9764886e+02
   3.9482272e+02   2.0783230e+02
   3.8176126e+02   2.1286222e+02
   3.6789935e+02   2.1342236e+02
   2.8833469e+02   3.2492328e+02
   3.0101297e+02   3.1527802e+02
   3.1582630e+02   3.0989706e+02
   3.3152939e+02   3.0881876e+02
   3.4607805e+02   3.0966832e+02
   3.5924152e+02   3.1628125e+02
   3.7223154e+02   3.2290157e+02
   3.5855685e+02   3.3245385e+02
   3.4417262e+02   3.4018874e+02
   3.2801415e+02   3.4297374e+02
   3.1381586e+02   3.3879875e+02
   3.0026601e+02   3.3334842e+02
   3.0138657e+02   3.1888079e+02
   3.1603922e+02   3.1566862e+02
   3.3052763e+02   3.1887613e+02
   3.4020376e+02   3.1482048e+02
   3.5062980e+02   3.1535970e+02
   3.3932476e+02   3.1551430e+02
   3.2902158e+02   3.1987897e+02
   3.1525544e+02   3.1638524e+02
