   2.0759467e+02   2.1899238e+02
   2.1045541e+02   2.4438177e+02
   2.1466362e+02   2.6944259e+02
   2.1927921e+02   2.9472438e+02
   2.2789152e+02   3.1861426e+02
   2.4236837e+02   3.3928623e+02
   2.6140941e+02   3.5606254e+02
   2.8495393e+02   3.6610754e+02
   3.0987836e+02   3.6991284e+02
   3.3437394e+02   3.6552428e+02
   3.5620217e+02   3.5357141e+02
   3.7394523e+02   3.3610069e+02
   3.8548248e+02   3.1402295e+02
   3.9220820e+02   2.8993628e+02
   3.9423698e+02   2.6488936e+02
   3.9685510e+02   2.4023721e+02
   3.9897451e+02   2.1535238e+02
   2.3016907e+02   2.0230757e+02
   2.4291026e+02   1.9527226e+02
   2.5730768e+02   1.9340208e+02
   2.7203813e+02   1.9329143e+02
   2.8620854e+02   1.9625671e+02
   3.2856151e+02   1.9730928e+02
   3.4104297e+02   1.9356919e+02
   3.5391972e+02   1.9217100e+02
   3.6678147e+02   1.9406559e+02
   3.7960031e+02   1.9599382e+02
   3.0886951e+02   2.2413582e+02
   3.0920068e+02   2.3737128e+02
   3.0948125e+02   2.5055917e+02
   3.0988231e+02   2.6361539e+02
   2.8760999e+02   2.8048627e+02
   2.9839312e+02   2.8408271e+02
   3.0954503e+02   2.8554991e+02
   3.1985374e+02   2.8368230e+02
   3.2912036e+02   2.7913746e+02
   2.4536738e+02   2.2199181e+02
   2.5753940e+02   2.1611156e+02
   2.7088745e+02   2.1630576e+02
   2.8184711e+02   2.2375592e+02
   2.6950752e+02   2.2514268e+02
   2.5721383e+02   2.2500720e+02
   3.3254099e+02   2.2375730e+02
   3.4283384e+02   2.1660021e+02
   3.5527773e+02   2.1543116e+02
   3.6618368e+02   2.2124710e+02
   3.5528397e+02   2.2495136e+02
   3.4382690e+02   2.2572244e+02
   2.6502791e+02   2.9619622e+02
   2.7944308e+02   2.9446766e+02
   2.9386006e+02   2.9449709e+02
   3.0813655e+02   2.9664305e+02
   3.2144275e+02   2.9637369e+02
   3.3478497e+02   2.9671311e+02
   3.4778920e+02   2.9881589e+02
   3.4023823e+02   3.1414137e+02
   3.2583616e+02   3.2367350e+02
   3.0920913e+02   3.2806486e+02
   2.8992599e+02   3.2502460e+02
   2.7454070e+02   3.1313312e+02
   2.7109157e+02   2.9858052e+02
   2.8994007e+02   2.9829465e+02
   3.0813526e+02   3.0227566e+02
   3.2438873e+02   3.0035928e+02
   3.4042106e+02   3.0098404e+02
   3.2762681e+02   3.1529037e+02
   3.0899033e+02   3.1918366e+02
   2.8597186e+02   3.1612710e+02
