   2.0783191e+02   2.1877564e+02
   2.1075638e+02   2.4420540e+02
   2.1504918e+02   2.6930072e+02
   2.1947589e+02   2.9468135e+02
   2.2815763e+02   3.1859940e+02
   2.4280787e+02   3.3915718e+02
   2.6180936e+02   3.5607924e+02
   2.8546835e+02   3.6600871e+02
   3.1044684e+02   3.6968260e+02
   3.3495103e+02   3.6535444e+02
   3.5676123e+02   3.5332407e+02
   3.7465714e+02   3.3597037e+02
   3.8612660e+02   3.1384287e+02
   3.9264302e+02   2.8963349e+02
   3.9435899e+02   2.6452603e+02
   3.9705378e+02   2.3987872e+02
   3.9912357e+02   2.1495731e+02
   2.3050977e+02   2.0272757e+02
   2.4316997e+02   1.9525131e+02
   2.5769135e+02   1.9345795e+02
   2.7253737e+02   1.9327737e+02
   2.8682950e+02   1.9627010e+02
   3.2910131e+02   1.9744842e+02
   3.4157111e+02   1.9375318e+02
   3.5443262e+02   1.9228519e+02
   3.6725471e+02   1.9435670e+02
   3.8009102e+02   1.9616005e+02
   3.0935972e+02   2.2372709e+02
   3.0970471e+02   2.3706058e+02
   3.0996473e+02   2.5033694e+02
   3.1033716e+02   2.6346386e+02
   2.8820923e+02   2.8038570e+02
   2.9897959e+02   2.8393338e+02
   3.1007586e+02   2.8545761e+02
   3.2038685e+02   2.8340056e+02
   3.2972478e+02   2.7897700e+02
   2.4551340e+02   2.2180313e+02
   2.5782852e+02   2.1613179e+02
   2.7121303e+02   2.1630264e+02
   2.8226876e+02   2.2363804e+02
   2.6981913e+02   2.2481247e+02
   2.5746463e+02   2.2467229e+02
   3.3311642e+02   2.2369738e+02
   3.4334929e+02   2.1659834e+02
   3.5573121e+02   2.1549408e+02
   3.6663246e+02   2.2118437e+02
   3.5575489e+02   2.2469842e+02
   3.4437899e+02   2.2544473e+02
   2.6423396e+02   2.9501691e+02
   2.7903056e+02   2.9360486e+02
   2.9377192e+02   2.9380952e+02
   3.0835496e+02   2.9609775e+02
   3.2203374e+02   2.9610610e+02
   3.3579064e+02   2.9611347e+02
   3.4935621e+02   2.9762404e+02
   3.4176535e+02   3.1363222e+02
   3.2684133e+02   3.2356883e+02
   3.0959451e+02   3.2822953e+02
   2.8964681e+02   3.2507937e+02
   2.7386178e+02   3.1259740e+02
   2.7030143e+02   2.9744401e+02
   2.8969729e+02   2.9731519e+02
   3.0839303e+02   3.0171718e+02
   3.2546608e+02   2.9963499e+02
   3.4231590e+02   3.0013374e+02
   3.2915392e+02   3.1576011e+02
   3.0933387e+02   3.1986028e+02
   2.8523356e+02   3.1662736e+02
