   1.8244152e+02   2.0171696e+02
   1.8442701e+02   2.3476272e+02
   1.8959306e+02   2.6707406e+02
   1.9410315e+02   2.9979531e+02
   2.0319250e+02   3.3123850e+02
   2.1426941e+02   3.6218798e+02
   2.3407612e+02   3.8853913e+02
   2.6097477e+02   4.0678513e+02
   2.9304530e+02   4.1267913e+02
   3.2394172e+02   4.0525309e+02
   3.4911518e+02   3.8562832e+02
   3.6921455e+02   3.6102666e+02
   3.7875178e+02   3.3058255e+02
   3.8168786e+02   2.9873883e+02
   3.8574643e+02   2.6706023e+02
   3.8843583e+02   2.3515744e+02
   3.9198499e+02   2.0365991e+02
   1.9624245e+02   1.8755367e+02
   2.1255549e+02   1.7876522e+02
   2.3131756e+02   1.7733983e+02
   2.5000581e+02   1.7766125e+02
   2.6857901e+02   1.8012374e+02
   2.9952634e+02   1.7901680e+02
   3.1858041e+02   1.7989477e+02
   3.3759588e+02   1.7791231e+02
   3.5631765e+02   1.8127835e+02
   3.7110921e+02   1.9283929e+02
   2.8348777e+02   1.9541540e+02
   2.8384928e+02   2.2015155e+02
   2.8547222e+02   2.4475688e+02
   2.8606970e+02   2.6924253e+02
   2.6335271e+02   2.8124856e+02
   2.7547115e+02   2.8341736e+02
   2.8729805e+02   2.8659377e+02
   2.9729227e+02   2.8284688e+02
   3.0730730e+02   2.7952534e+02
   2.1549312e+02   2.0749430e+02
   2.3081615e+02   1.9961384e+02
   2.4796789e+02   2.0002163e+02
   2.5700723e+02   2.1367469e+02
   2.4261617e+02   2.1478585e+02
   2.2833347e+02   2.1358888e+02
   3.0782045e+02   2.1332619e+02
   3.1672369e+02   2.0063187e+02
   3.3236072e+02   1.9881064e+02
   3.4612136e+02   2.0625264e+02
   3.3492394e+02   2.1359645e+02
   3.2137812e+02   2.1395057e+02
   2.4946243e+02   3.2637651e+02
   2.5872024e+02   3.1504996e+02
   2.7209520e+02   3.0896504e+02
   2.8575272e+02   3.1324022e+02
   2.9929564e+02   3.0831860e+02
   3.1269363e+02   3.1438708e+02
   3.2429632e+02   3.2316144e+02
   3.1734331e+02   3.3856298e+02
   3.0440716e+02   3.4975837e+02
   2.8777504e+02   3.5307566e+02
   2.7090300e+02   3.5041001e+02
   2.5647678e+02   3.4120405e+02
   2.5756373e+02   3.2741944e+02
   2.7024410e+02   3.1757355e+02
   2.8626716e+02   3.1953032e+02
   3.0182967e+02   3.1648212e+02
   3.1412641e+02   3.2562229e+02
   3.0173117e+02   3.3406014e+02
   2.8688688e+02   3.3747971e+02
   2.7091113e+02   3.3538038e+02
