   1.8245581e+02   2.0188946e+02
   1.8456483e+02   2.3569139e+02
   1.8986570e+02   2.6905741e+02
   1.9404686e+02   3.0281330e+02
   2.0421531e+02   3.3488253e+02
   2.1583226e+02   3.6652996e+02
   2.3521069e+02   3.9421656e+02
   2.6019248e+02   4.1681222e+02
   2.9227222e+02   4.2466050e+02
   3.2417746e+02   4.1531737e+02
   3.4965922e+02   3.9450521e+02
   3.6992534e+02   3.6797389e+02
   3.7885546e+02   3.3627251e+02
   3.8221735e+02   3.0289217e+02
   3.8554005e+02   2.6994318e+02
   3.8843447e+02   2.3665027e+02
   3.9208203e+02   2.0375035e+02
   1.9625655e+02   1.8771517e+02
   2.1249649e+02   1.7912374e+02
   2.3122265e+02   1.7866435e+02
   2.5013885e+02   1.7866907e+02
   2.6861846e+02   1.8025375e+02
   2.9957747e+02   1.7913414e+02
   3.1863708e+02   1.8025659e+02
   3.3776298e+02   1.7868818e+02
   3.5656797e+02   1.8143933e+02
   3.7119380e+02   1.9293375e+02
   2.8330620e+02   1.9623681e+02
   2.8393925e+02   2.2078065e+02
   2.8555805e+02   2.4515237e+02
   2.8615123e+02   2.6940048e+02
   2.6261847e+02   2.8327663e+02
   2.7460943e+02   2.8424078e+02
   2.8604106e+02   2.8718020e+02
   2.9655025e+02   2.8378669e+02
   3.0711555e+02   2.8093510e+02
   2.1656141e+02   2.0755922e+02
   2.3173727e+02   1.9973355e+02
   2.4876919e+02   2.0120384e+02
   2.5754447e+02   2.1497334e+02
   2.4313590e+02   2.1576336e+02
   2.2896308e+02   2.1436305e+02
   3.0781576e+02   2.1353762e+02
   3.1621704e+02   2.0064293e+02
   3.3230725e+02   2.0055995e+02
   3.4731860e+02   2.0638626e+02
   3.3581536e+02   2.1400218e+02
   3.2185590e+02   2.1424351e+02
   2.5108431e+02   3.3235472e+02
   2.5779906e+02   3.1792162e+02
   2.7108204e+02   3.0926345e+02
   2.8585151e+02   3.1341552e+02
   2.9981970e+02   3.0850853e+02
   3.1315247e+02   3.1581351e+02
   3.2190180e+02   3.2820386e+02
   3.1835939e+02   3.4673216e+02
   3.0607515e+02   3.6099163e+02
   2.8831645e+02   3.6661278e+02
   2.7058715e+02   3.6316421e+02
   2.5881211e+02   3.4899229e+02
   2.5568562e+02   3.3211902e+02
   2.6863457e+02   3.1970681e+02
   2.8635038e+02   3.1959429e+02
   3.0319022e+02   3.1858322e+02
   3.1603347e+02   3.2937340e+02
   3.0517307e+02   3.4588441e+02
   2.8583511e+02   3.4998632e+02
   2.6836383e+02   3.4512449e+02
