   1.7462961e+02   2.2595714e+02
   1.7694792e+02   2.5814287e+02
   1.8155802e+02   2.9016000e+02
   1.8537555e+02   3.2217386e+02
   1.9414824e+02   3.5322124e+02
   2.0670114e+02   3.8293463e+02
   2.2642313e+02   4.0850778e+02
   2.5009406e+02   4.3027256e+02
   2.8086429e+02   4.3447569e+02
   3.1256465e+02   4.3339629e+02
   3.3917430e+02   4.1476141e+02
   3.6213551e+02   3.9174071e+02
   3.7871699e+02   3.6382377e+02
   3.9002245e+02   3.3345348e+02
   3.9780132e+02   3.0196451e+02
   4.0295962e+02   2.6994576e+02
   4.0703104e+02   2.3780260e+02
   1.8839962e+02   1.9931361e+02
   1.9922472e+02   1.7996476e+02
   2.1740448e+02   1.6799038e+02
   2.3846582e+02   1.7425747e+02
   2.5800732e+02   1.8451629e+02
   3.0653318e+02   1.8560831e+02
   3.2838463e+02   1.8064139e+02
   3.5044812e+02   1.7648702e+02
   3.7027026e+02   1.8627988e+02
   3.8248688e+02   2.0483764e+02
   2.8330327e+02   2.1845216e+02
   2.8191623e+02   2.3793081e+02
   2.7966986e+02   2.5740661e+02
   2.7796062e+02   2.7668248e+02
   2.5374980e+02   2.9791548e+02
   2.6603781e+02   3.0053428e+02
   2.7839417e+02   3.0136701e+02
   2.9059384e+02   3.0085889e+02
   3.0249867e+02   2.9890603e+02
   2.0952517e+02   2.2316218e+02
   2.2491880e+02   2.2073345e+02
   2.4165789e+02   2.2237194e+02
   2.5637429e+02   2.2620992e+02
   2.4022366e+02   2.2951226e+02
   2.2403285e+02   2.2927244e+02
   3.1125314e+02   2.2947179e+02
   3.2718319e+02   2.2665177e+02
   3.4499973e+02   2.2738752e+02
   3.6036012e+02   2.3167184e+02
   3.4428580e+02   2.3566957e+02
   3.2753366e+02   2.3350399e+02
   2.4645598e+02   3.4622115e+02
   2.5224417e+02   3.3085874e+02
   2.6516164e+02   3.2106350e+02
   2.8015649e+02   3.2548284e+02
   2.9610865e+02   3.2219174e+02
   3.0896067e+02   3.3298427e+02
   3.1505361e+02   3.4887888e+02
   3.1034560e+02   3.6496084e+02
   2.9840823e+02   3.7656509e+02
   2.8241442e+02   3.7986628e+02
   2.6581686e+02   3.7566841e+02
   2.5556127e+02   3.6138962e+02
   2.5212547e+02   3.4572974e+02
   2.6385365e+02   3.3302367e+02
   2.8061036e+02   3.3625739e+02
   2.9841943e+02   3.3439476e+02
   3.1023944e+02   3.4894709e+02
   2.9772255e+02   3.5922683e+02
   2.8232089e+02   3.6338157e+02
   2.6557888e+02   3.5724811e+02
