   1.7325005e+02   2.2444161e+02
   1.7494578e+02   2.5501830e+02
   1.7988037e+02   2.8510852e+02
   1.8350735e+02   3.1533652e+02
   1.8964353e+02   3.4523860e+02
   2.0213660e+02   3.7275890e+02
   2.2243790e+02   3.9558882e+02
   2.4833509e+02   4.1118956e+02
   2.7789247e+02   4.1578476e+02
   3.0907337e+02   4.1510895e+02
   3.3789098e+02   4.0325275e+02
   3.6271298e+02   3.8454431e+02
   3.8155947e+02   3.5946460e+02
   3.9190343e+02   3.3005580e+02
   4.0005494e+02   2.9975417e+02
   4.0488417e+02   2.6873287e+02
   4.0949524e+02   2.3793521e+02
   1.8738746e+02   2.0091098e+02
   1.9909789e+02   1.8423678e+02
   2.1884947e+02   1.7883126e+02
   2.3854362e+02   1.8541707e+02
   2.5747647e+02   1.9347905e+02
   3.0533018e+02   1.9685326e+02
   3.2734921e+02   1.9062630e+02
   3.4930020e+02   1.8481590e+02
   3.7018569e+02   1.9270663e+02
   3.8454912e+02   2.1005861e+02
   2.8272832e+02   2.1806986e+02
   2.8119511e+02   2.3905402e+02
   2.7831860e+02   2.5968691e+02
   2.7696669e+02   2.8040031e+02
   2.5373869e+02   2.9713214e+02
   2.6560809e+02   2.9965603e+02
   2.7750274e+02   3.0096010e+02
   2.9054350e+02   3.0045594e+02
   3.0317708e+02   2.9796385e+02
   2.0922498e+02   2.2275571e+02
   2.2513335e+02   2.1883515e+02
   2.4225740e+02   2.1976672e+02
   2.5509079e+02   2.2716215e+02
   2.3938941e+02   2.2816395e+02
   2.2369451e+02   2.2816147e+02
   3.1201645e+02   2.2959265e+02
   3.2698085e+02   2.2421295e+02
   3.4416875e+02   2.2401132e+02
   3.5949452e+02   2.2948274e+02
   3.4418773e+02   2.3432141e+02
   3.2785250e+02   2.3325882e+02
   2.4192978e+02   3.3803206e+02
   2.5219818e+02   3.2676024e+02
   2.6612232e+02   3.2053310e+02
   2.7960497e+02   3.2637499e+02
   2.9447669e+02   3.2166485e+02
   3.0849875e+02   3.3006952e+02
   3.2026903e+02   3.3976604e+02
   3.0958514e+02   3.4940391e+02
   2.9539409e+02   3.5461321e+02
   2.8024968e+02   3.5518626e+02
   2.6604136e+02   3.5275544e+02
   2.5377593e+02   3.4538811e+02
   2.5397601e+02   3.3448162e+02
   2.6681354e+02   3.3193296e+02
   2.7913887e+02   3.3652741e+02
   2.9343898e+02   3.3336598e+02
   3.0642498e+02   3.3769566e+02
   2.9301789e+02   3.3984364e+02
   2.7968675e+02   3.4305085e+02
   2.6685282e+02   3.3773900e+02
