   2.0427731e+02   1.8755753e+02
   2.0687043e+02   2.1438644e+02
   2.1170166e+02   2.4089801e+02
   2.1746390e+02   2.6724091e+02
   2.2554595e+02   2.9269004e+02
   2.4193344e+02   3.1416583e+02
   2.6280441e+02   3.3109705e+02
   2.8586578e+02   3.4447674e+02
   3.1221028e+02   3.4689628e+02
   3.3917827e+02   3.4306964e+02
   3.6243454e+02   3.2910516e+02
   3.8251555e+02   3.1042851e+02
   3.9985445e+02   2.8956102e+02
   4.1154301e+02   2.6480767e+02
   4.1659540e+02   2.3806875e+02
   4.2182533e+02   2.1137423e+02
   4.2417856e+02   1.8425545e+02
   2.2078952e+02   1.4754039e+02
   2.3361002e+02   1.3597310e+02
   2.5011252e+02   1.3138279e+02
   2.6703280e+02   1.3416632e+02
   2.8394091e+02   1.3763187e+02
   3.4083248e+02   1.3469442e+02
   3.5619607e+02   1.3165154e+02
   3.7135012e+02   1.2787593e+02
   3.8686554e+02   1.2984674e+02
   4.0031211e+02   1.3763372e+02
   3.1366874e+02   1.5782358e+02
   3.1235191e+02   1.8060464e+02
   3.1171654e+02   2.0335472e+02
   3.1110395e+02   2.2610562e+02
   2.8944727e+02   2.4042268e+02
   3.0018638e+02   2.4318108e+02
   3.1073774e+02   2.4629716e+02
   3.2149028e+02   2.4332737e+02
   3.3202945e+02   2.3969503e+02
   2.4208345e+02   1.6810708e+02
   2.5542412e+02   1.5701228e+02
   2.7267193e+02   1.5943199e+02
   2.8467120e+02   1.7214380e+02
   2.6999703e+02   1.7747428e+02
   2.5466926e+02   1.7681663e+02
   3.3863502e+02   1.7140690e+02
   3.5004992e+02   1.5777412e+02
   3.6770925e+02   1.5498562e+02
   3.8195988e+02   1.6517059e+02
   3.6963824e+02   1.7438576e+02
   3.5405248e+02   1.7405711e+02
   2.6521518e+02   2.7595176e+02
   2.8157180e+02   2.7123494e+02
   2.9686553e+02   2.6320752e+02
   3.1330801e+02   2.6502026e+02
   3.2829400e+02   2.6319949e+02
   3.4282579e+02   2.6822790e+02
   3.5771009e+02   2.7156342e+02
   3.4395228e+02   2.8115958e+02
   3.3008203e+02   2.9035140e+02
   3.1403345e+02   2.9404232e+02
   2.9703018e+02   2.9032298e+02
   2.8137817e+02   2.8219905e+02
   2.8523177e+02   2.7594731e+02
   2.9970925e+02   2.7543660e+02
   3.1403482e+02   2.7746436e+02
   3.2865048e+02   2.7396204e+02
   3.4357591e+02   2.7386474e+02
   3.2847574e+02   2.7455471e+02
   3.1402197e+02   2.7788182e+02
   2.9956167e+02   2.7577728e+02
