   1.5513825e+02   2.6301440e+02
   1.5861122e+02   2.9631433e+02
   1.6959371e+02   3.2791843e+02
   1.8297284e+02   3.5879493e+02
   2.0067015e+02   3.8700017e+02
   2.2523491e+02   4.0967527e+02
   2.5476765e+02   4.2511320e+02
   2.8787169e+02   4.3021360e+02
   3.2077002e+02   4.2631982e+02
   3.5235313e+02   4.1779749e+02
   3.7946221e+02   3.9967128e+02
   4.0136340e+02   3.7543712e+02
   4.1247635e+02   3.4482704e+02
   4.1502821e+02   3.1231630e+02
   4.1314993e+02   2.7951932e+02
   4.1245805e+02   2.4673742e+02
   4.0193562e+02   2.1641457e+02
   1.6906828e+02   2.3736599e+02
   1.7885478e+02   2.1327346e+02
   1.9992110e+02   1.9822627e+02
   2.2564584e+02   1.9927755e+02
   2.4720735e+02   2.1349103e+02
   2.9251919e+02   2.0423792e+02
   3.1095525e+02   1.8800947e+02
   3.3415439e+02   1.8048694e+02
   3.5827125e+02   1.8406747e+02
   3.7667775e+02   1.9952421e+02
   2.7167190e+02   2.1568127e+02
   2.7715742e+02   2.3826477e+02
   2.8265784e+02   2.6076199e+02
   2.8763994e+02   2.8326307e+02
   2.5359901e+02   3.0547147e+02
   2.7315656e+02   3.0994608e+02
   2.9292042e+02   3.0785539e+02
   3.0948295e+02   3.0207228e+02
   3.2454712e+02   2.9340804e+02
   1.9485948e+02   2.5122371e+02
   2.1084791e+02   2.4871307e+02
   2.2700332e+02   2.4451349e+02
   2.4178935e+02   2.3852276e+02
   2.2711653e+02   2.4612395e+02
   2.1119229e+02   2.5045798e+02
   3.0960432e+02   2.2677024e+02
   3.2567777e+02   2.2754051e+02
   3.4232036e+02   2.2756541e+02
   3.5788302e+02   2.2392469e+02
   3.4238214e+02   2.2948331e+02
   3.2582125e+02   2.2916046e+02
   2.5109277e+02   3.5919511e+02
   2.6334160e+02   3.4285410e+02
   2.7907737e+02   3.3042047e+02
   2.9859998e+02   3.2729546e+02
   3.1883866e+02   3.2220491e+02
   3.3912879e+02   3.2757832e+02
   3.5471317e+02   3.4127431e+02
   3.3904168e+02   3.4882023e+02
   3.2247902e+02   3.5413578e+02
   3.0546607e+02   3.5752066e+02
   2.8732835e+02   3.6193507e+02
   2.6881427e+02   3.6396528e+02
   2.5707644e+02   3.5439205e+02
   2.7698088e+02   3.3978199e+02
   3.0111852e+02   3.3615953e+02
   3.2321482e+02   3.3088818e+02
   3.4529118e+02   3.3559209e+02
   3.2292195e+02   3.3181864e+02
   3.0109467e+02   3.3712886e+02
   2.7690082e+02   3.4043352e+02
