   1.5496693e+02   2.6282389e+02
   1.5845288e+02   2.9616336e+02
   1.6951751e+02   3.2794630e+02
   1.8284818e+02   3.5868740e+02
   2.0058422e+02   3.8709364e+02
   2.2482955e+02   4.0984929e+02
   2.5572612e+02   4.2254481e+02
   2.8886500e+02   4.2643773e+02
   3.2216749e+02   4.2310325e+02
   3.5328790e+02   4.1418180e+02
   3.8093672e+02   3.9786496e+02
   4.0101564e+02   3.7274862e+02
   4.1292965e+02   3.4272434e+02
   4.1496829e+02   3.1060427e+02
   4.1311496e+02   2.7822035e+02
   4.1242088e+02   2.4619272e+02
   4.0191246e+02   2.1614891e+02
   1.6902169e+02   2.3549804e+02
   1.7865707e+02   2.1143241e+02
   1.9868988e+02   1.9554559e+02
   2.2436463e+02   1.9895666e+02
   2.4780376e+02   2.0995529e+02
   2.9193837e+02   2.0085279e+02
   3.1289276e+02   1.8648610e+02
   3.3606833e+02   1.7790902e+02
   3.6053212e+02   1.8258977e+02
   3.7922266e+02   1.9880013e+02
   2.7177665e+02   2.1212985e+02
   2.7723990e+02   2.3527500e+02
   2.8211324e+02   2.5852723e+02
   2.8799099e+02   2.8136473e+02
   2.5184249e+02   2.9968135e+02
   2.7236020e+02   3.0576626e+02
   2.9346412e+02   3.0343122e+02
   3.1040328e+02   2.9719810e+02
   3.2557712e+02   2.8747947e+02
   1.9475228e+02   2.4423975e+02
   2.0581752e+02   2.2893682e+02
   2.2461078e+02   2.2602861e+02
   2.4048513e+02   2.3594413e+02
   2.2556160e+02   2.4149011e+02
   2.1027553e+02   2.4571686e+02
   3.0970797e+02   2.2459119e+02
   3.2209540e+02   2.1029955e+02
   3.4109936e+02   2.0733351e+02
   3.5776636e+02   2.1614098e+02
   3.4257586e+02   2.2254258e+02
   3.2606716e+02   2.2393658e+02
   2.4860559e+02   3.5054957e+02
   2.6201727e+02   3.3578391e+02
   2.7840792e+02   3.2441952e+02
   2.9757783e+02   3.2569078e+02
   3.1456584e+02   3.1675000e+02
   3.3383453e+02   3.1993930e+02
   3.5028358e+02   3.3022098e+02
   3.3913872e+02   3.4481414e+02
   3.2464871e+02   3.5586158e+02
   3.0711546e+02   3.5979089e+02
   2.8633636e+02   3.6652431e+02
   2.6483048e+02   3.6440275e+02
   2.5963272e+02   3.4840198e+02
   2.7917295e+02   3.3880990e+02
   3.0041101e+02   3.3637157e+02
   3.2059468e+02   3.2992710e+02
   3.4160320e+02   3.3223363e+02
   3.2134840e+02   3.3797814e+02
   3.0128009e+02   3.4314196e+02
   2.8060642e+02   3.4722760e+02
