   1.5648823e+02   2.6309381e+02
   1.5996204e+02   2.9645587e+02
   1.7094800e+02   3.2808930e+02
   1.8433479e+02   3.5900006e+02
   2.0207686e+02   3.8723499e+02
   2.2654447e+02   4.1011286e+02
   2.5602784e+02   4.2577310e+02
   2.8918178e+02   4.3091162e+02
   3.2207086e+02   4.2678490e+02
   3.5382670e+02   4.1851157e+02
   3.8099198e+02   4.0033604e+02
   4.0297437e+02   3.7609388e+02
   4.1389246e+02   3.4532560e+02
   4.1653070e+02   3.1272078e+02
   4.1465827e+02   2.7983482e+02
   4.1397798e+02   2.4694502e+02
   4.0345554e+02   2.1655327e+02
   1.7050580e+02   2.3827880e+02
   1.8010371e+02   2.1393048e+02
   2.0132355e+02   1.9870560e+02
   2.2725584e+02   1.9936336e+02
   2.4879292e+02   2.1399645e+02
   2.9400199e+02   2.0464990e+02
   3.1217153e+02   1.8825855e+02
   3.3536896e+02   1.8093360e+02
   3.5941637e+02   1.8435719e+02
   3.7778717e+02   1.9971459e+02
   2.7307989e+02   2.1628600e+02
   2.7853982e+02   2.3868692e+02
   2.8411738e+02   2.6100231e+02
   2.8908755e+02   2.8335686e+02
   2.5496781e+02   3.0625265e+02
   2.7471225e+02   3.1043460e+02
   2.9459523e+02   3.0836293e+02
   3.1108613e+02   3.0245230e+02
   3.2622309e+02   2.9400817e+02
   1.9629071e+02   2.5237620e+02
   2.1323762e+02   2.5201243e+02
   2.2888448e+02   2.4729619e+02
   2.4329475e+02   2.3889709e+02
   2.2870680e+02   2.4691986e+02
   2.1270855e+02   2.5130259e+02
   3.1103555e+02   2.2718269e+02
   3.2762594e+02   2.3033552e+02
   3.4394775e+02   2.3089725e+02
   3.5938642e+02   2.2521961e+02
   3.4381184e+02   2.3059565e+02
   3.2721877e+02   2.3005335e+02
   2.5262089e+02   3.5971836e+02
   2.6482218e+02   3.4346584e+02
   2.8060413e+02   3.3130237e+02
   3.0006812e+02   3.2779321e+02
   3.2056813e+02   3.2271017e+02
   3.4106641e+02   3.2799658e+02
   3.5657277e+02   3.4204803e+02
   3.4059046e+02   3.4923043e+02
   3.2392153e+02   3.5456757e+02
   3.0681103e+02   3.5790819e+02
   2.8876743e+02   3.6229935e+02
   2.7033533e+02   3.6444555e+02
   2.5796207e+02   3.5549687e+02
   2.7800830e+02   3.4030627e+02
   3.0259974e+02   3.3650216e+02
   3.2484613e+02   3.3133141e+02
   3.4704331e+02   3.3589554e+02
   3.2456064e+02   3.3186826e+02
   3.0261036e+02   3.3711506e+02
   2.7787093e+02   3.4041767e+02
