   1.5474263e+02   2.6316789e+02
   1.5809578e+02   2.9619666e+02
   1.6891339e+02   3.2761960e+02
   1.8214813e+02   3.5841355e+02
   1.9940243e+02   3.8659689e+02
   2.2503185e+02   4.0778759e+02
   2.5448266e+02   4.2290130e+02
   2.8720808e+02   4.2848266e+02
   3.2015669e+02   4.2584337e+02
   3.5106614e+02   4.1619081e+02
   3.7779192e+02   3.9775848e+02
   4.0007212e+02   3.7392377e+02
   4.1273729e+02   3.4424006e+02
   4.1500737e+02   3.1197320e+02
   4.1318644e+02   2.7950762e+02
   4.1252342e+02   2.4691327e+02
   4.0204129e+02   2.1677937e+02
   1.6818056e+02   2.3384015e+02
   1.7857098e+02   2.1069646e+02
   1.9888433e+02   1.9621880e+02
   2.2368533e+02   1.9901249e+02
   2.4544847e+02   2.1155046e+02
   2.9255690e+02   2.0316162e+02
   3.1224683e+02   1.8740310e+02
   3.3566421e+02   1.7876355e+02
   3.6033273e+02   1.8330635e+02
   3.7896841e+02   1.9944544e+02
   2.7172782e+02   2.1306260e+02
   2.7731191e+02   2.3681108e+02
   2.8234342e+02   2.6045994e+02
   2.8731574e+02   2.8392483e+02
   2.5398771e+02   3.0352370e+02
   2.7272155e+02   3.0852233e+02
   2.9173780e+02   3.0635378e+02
   3.0830095e+02   3.0158781e+02
   3.2267729e+02   2.9215556e+02
   1.9427503e+02   2.4552428e+02
   2.0524399e+02   2.3096630e+02
   2.2451638e+02   2.2985612e+02
   2.4149447e+02   2.3759526e+02
   2.2598044e+02   2.4227448e+02
   2.1032482e+02   2.4637642e+02
   3.0969031e+02   2.2538906e+02
   3.2317716e+02   2.1292057e+02
   3.4164924e+02   2.0982610e+02
   3.5785324e+02   2.1781804e+02
   3.4262764e+02   2.2426409e+02
   3.2617459e+02   2.2514488e+02
   2.4996583e+02   3.5790189e+02
   2.6319996e+02   3.4200847e+02
   2.7864654e+02   3.2842233e+02
   2.9844512e+02   3.2643057e+02
   3.1758382e+02   3.2182626e+02
   3.3676804e+02   3.2712139e+02
   3.5305919e+02   3.3838541e+02
   3.3853390e+02   3.4757109e+02
   3.2208795e+02   3.5235440e+02
   3.0558079e+02   3.5662968e+02
   2.8696297e+02   3.6024732e+02
   2.6833130e+02   3.6163300e+02
   2.5935129e+02   3.4889332e+02
   2.7893391e+02   3.3856695e+02
   3.0068344e+02   3.3581653e+02
   3.2243396e+02   3.3019480e+02
   3.4412540e+02   3.3469633e+02
   3.2186891e+02   3.3076119e+02
   3.0038617e+02   3.3638837e+02
   2.7876126e+02   3.3951344e+02
