   1.8085179e+02   2.1678592e+02
   1.8305688e+02   2.4770537e+02
   1.8666176e+02   2.7792496e+02
   1.9048681e+02   3.0850490e+02
   1.9639635e+02   3.3874548e+02
   2.0735673e+02   3.6721352e+02
   2.2740028e+02   3.9023693e+02
   2.5431718e+02   4.0473094e+02
   2.8402750e+02   4.1197043e+02
   3.1442278e+02   4.1056517e+02
   3.4259294e+02   3.9802846e+02
   3.6749429e+02   3.8037778e+02
   3.8549577e+02   3.5560731e+02
   3.9587404e+02   3.2675625e+02
   4.0401542e+02   2.9716142e+02
   4.0968323e+02   2.6701219e+02
   4.1450962e+02   2.3690367e+02
   1.9575028e+02   2.0043519e+02
   2.0905260e+02   1.8398654e+02
   2.3013827e+02   1.8144212e+02
   2.4989499e+02   1.9036945e+02
   2.6930705e+02   1.9993102e+02
   3.1449950e+02   2.0183970e+02
   3.3416578e+02   1.9596307e+02
   3.5386177e+02   1.9052089e+02
   3.7375298e+02   1.9447807e+02
   3.8805856e+02   2.0854699e+02
   2.8998695e+02   2.2203960e+02
   2.8917046e+02   2.4168896e+02
   2.8674330e+02   2.6117330e+02
   2.8471721e+02   2.8069451e+02
   2.6116450e+02   2.9560570e+02
   2.7244890e+02   2.9790774e+02
   2.8340782e+02   3.0111839e+02
   2.9611327e+02   2.9872731e+02
   3.0876077e+02   2.9751361e+02
   2.1773401e+02   2.1818612e+02
   2.3372102e+02   2.0866058e+02
   2.5222410e+02   2.1200384e+02
   2.6311562e+02   2.2685285e+02
   2.4705381e+02   2.2689217e+02
   2.3106996e+02   2.2628479e+02
   3.1875529e+02   2.3078114e+02
   3.3209608e+02   2.1813144e+02
   3.5027714e+02   2.1630005e+02
   3.6452761e+02   2.2721518e+02
   3.5009178e+02   2.3313173e+02
   3.3435870e+02   2.3217595e+02
   2.4586208e+02   3.3348041e+02
   2.5919814e+02   3.2611096e+02
   2.7285014e+02   3.2024761e+02
   2.8588621e+02   3.2621789e+02
   3.0004565e+02   3.2109622e+02
   3.1348203e+02   3.2912466e+02
   3.2641617e+02   3.3826834e+02
   3.1471578e+02   3.4813854e+02
   3.0145933e+02   3.5520968e+02
   2.8688569e+02   3.5622130e+02
   2.7161186e+02   3.5222348e+02
   2.5827278e+02   3.4363483e+02
   2.6445375e+02   3.3395952e+02
   2.7533619e+02   3.3226332e+02
   2.8592652e+02   3.3510406e+02
   2.9832792e+02   3.3216658e+02
   3.0985428e+02   3.3726033e+02
   2.9812877e+02   3.3995871e+02
   2.8637437e+02   3.4225694e+02
   2.7533990e+02   3.3812115e+02
