   1.7155799e+02   2.2419155e+02
   1.7283125e+02   2.5529754e+02
   1.7928262e+02   2.8557227e+02
   1.8811295e+02   3.1534599e+02
   1.9913778e+02   3.4436864e+02
   2.1474780e+02   3.7110589e+02
   2.3638564e+02   3.9317827e+02
   2.6174124e+02   4.1100394e+02
   2.9104676e+02   4.1957006e+02
   3.2361895e+02   4.1047943e+02
   3.5137623e+02   3.9089901e+02
   3.7605408e+02   3.6741291e+02
   3.9098999e+02   3.3716314e+02
   4.0042505e+02   3.0447744e+02
   4.0755980e+02   2.7112737e+02
   4.0981133e+02   2.3697148e+02
   4.1091469e+02   2.0324808e+02
   1.7851642e+02   2.0254806e+02
   1.9388007e+02   1.9220048e+02
   2.1224351e+02   1.8995363e+02
   2.3047540e+02   1.9357348e+02
   2.4844768e+02   1.9783497e+02
   3.0803919e+02   1.9309073e+02
   3.2764707e+02   1.8595470e+02
   3.4778577e+02   1.8144838e+02
   3.6798727e+02   1.8535558e+02
   3.8234910e+02   1.9951225e+02
   2.8036566e+02   2.2648879e+02
   2.7997760e+02   2.4865132e+02
   2.7973941e+02   2.7065009e+02
   2.8021152e+02   2.9261728e+02
   2.4779070e+02   3.0913022e+02
   2.6461369e+02   3.1202410e+02
   2.8122990e+02   3.1466235e+02
   2.9979124e+02   3.1011206e+02
   3.1826497e+02   3.0586042e+02
   2.0403656e+02   2.3019786e+02
   2.1985064e+02   2.2047194e+02
   2.3836773e+02   2.2415752e+02
   2.4978110e+02   2.3860136e+02
   2.3352510e+02   2.3977353e+02
   2.1732189e+02   2.3889515e+02
   3.1480629e+02   2.3496288e+02
   3.2618353e+02   2.1945191e+02
   3.4478868e+02   2.1421389e+02
   3.6161845e+02   2.2279454e+02
   3.4918228e+02   2.3402855e+02
   3.3192091e+02   2.3434411e+02
   2.3815652e+02   3.4448673e+02
   2.5334490e+02   3.3879814e+02
   2.6888247e+02   3.3461831e+02
   2.8477789e+02   3.3581472e+02
   3.0427155e+02   3.3262387e+02
   3.2387888e+02   3.3480345e+02
   3.4281990e+02   3.3971338e+02
   3.3015720e+02   3.5947237e+02
   3.0958497e+02   3.7068835e+02
   2.8632412e+02   3.7406166e+02
   2.6607872e+02   3.7213754e+02
   2.4879433e+02   3.6156140e+02
   2.4762548e+02   3.4672726e+02
   2.6615924e+02   3.4298024e+02
   2.8485418e+02   3.4349052e+02
   3.0963860e+02   3.4083544e+02
   3.3430771e+02   3.4273259e+02
   3.1141202e+02   3.5462431e+02
   2.8592113e+02   3.5820281e+02
   2.6555573e+02   3.5617134e+02
