   1.7092545e+02   2.2561893e+02
   1.7231067e+02   2.5642325e+02
   1.7873703e+02   2.8620277e+02
   1.8806214e+02   3.1548120e+02
   2.0020116e+02   3.4368782e+02
   2.1645511e+02   3.6966249e+02
   2.3656483e+02   3.9297673e+02
   2.6045027e+02   4.1216703e+02
   2.8906549e+02   4.2131289e+02
   3.2194048e+02   4.1196776e+02
   3.4960878e+02   3.9158400e+02
   3.7563197e+02   3.6881104e+02
   3.9190934e+02   3.3881827e+02
   4.0168845e+02   3.0571335e+02
   4.0877913e+02   2.7190945e+02
   4.1089911e+02   2.3733807e+02
   4.1182708e+02   2.0319416e+02
   1.7781139e+02   2.0378634e+02
   1.9316249e+02   1.9332812e+02
   2.1172625e+02   1.9120243e+02
   2.3009148e+02   1.9441024e+02
   2.4820187e+02   1.9865023e+02
   3.0818063e+02   1.9354046e+02
   3.2801346e+02   1.8620090e+02
   3.4869839e+02   1.8247854e+02
   3.6931491e+02   1.8656257e+02
   3.8394679e+02   2.0082378e+02
   2.8050137e+02   2.2732484e+02
   2.8023739e+02   2.4952003e+02
   2.8011762e+02   2.7167209e+02
   2.8063572e+02   2.9364617e+02
   2.4778203e+02   3.1004474e+02
   2.6470022e+02   3.1222393e+02
   2.8134545e+02   3.1488799e+02
   2.9978756e+02   3.0969640e+02
   3.1867296e+02   3.0651813e+02
   2.0366304e+02   2.3148568e+02
   2.1898784e+02   2.2080916e+02
   2.3784175e+02   2.2502111e+02
   2.5068121e+02   2.3900663e+02
   2.3405635e+02   2.4092815e+02
   2.1743487e+02   2.4025754e+02
   3.1522842e+02   2.3566555e+02
   3.2670424e+02   2.1992443e+02
   3.4534143e+02   2.1434183e+02
   3.6229767e+02   2.2315146e+02
   3.4983786e+02   2.3453286e+02
   3.3245840e+02   2.3494696e+02
   2.3998183e+02   3.4702982e+02
   2.5447253e+02   3.4054834e+02
   2.6931433e+02   3.3575339e+02
   2.8473831e+02   3.3672455e+02
   3.0367442e+02   3.3373435e+02
   3.2267640e+02   3.3578658e+02
   3.4082588e+02   3.4154150e+02
   3.2863329e+02   3.6100347e+02
   3.0887270e+02   3.7261727e+02
   2.8614653e+02   3.7583347e+02
   2.6652933e+02   3.7396395e+02
   2.4992385e+02   3.6376354e+02
   2.4971276e+02   3.4912963e+02
   2.6700481e+02   3.4449428e+02
   2.8472919e+02   3.4443240e+02
   3.0817162e+02   3.4201265e+02
   3.3132990e+02   3.4473423e+02
   3.1022819e+02   3.5666571e+02
   2.8640221e+02   3.6056163e+02
   2.6676712e+02   3.5849688e+02
