   1.8385801e+02   2.0036759e+02
   1.9096940e+02   2.3113408e+02
   1.9671555e+02   2.6225297e+02
   2.0612635e+02   2.9215241e+02
   2.1991177e+02   3.2037341e+02
   2.3932691e+02   3.4545320e+02
   2.6151928e+02   3.6758601e+02
   2.8963938e+02   3.8140569e+02
   3.2040038e+02   3.8751862e+02
   3.4860251e+02   3.7870791e+02
   3.7222901e+02   3.6169393e+02
   3.9015850e+02   3.3819118e+02
   4.0558860e+02   3.1311667e+02
   4.1404867e+02   2.8500770e+02
   4.1790458e+02   2.5587164e+02
   4.1612965e+02   2.2657859e+02
   4.1737415e+02   1.9735869e+02
   2.1851986e+02   1.7351030e+02
   2.3373243e+02   1.6610262e+02
   2.5053527e+02   1.6447411e+02
   2.6760111e+02   1.6575113e+02
   2.8437281e+02   1.6745165e+02
   3.2769689e+02   1.6572311e+02
   3.4270631e+02   1.6023153e+02
   3.5887245e+02   1.6047970e+02
   3.7491823e+02   1.6146152e+02
   3.9095019e+02   1.6183040e+02
   3.1000966e+02   1.8567502e+02
   3.1053562e+02   2.0626774e+02
   3.1089988e+02   2.2669137e+02
   3.1131426e+02   2.4714901e+02
   2.9476036e+02   2.6753093e+02
   3.0333989e+02   2.6346765e+02
   3.1264303e+02   2.6280380e+02
   3.2315366e+02   2.6342937e+02
   3.3245211e+02   2.6796801e+02
   2.3757965e+02   2.0037306e+02
   2.4982266e+02   1.9016767e+02
   2.6573048e+02   1.8895171e+02
   2.7833343e+02   1.9837876e+02
   2.6482510e+02   2.0436677e+02
   2.5045481e+02   2.0669145e+02
   3.3592500e+02   1.9951659e+02
   3.4769871e+02   1.8638981e+02
   3.6573621e+02   1.8640469e+02
   3.7664942e+02   1.9995398e+02
   3.6312214e+02   2.0267614e+02
   3.4947863e+02   2.0167152e+02
   2.7305564e+02   3.1077192e+02
   2.8350661e+02   2.9826735e+02
   2.9802782e+02   2.9110843e+02
   3.1382023e+02   2.9352721e+02
   3.2912851e+02   2.8964296e+02
   3.4411489e+02   2.9531646e+02
   3.5541128e+02   3.0651850e+02
   3.4328839e+02   3.1629517e+02
   3.3081896e+02   3.2532458e+02
   3.1590460e+02   3.2643155e+02
   3.0062173e+02   3.2470869e+02
   2.8681989e+02   3.1757718e+02
   2.8915119e+02   3.0722895e+02
   3.0259621e+02   3.0424491e+02
   3.1603581e+02   3.0689330e+02
   3.2599122e+02   3.0337157e+02
   3.3638646e+02   3.0436375e+02
   3.2581665e+02   3.0430045e+02
   3.1582085e+02   3.0752320e+02
   3.0243488e+02   3.0485533e+02
