   1.8392690e+02   2.0050093e+02
   1.9114892e+02   2.3196805e+02
   1.9704526e+02   2.6356906e+02
   2.0691146e+02   2.9417659e+02
   2.2131530e+02   3.2265097e+02
   2.4137834e+02   3.4791335e+02
   2.6450883e+02   3.6993464e+02
   2.9257107e+02   3.8556200e+02
   3.2380901e+02   3.9065998e+02
   3.5150615e+02   3.8146011e+02
   3.7375373e+02   3.6218080e+02
   3.9198390e+02   3.3921492e+02
   4.0566049e+02   3.1336370e+02
   4.1412331e+02   2.8517932e+02
   4.1798078e+02   2.5615068e+02
   4.1620927e+02   2.2667496e+02
   4.1747118e+02   1.9756232e+02
   2.1860092e+02   1.7365099e+02
   2.3420436e+02   1.6721746e+02
   2.5088847e+02   1.6524082e+02
   2.6774102e+02   1.6580379e+02
   2.8446338e+02   1.6761157e+02
   3.2779303e+02   1.6589593e+02
   3.4319469e+02   1.6179781e+02
   3.5916076e+02   1.6130542e+02
   3.7522962e+02   1.6176550e+02
   3.9105488e+02   1.6202190e+02
   3.1166857e+02   1.8629648e+02
   3.1266108e+02   2.0651618e+02
   3.1265825e+02   2.2682179e+02
   3.1315204e+02   2.4684688e+02
   2.9482186e+02   2.6770565e+02
   3.0494686e+02   2.6538820e+02
   3.1517846e+02   2.6506966e+02
   3.2423020e+02   2.6480658e+02
   3.3251787e+02   2.6815418e+02
   2.3765480e+02   2.0052265e+02
   2.5110329e+02   1.9153728e+02
   2.6719900e+02   1.9154730e+02
   2.7909360e+02   2.0188943e+02
   2.6500447e+02   2.0675820e+02
   2.5037011e+02   2.0738457e+02
   3.3601187e+02   1.9969584e+02
   3.4911721e+02   1.8916166e+02
   3.6561967e+02   1.8835265e+02
   3.7674091e+02   2.0014559e+02
   3.6355171e+02   2.0490178e+02
   3.4952049e+02   2.0384436e+02
   2.7545735e+02   3.1228730e+02
   2.8465484e+02   2.9939302e+02
   2.9844504e+02   2.9189412e+02
   3.1387609e+02   2.9371073e+02
   3.3024838e+02   2.8993656e+02
   3.4571443e+02   2.9670654e+02
   3.5568597e+02   3.1016392e+02
   3.4519740e+02   3.2189090e+02
   3.3248300e+02   3.3110242e+02
   3.1733970e+02   3.3424560e+02
   3.0104664e+02   3.3314319e+02
   2.8741275e+02   3.2358724e+02
   2.8935371e+02   3.1103915e+02
   3.0177418e+02   3.0321200e+02
   3.1619925e+02   3.0600940e+02
   3.2911096e+02   3.0315874e+02
   3.4073282e+02   3.0908656e+02
   3.2848918e+02   3.1329237e+02
   3.1598025e+02   3.1629935e+02
   3.0254098e+02   3.1385995e+02
