   1.8389450e+02   2.0046680e+02
   1.9109427e+02   2.3168682e+02
   1.9696317e+02   2.6315192e+02
   2.0673260e+02   2.9361064e+02
   2.2098497e+02   3.2200695e+02
   2.4088263e+02   3.4721148e+02
   2.6373025e+02   3.6920566e+02
   2.9212001e+02   3.8389358e+02
   3.2322124e+02   3.8949541e+02
   3.5087775e+02   3.8007377e+02
   3.7343939e+02   3.6141360e+02
   3.9134878e+02   3.3818256e+02
   4.0581404e+02   3.1281836e+02
   4.1416122e+02   2.8476462e+02
   4.1795441e+02   2.5580046e+02
   4.1615616e+02   2.2642627e+02
   4.1740438e+02   1.9738178e+02
   2.1854681e+02   1.7359881e+02
   2.3410384e+02   1.6705714e+02
   2.5079699e+02   1.6510639e+02
   2.6766998e+02   1.6573228e+02
   2.8439629e+02   1.6751882e+02
   3.2771882e+02   1.6577618e+02
   3.4307513e+02   1.6152677e+02
   3.5905977e+02   1.6110070e+02
   3.7512478e+02   1.6160459e+02
   3.9096942e+02   1.6186291e+02
   3.1144821e+02   1.8613863e+02
   3.1240506e+02   2.0639364e+02
   3.1245206e+02   2.2670856e+02
   3.1294984e+02   2.4677519e+02
   2.9481626e+02   2.6759244e+02
   3.0473813e+02   2.6479764e+02
   3.1490909e+02   2.6443903e+02
   3.2419910e+02   2.6416909e+02
   3.3250730e+02   2.6801721e+02
   2.3761492e+02   2.0045474e+02
   2.5093214e+02   1.9133809e+02
   2.6700590e+02   1.9121294e+02
   2.7897727e+02   2.0145249e+02
   2.6495297e+02   2.0644345e+02
   2.5034881e+02   2.0725240e+02
   3.3595777e+02   1.9956621e+02
   3.4891729e+02   1.8876055e+02
   3.6557492e+02   1.8802539e+02
   3.7668141e+02   1.9999030e+02
   3.6346100e+02   2.0454549e+02
   3.4947070e+02   2.0350179e+02
   2.7459954e+02   3.1142401e+02
   2.8424405e+02   2.9864099e+02
   2.9832948e+02   2.9143945e+02
   3.1388418e+02   2.9358191e+02
   3.2988667e+02   2.8976094e+02
   3.4524177e+02   2.9616714e+02
   3.5565012e+02   3.0889984e+02
   3.4442488e+02   3.1974916e+02
   3.3166938e+02   3.2861752e+02
   3.1664804e+02   3.3166140e+02
   3.0079803e+02   3.3000168e+02
   2.8727259e+02   3.2112851e+02
   2.8944956e+02   3.0914143e+02
   3.0234669e+02   3.0307326e+02
   3.1638434e+02   3.0593850e+02
   3.2837507e+02   3.0295321e+02
   3.3960108e+02   3.0753634e+02
   3.2749366e+02   3.1100786e+02
   3.1532662e+02   3.1406633e+02
   3.0232340e+02   3.1124480e+02
