   2.0688655e+02   2.4596160e+02
   2.0938060e+02   2.6957989e+02
   2.1446545e+02   2.9278094e+02
   2.2116429e+02   3.1558872e+02
   2.3057918e+02   3.3730503e+02
   2.4350495e+02   3.5704297e+02
   2.6226569e+02   3.7141796e+02
   2.8458290e+02   3.7943311e+02
   3.0812439e+02   3.8048140e+02
   3.3098029e+02   3.7664525e+02
   3.5190687e+02   3.6700565e+02
   3.6862770e+02   3.5095992e+02
   3.8103471e+02   3.3139014e+02
   3.8873132e+02   3.0966807e+02
   3.9307814e+02   2.8689341e+02
   3.9526785e+02   2.6393296e+02
   3.9708253e+02   2.4094423e+02
   2.1832140e+02   2.1862635e+02
   2.3037297e+02   2.0576535e+02
   2.4793802e+02   2.0164704e+02
   2.6572376e+02   2.0014756e+02
   2.8216950e+02   2.0640108e+02
   3.0514615e+02   2.0144100e+02
   3.2255961e+02   1.9595991e+02
   3.4056596e+02   1.9318067e+02
   3.5775274e+02   1.9945267e+02
   3.7223057e+02   2.1038547e+02
   2.9490939e+02   2.3014320e+02
   2.9574988e+02   2.4371097e+02
   2.9641935e+02   2.5727253e+02
   2.9689671e+02   2.7080380e+02
   2.7893679e+02   2.9075150e+02
   2.8861625e+02   2.9351772e+02
   2.9848804e+02   2.9443644e+02
   3.0795705e+02   2.9305601e+02
   3.1678686e+02   2.8946609e+02
   2.3458442e+02   2.3556384e+02
   2.4401193e+02   2.2608311e+02
   2.5748744e+02   2.2462176e+02
   2.6930400e+02   2.3079855e+02
   2.5815336e+02   2.3497076e+02
   2.4640179e+02   2.3643859e+02
   3.2085144e+02   2.2989114e+02
   3.3251225e+02   2.2236037e+02
   3.4638298e+02   2.2162088e+02
   3.5791069e+02   2.2894344e+02
   3.4578403e+02   2.3250710e+02
   3.3319184e+02   2.3211867e+02
   2.7036290e+02   3.2348079e+02
   2.7883609e+02   3.1654696e+02
   2.8897801e+02   3.1207565e+02
   2.9984271e+02   3.1290887e+02
   3.1113795e+02   3.1213755e+02
   3.2188377e+02   3.1585345e+02
   3.3222615e+02   3.2059901e+02
   3.2245011e+02   3.2499164e+02
   3.1210226e+02   3.2734830e+02
   3.0155499e+02   3.2833692e+02
   2.9078840e+02   3.2851856e+02
   2.7989134e+02   3.2814000e+02
   2.7731293e+02   3.2193571e+02
   2.8855656e+02   3.1765745e+02
   3.0038800e+02   3.1765478e+02
   3.1005996e+02   3.1682626e+02
   3.1947910e+02   3.1876670e+02
   3.0977647e+02   3.1837418e+02
   3.0038867e+02   3.1921596e+02
   2.8873821e+02   3.1918191e+02
