   2.0429958e+02   2.5060720e+02
   2.0943528e+02   2.7617498e+02
   2.1682927e+02   3.0103601e+02
   2.2679148e+02   3.2505919e+02
   2.3741634e+02   3.4888298e+02
   2.5016960e+02   3.7157575e+02
   2.6642070e+02   3.9166508e+02
   2.8791995e+02   4.0584021e+02
   3.1340948e+02   4.0770265e+02
   3.3741770e+02   4.0139865e+02
   3.5648467e+02   3.8504980e+02
   3.7074398e+02   3.6457240e+02
   3.8043891e+02   3.4132864e+02
   3.8775187e+02   3.1746122e+02
   3.9264650e+02   2.9278694e+02
   3.9578161e+02   2.6801943e+02
   3.9691596e+02   2.4299932e+02
   2.1743434e+02   2.1315626e+02
   2.2627832e+02   1.9445561e+02
   2.4546948e+02   1.8596202e+02
   2.6622680e+02   1.8855924e+02
   2.8091095e+02   2.0305229e+02
   3.0324409e+02   2.0145882e+02
   3.1607267e+02   1.8317445e+02
   3.3663421e+02   1.7555808e+02
   3.5663388e+02   1.8486405e+02
   3.7124720e+02   2.0159603e+02
   2.9433002e+02   2.2757176e+02
   2.9504347e+02   2.4044479e+02
   2.9541046e+02   2.5323770e+02
   2.9576125e+02   2.6600455e+02
   2.7662866e+02   2.8759215e+02
   2.8709569e+02   2.9236100e+02
   2.9843013e+02   2.9293914e+02
   3.0746869e+02   2.9163579e+02
   3.1516060e+02   2.8700700e+02
   2.3333140e+02   2.3060428e+02
   2.4298282e+02   2.2088930e+02
   2.5673155e+02   2.1978962e+02
   2.6784549e+02   2.2761276e+02
   2.5658819e+02   2.3086358e+02
   2.4494903e+02   2.3168353e+02
   3.1973558e+02   2.2556885e+02
   3.3184901e+02   2.1817807e+02
   3.4598259e+02   2.1798446e+02
   3.5772345e+02   2.2550849e+02
   3.4522231e+02   2.2865453e+02
   3.3228208e+02   2.2840783e+02
   2.7088757e+02   3.3046385e+02
   2.7424462e+02   3.1718028e+02
   2.8579232e+02   3.0936652e+02
   2.9960494e+02   3.0857014e+02
   3.1371940e+02   3.0973957e+02
   3.2645517e+02   3.1548956e+02
   3.3397346e+02   3.2701842e+02
   3.2930206e+02   3.4385756e+02
   3.2042577e+02   3.5861449e+02
   3.0548891e+02   3.6685649e+02
   2.8830294e+02   3.6212744e+02
   2.7791939e+02   3.4720501e+02
   2.7609248e+02   3.3075758e+02
   2.8474352e+02   3.1741114e+02
   3.0034695e+02   3.1493846e+02
   3.1701003e+02   3.1606485e+02
   3.2958046e+02   3.2692646e+02
   3.2124586e+02   3.4431982e+02
   3.0407686e+02   3.5271080e+02
   2.8623308e+02   3.4629078e+02
