   2.0650276e+02   2.4776071e+02
   2.0981071e+02   2.7121823e+02
   2.1532021e+02   2.9418327e+02
   2.2174939e+02   3.1697604e+02
   2.3125252e+02   3.3852849e+02
   2.4486334e+02   3.5766130e+02
   2.6262391e+02   3.7315690e+02
   2.8419249e+02   3.8266166e+02
   3.0748150e+02   3.8426904e+02
   3.3076002e+02   3.8058399e+02
   3.5162227e+02   3.7000742e+02
   3.6835562e+02   3.5352106e+02
   3.8036429e+02   3.3330191e+02
   3.8812673e+02   3.1115696e+02
   3.9259773e+02   2.8803426e+02
   3.9444216e+02   2.6454809e+02
   3.9643652e+02   2.4127063e+02
   2.1877111e+02   2.1842081e+02
   2.3083856e+02   2.0556146e+02
   2.4849604e+02   2.0156771e+02
   2.6643447e+02   2.0010036e+02
   2.8269321e+02   2.0670965e+02
   3.0410227e+02   2.0284870e+02
   3.2137513e+02   1.9682485e+02
   3.3918390e+02   1.9410263e+02
   3.5672460e+02   1.9917833e+02
   3.7189461e+02   2.0889780e+02
   2.9499839e+02   2.3020103e+02
   2.9535671e+02   2.4381981e+02
   2.9604359e+02   2.5741551e+02
   2.9671202e+02   2.7091585e+02
   2.7777190e+02   2.9153865e+02
   2.8784044e+02   2.9410723e+02
   2.9806802e+02   2.9521945e+02
   3.0778731e+02   2.9354365e+02
   3.1690731e+02   2.8987273e+02
   2.3322761e+02   2.3549681e+02
   2.4355136e+02   2.2599654e+02
   2.5740738e+02   2.2407000e+02
   2.6938035e+02   2.3079656e+02
   2.5777242e+02   2.3515322e+02
   2.4550369e+02   2.3614028e+02
   3.2096841e+02   2.2996741e+02
   3.3272153e+02   2.2224387e+02
   3.4669385e+02   2.2162161e+02
   3.5838138e+02   2.2900945e+02
   3.4605350e+02   2.3185612e+02
   3.3344077e+02   2.3197876e+02
   2.7360013e+02   3.2640740e+02
   2.7901130e+02   3.1694912e+02
   2.8905906e+02   3.1217008e+02
   3.0010809e+02   3.1238171e+02
   3.1125005e+02   3.1260878e+02
   3.2153493e+02   3.1686685e+02
   3.3056249e+02   3.2337907e+02
   3.2260709e+02   3.3032210e+02
   3.1299313e+02   3.3447401e+02
   3.0265009e+02   3.3613371e+02
   2.9189644e+02   3.3633049e+02
   2.8151642e+02   3.3345147e+02
   2.8453776e+02   3.2259852e+02
   2.9186016e+02   3.1849396e+02
   3.0024180e+02   3.1825608e+02
   3.0773983e+02   3.1834377e+02
   3.1455264e+02   3.2122340e+02
   3.0787329e+02   3.2378918e+02
   3.0109054e+02   3.2495234e+02
   2.9271345e+02   3.2453123e+02
