   2.0490125e+02   2.4979014e+02
   2.0984397e+02   2.7497094e+02
   2.1674725e+02   2.9933128e+02
   2.2556560e+02   3.2338232e+02
   2.3567149e+02   3.4662391e+02
   2.4893601e+02   3.6832864e+02
   2.6512252e+02   3.8814650e+02
   2.8616322e+02   4.0219358e+02
   3.1093653e+02   4.0446872e+02
   3.3490262e+02   3.9956369e+02
   3.5386145e+02   3.8427166e+02
   3.6864369e+02   3.6458400e+02
   3.7945896e+02   3.4236139e+02
   3.8666598e+02   3.1897710e+02
   3.9140138e+02   2.9487325e+02
   3.9441344e+02   2.7053692e+02
   3.9635260e+02   2.4603562e+02
   2.1926191e+02   2.1920438e+02
   2.3037934e+02   2.0476490e+02
   2.4810155e+02   1.9869302e+02
   2.6664718e+02   1.9615176e+02
   2.8219505e+02   2.0545350e+02
   3.0240062e+02   2.0299125e+02
   3.1869233e+02   1.9332246e+02
   3.3734081e+02   1.9158824e+02
   3.5515180e+02   1.9673889e+02
   3.7097188e+02   2.0691580e+02
   2.9431865e+02   2.3007532e+02
   2.9477590e+02   2.4268428e+02
   2.9544158e+02   2.5534024e+02
   2.9578633e+02   2.6785754e+02
   2.7701487e+02   2.9061645e+02
   2.8714449e+02   2.9456100e+02
   2.9801788e+02   2.9473099e+02
   3.0730030e+02   2.9364921e+02
   3.1533624e+02   2.8910359e+02
   2.3221311e+02   2.3404767e+02
   2.4216184e+02   2.2393202e+02
   2.5649426e+02   2.2260137e+02
   2.6847145e+02   2.3016588e+02
   2.5664355e+02   2.3319325e+02
   2.4441155e+02   2.3370705e+02
   3.2036443e+02   2.2813925e+02
   3.3290496e+02   2.2078297e+02
   3.4726506e+02   2.2088546e+02
   3.5860456e+02   2.2955397e+02
   3.4563155e+02   2.2984073e+02
   3.3291604e+02   2.3004789e+02
   2.7280025e+02   3.3130197e+02
   2.7565861e+02   3.1849082e+02
   2.8607923e+02   3.1123930e+02
   2.9879159e+02   3.1056539e+02
   3.1210029e+02   3.1213504e+02
   3.2406086e+02   3.1745657e+02
   3.3082294e+02   3.2886000e+02
   3.2654265e+02   3.4414725e+02
   3.1837602e+02   3.5745020e+02
   3.0510856e+02   3.6448306e+02
   2.8919932e+02   3.6059083e+02
   2.7850454e+02   3.4728475e+02
   2.7751019e+02   3.2993611e+02
   2.8557699e+02   3.1846031e+02
   2.9904694e+02   3.1683286e+02
   3.1480298e+02   3.1789956e+02
   3.2681796e+02   3.2838254e+02
   3.1857195e+02   3.4300541e+02
   3.0372450e+02   3.4931311e+02
   2.8773273e+02   3.4443892e+02
