   2.0627118e+02   2.4764613e+02
   2.0936354e+02   2.7117357e+02
   2.1478914e+02   2.9424238e+02
   2.2130676e+02   3.1705781e+02
   2.3085686e+02   3.3867658e+02
   2.4435720e+02   3.5795649e+02
   2.6252090e+02   3.7303233e+02
   2.8441238e+02   3.8198165e+02
   3.0782768e+02   3.8336957e+02
   3.3105288e+02   3.7957118e+02
   3.5207989e+02   3.6929740e+02
   3.6889993e+02   3.5292584e+02
   3.8100952e+02   3.3280356e+02
   3.8878072e+02   3.1069847e+02
   3.9320112e+02   2.8758305e+02
   3.9506241e+02   2.6415374e+02
   3.9694186e+02   2.4088414e+02
   2.1818061e+02   2.1834750e+02
   2.3018254e+02   2.0524560e+02
   2.4795752e+02   2.0113090e+02
   2.6601619e+02   1.9996322e+02
   2.8236442e+02   2.0666364e+02
   3.0440546e+02   2.0247232e+02
   3.2161927e+02   1.9619661e+02
   3.3961439e+02   1.9304926e+02
   3.5724737e+02   1.9865152e+02
   3.7221227e+02   2.0904016e+02
   2.9493836e+02   2.3023011e+02
   2.9544968e+02   2.4394143e+02
   2.9613926e+02   2.5762303e+02
   2.9679679e+02   2.7123368e+02
   2.7803700e+02   2.9163183e+02
   2.8806328e+02   2.9423355e+02
   2.9823900e+02   2.9534986e+02
   3.0793234e+02   2.9368962e+02
   3.1703331e+02   2.9004369e+02
   2.3339605e+02   2.3567021e+02
   2.4351696e+02   2.2617453e+02
   2.5727082e+02   2.2432494e+02
   2.6920695e+02   2.3089888e+02
   2.5772075e+02   2.3531088e+02
   2.4557181e+02   2.3647751e+02
   3.2095475e+02   2.3001953e+02
   3.3265759e+02   2.2228188e+02
   3.4662383e+02   2.2155992e+02
   3.5836169e+02   2.2882147e+02
   3.4609819e+02   2.3214638e+02
   3.3343735e+02   2.3213085e+02
   2.7270972e+02   3.2597764e+02
   2.7903195e+02   3.1721995e+02
   2.8918230e+02   3.1255886e+02
   3.0021855e+02   3.1294239e+02
   3.1139237e+02   3.1282620e+02
   3.2180784e+02   3.1692915e+02
   3.3134047e+02   3.2280879e+02
   3.2272719e+02   3.2889077e+02
   3.1279298e+02   3.3232131e+02
   3.0238823e+02   3.3367461e+02
   2.9174038e+02   3.3400508e+02
   2.8122946e+02   3.3210404e+02
   2.8297227e+02   3.2269716e+02
   2.9130276e+02   3.1872492e+02
   3.0048590e+02   3.1854446e+02
   3.0825758e+02   3.1835757e+02
   3.1555874e+02   3.2070509e+02
   3.0815307e+02   3.2220189e+02
   3.0089871e+02   3.2319709e+02
   2.9189103e+02   3.2298034e+02
