   1.9268217e+02   2.4107694e+02
   1.9072283e+02   2.7771856e+02
   1.9070377e+02   3.1419878e+02
   1.9444948e+02   3.5034568e+02
   2.1075870e+02   3.8266510e+02
   2.3352284e+02   4.1124943e+02
   2.5965326e+02   4.3657231e+02
   2.8992044e+02   4.5681780e+02
   3.2529152e+02   4.6233163e+02
   3.6272374e+02   4.5854919e+02
   3.9468627e+02   4.3885585e+02
   4.2127234e+02   4.1204851e+02
   4.4219249e+02   3.8067627e+02
   4.5661383e+02   3.4573047e+02
   4.6077371e+02   3.0805694e+02
   4.6215089e+02   2.7026345e+02
   4.5996976e+02   2.3275843e+02
   2.1223963e+02   1.7682052e+02
   2.3377643e+02   1.6449384e+02
   2.5800846e+02   1.5888867e+02
   2.8256910e+02   1.5731356e+02
   3.0717041e+02   1.6010269e+02
   3.4854517e+02   1.4741388e+02
   3.7580529e+02   1.4408091e+02
   4.0323839e+02   1.4475894e+02
   4.2894860e+02   1.5391413e+02
   4.4688141e+02   1.7387967e+02
   3.2781577e+02   1.9827885e+02
   3.2740219e+02   2.2560235e+02
   3.2726510e+02   2.5265325e+02
   3.2669886e+02   2.7958795e+02
   2.9266767e+02   3.0745366e+02
   3.0982967e+02   3.0721488e+02
   3.2686608e+02   3.0774715e+02
   3.4319755e+02   3.0834611e+02
   3.5941101e+02   3.0921113e+02
   2.3632189e+02   2.1647002e+02
   2.5369592e+02   2.0207096e+02
   2.7646242e+02   2.0526502e+02
   2.9573659e+02   2.1808096e+02
   2.7537682e+02   2.1945072e+02
   2.5512891e+02   2.2280314e+02
   3.5996093e+02   2.1960362e+02
   3.7932415e+02   2.0606326e+02
   4.0268511e+02   2.0339473e+02
   4.2138830e+02   2.1677483e+02
   4.0205078e+02   2.2482023e+02
   3.8098869e+02   2.2214709e+02
   2.6277616e+02   3.6754142e+02
   2.7410239e+02   3.4283593e+02
   2.9852899e+02   3.3074497e+02
   3.2513873e+02   3.3418062e+02
   3.5384133e+02   3.3246114e+02
   3.7810844e+02   3.4814315e+02
   3.9298524e+02   3.7311933e+02
   3.7556383e+02   3.9251338e+02
   3.5120552e+02   4.0210059e+02
   3.2523220e+02   4.0266736e+02
   2.9925971e+02   4.0183372e+02
   2.7670143e+02   3.8901996e+02
   2.7752373e+02   3.6340059e+02
   2.9227130e+02   3.5097382e+02
   3.2566312e+02   3.5232539e+02
   3.6189163e+02   3.5492401e+02
   3.7743844e+02   3.6499741e+02
   3.5882462e+02   3.7507081e+02
   3.2522627e+02   3.7829023e+02
   2.9334053e+02   3.7582735e+02
