   1.9300004e+02   2.4100109e+02
   1.9109151e+02   2.7749390e+02
   1.9112403e+02   3.1384852e+02
   1.9485150e+02   3.4987249e+02
   2.1105314e+02   3.8209439e+02
   2.3395854e+02   4.1035150e+02
   2.6007031e+02   4.3551236e+02
   2.9032916e+02   4.5550401e+02
   3.2557961e+02   4.6097355e+02
   3.6288045e+02   4.5713161e+02
   3.9474036e+02   4.3751172e+02
   4.2136526e+02   4.1092993e+02
   4.4240873e+02   3.7979113e+02
   4.5660804e+02   3.4491360e+02
   4.6073212e+02   3.0735619e+02
   4.6214311e+02   2.6970562e+02
   4.5991059e+02   2.3231427e+02
   2.1214966e+02   1.7696833e+02
   2.3337775e+02   1.6446940e+02
   2.5747341e+02   1.5890654e+02
   2.8191257e+02   1.5734964e+02
   3.0635313e+02   1.6020371e+02
   3.4898201e+02   1.4810137e+02
   3.7615081e+02   1.4469226e+02
   4.0350566e+02   1.4525751e+02
   4.2913821e+02   1.5438407e+02
   4.4694550e+02   1.7434033e+02
   3.2768524e+02   1.9837889e+02
   3.2731206e+02   2.2551897e+02
   3.2722500e+02   2.5240453e+02
   3.2674549e+02   2.7917625e+02
   2.9279711e+02   3.0693719e+02
   3.0994927e+02   3.0668844e+02
   3.2697704e+02   3.0718972e+02
   3.4328265e+02   3.0768732e+02
   3.5946625e+02   3.0846842e+02
   2.3646228e+02   2.1657971e+02
   2.5384315e+02   2.0243685e+02
   2.7646074e+02   2.0549088e+02
   2.9569697e+02   2.1801390e+02
   2.7540417e+02   2.1956742e+02
   2.5522094e+02   2.2292463e+02
   3.6012014e+02   2.1942000e+02
   3.7935958e+02   2.0604399e+02
   4.0253096e+02   2.0346169e+02
   4.2116419e+02   2.1661689e+02
   4.0192197e+02   2.2450956e+02
   3.8099675e+02   2.2192488e+02
   2.6322674e+02   3.6630333e+02
   2.7479579e+02   3.4211655e+02
   2.9899139e+02   3.3028254e+02
   3.2531868e+02   3.3362770e+02
   3.5368958e+02   3.3178349e+02
   3.7779847e+02   3.4704980e+02
   3.9275659e+02   3.7154426e+02
   3.7539933e+02   3.9085831e+02
   3.5117543e+02   4.0046400e+02
   3.2531913e+02   4.0109236e+02
   2.9951833e+02   4.0017993e+02
   2.7701234e+02   3.8764840e+02
   2.7794193e+02   3.6226729e+02
   2.9265713e+02   3.5031408e+02
   3.2577277e+02   3.5166354e+02
   3.6172675e+02   3.5391364e+02
   3.7724167e+02   3.6369570e+02
   3.5874567e+02   3.7347776e+02
   3.2530534e+02   3.7682581e+02
   2.9364713e+02   3.7422049e+02
