   2.0550395e+02   2.1510972e+02
   2.0890477e+02   2.4102906e+02
   2.1205472e+02   2.6674085e+02
   2.1767440e+02   2.9223144e+02
   2.2865952e+02   3.1575916e+02
   2.4367138e+02   3.3688509e+02
   2.6065475e+02   3.5637261e+02
   2.8235717e+02   3.7041520e+02
   3.0766652e+02   3.7486471e+02
   3.3678491e+02   3.7147562e+02
   3.6349236e+02   3.5913062e+02
   3.8739624e+02   3.4171150e+02
   4.0806933e+02   3.2072440e+02
   4.2328353e+02   2.9577977e+02
   4.3069884e+02   2.6722593e+02
   4.3544795e+02   2.3813656e+02
   4.3834403e+02   2.0900687e+02
   2.2411342e+02   1.6627850e+02
   2.3380574e+02   1.5465726e+02
   2.4772751e+02   1.4881010e+02
   2.6268688e+02   1.4698272e+02
   2.7668428e+02   1.5226941e+02
   3.3904684e+02   1.4856844e+02
   3.5544111e+02   1.4404459e+02
   3.7249779e+02   1.4307301e+02
   3.8806409e+02   1.5020129e+02
   4.0167491e+02   1.6048384e+02
   3.0923806e+02   1.8318152e+02
   3.0786469e+02   1.9933331e+02
   3.0522859e+02   2.1526199e+02
   3.0221207e+02   2.3094251e+02
   2.7907429e+02   2.5177694e+02
   2.9215955e+02   2.5123164e+02
   3.0506533e+02   2.4970562e+02
   3.1901574e+02   2.5127275e+02
   3.3250219e+02   2.5406727e+02
   2.4022196e+02   1.9084115e+02
   2.5306393e+02   1.7968269e+02
   2.7008476e+02   1.8059736e+02
   2.8218185e+02   1.9247704e+02
   2.6793503e+02   1.9699100e+02
   2.5332894e+02   1.9736359e+02
   3.4261772e+02   1.9096345e+02
   3.5432970e+02   1.7943600e+02
   3.7076071e+02   1.7848271e+02
   3.8488878e+02   1.8685959e+02
   3.7204581e+02   1.9387828e+02
   3.5729172e+02   1.9356334e+02
   2.6494067e+02   3.0162102e+02
   2.7488927e+02   2.8904921e+02
   2.8652241e+02   2.7824445e+02
   3.0180376e+02   2.7774882e+02
   3.2104553e+02   2.8014231e+02
   3.3635626e+02   2.9246879e+02
   3.4961559e+02   3.0705522e+02
   3.3650783e+02   3.2038006e+02
   3.1996815e+02   3.2861459e+02
   3.0176017e+02   3.3136990e+02
   2.8610026e+02   3.2682769e+02
   2.7433835e+02   3.1520573e+02
   2.8157393e+02   3.0077184e+02
   2.9156483e+02   2.9823058e+02
   3.0189172e+02   2.9922029e+02
   3.1512648e+02   3.0137826e+02
   3.2795509e+02   3.0477706e+02
   3.1380459e+02   3.0542426e+02
   3.0011066e+02   3.0534493e+02
   2.9101075e+02   3.0263887e+02
