   1.7978049e+02   1.9797538e+02
   1.8112386e+02   2.2585806e+02
   1.8346417e+02   2.5360305e+02
   1.8840628e+02   2.8079005e+02
   1.9935451e+02   3.0621036e+02
   2.1692351e+02   3.2743035e+02
   2.4012653e+02   3.4291477e+02
   2.6590909e+02   3.5293908e+02
   2.9314009e+02   3.5653144e+02
   3.2014245e+02   3.5140213e+02
   3.4452940e+02   3.3910520e+02
   3.6636431e+02   3.2272317e+02
   3.8511163e+02   3.0270679e+02
   3.9449753e+02   2.7703970e+02
   3.9733148e+02   2.4975915e+02
   4.0000133e+02   2.2257767e+02
   3.9878244e+02   1.9526506e+02
   1.9699513e+02   1.6322188e+02
   2.1196999e+02   1.5567726e+02
   2.2783126e+02   1.5097930e+02
   2.4440204e+02   1.5219232e+02
   2.6058572e+02   1.5555461e+02
   3.2247166e+02   1.5804244e+02
   3.3722152e+02   1.5352085e+02
   3.5278846e+02   1.5397723e+02
   3.6834033e+02   1.5436155e+02
   3.8349959e+02   1.5716451e+02
   2.9282319e+02   1.7979619e+02
   2.9272557e+02   1.9765718e+02
   2.9277971e+02   2.1548081e+02
   2.9235499e+02   2.3326078e+02
   2.7236552e+02   2.4805556e+02
   2.8212388e+02   2.4966710e+02
   2.9192681e+02   2.4981993e+02
   3.0303369e+02   2.4903477e+02
   3.1391797e+02   2.4725683e+02
   2.2354474e+02   1.8773992e+02
   2.3677373e+02   1.7566154e+02
   2.5459486e+02   1.7520869e+02
   2.6630422e+02   1.8807787e+02
   2.5195186e+02   1.9043890e+02
   2.3754062e+02   1.9064674e+02
   3.1807402e+02   1.8571257e+02
   3.2932551e+02   1.7409602e+02
   3.4586445e+02   1.7503947e+02
   3.5940153e+02   1.8442834e+02
   3.4569510e+02   1.8770671e+02
   3.3173815e+02   1.8818971e+02
   2.4772126e+02   2.8846518e+02
   2.6342345e+02   2.8228107e+02
   2.7733714e+02   2.7263468e+02
   2.9360089e+02   2.7198842e+02
   3.0964153e+02   2.7136800e+02
   3.2402139e+02   2.7941821e+02
   3.3895495e+02   2.8608632e+02
   3.2350385e+02   2.9016259e+02
   3.0921473e+02   2.9760964e+02
   2.9378376e+02   3.0168788e+02
   2.7759554e+02   3.0054699e+02
   2.6195800e+02   2.9575774e+02
   2.7149081e+02   2.8502714e+02
   2.8290799e+02   2.8288997e+02
   2.9439861e+02   2.8240650e+02
   3.0463702e+02   2.8082302e+02
   3.1467839e+02   2.8258988e+02
   3.0436654e+02   2.8187214e+02
   2.9432747e+02   2.8350835e+02
   2.8282643e+02   2.8387324e+02
