   1.7978517e+02   1.9788949e+02
   1.8117119e+02   2.2574327e+02
   1.8353559e+02   2.5346386e+02
   1.8854812e+02   2.8088141e+02
   1.9957288e+02   3.0624231e+02
   2.1722593e+02   3.2735914e+02
   2.4084873e+02   3.4201201e+02
   2.6714986e+02   3.5094194e+02
   2.9455935e+02   3.5440111e+02
   3.2113800e+02   3.4992787e+02
   3.4506412e+02   3.3685900e+02
   3.6732344e+02   3.2151418e+02
   3.8560686e+02   3.0148253e+02
   3.9456054e+02   2.7593914e+02
   3.9727961e+02   2.4892938e+02
   3.9986241e+02   2.2202553e+02
   3.9860431e+02   1.9499267e+02
   2.0202100e+02   1.6372088e+02
   2.1712912e+02   1.6034021e+02
   2.3251111e+02   1.5868167e+02
   2.4807567e+02   1.5851809e+02
   2.6324038e+02   1.6091148e+02
   3.1839146e+02   1.6231269e+02
   3.3456223e+02   1.5942350e+02
   3.5113191e+02   1.5868636e+02
   3.6757541e+02   1.5855029e+02
   3.8382327e+02   1.5950697e+02
   2.9271287e+02   1.7968486e+02
   2.9264011e+02   1.9751171e+02
   2.9270746e+02   2.1530229e+02
   2.9229731e+02   2.3304880e+02
   2.6931950e+02   2.4457468e+02
   2.8020256e+02   2.4894680e+02
   2.9188376e+02   2.4959468e+02
   3.0410892e+02   2.4843663e+02
   3.1512005e+02   2.4317363e+02
   2.2071184e+02   1.8942461e+02
   2.3470963e+02   1.7863665e+02
   2.5234952e+02   1.7757694e+02
   2.6623780e+02   1.8795901e+02
   2.5122476e+02   1.9121941e+02
   2.3584349e+02   1.9168768e+02
   3.1792556e+02   1.8708682e+02
   3.2982538e+02   1.7644534e+02
   3.4591216e+02   1.7578848e+02
   3.5930512e+02   1.8423393e+02
   3.4588012e+02   1.8810889e+02
   3.3189467e+02   1.8800141e+02
   2.4736209e+02   2.8103317e+02
   2.6249022e+02   2.7419360e+02
   2.7742190e+02   2.6695962e+02
   2.9362500e+02   2.6654013e+02
   3.0964883e+02   2.6572964e+02
   3.2493047e+02   2.7074577e+02
   3.3941295e+02   2.7775661e+02
   3.2727903e+02   2.9327929e+02
   3.1020589e+02   3.0308474e+02
   2.9081549e+02   3.0579246e+02
   2.7304958e+02   3.0353841e+02
   2.5738907e+02   2.9544621e+02
   2.5530059e+02   2.8336890e+02
   2.7447164e+02   2.7776722e+02
   2.9409076e+02   2.7775872e+02
   3.1210019e+02   2.7583119e+02
   3.2959773e+02   2.7963189e+02
   3.1195927e+02   2.8698235e+02
   2.9315602e+02   2.8990086e+02
   2.7373859e+02   2.8869029e+02
