   2.0302706e+02   2.0899685e+02
   2.0280375e+02   2.3842315e+02
   2.0482452e+02   2.6790974e+02
   2.0748032e+02   2.9704728e+02
   2.1250356e+02   3.2584683e+02
   2.2701099e+02   3.5148891e+02
   2.4655992e+02   3.7335909e+02
   2.7107301e+02   3.8904766e+02
   2.9957414e+02   3.9486586e+02
   3.2809271e+02   3.8949510e+02
   3.5209643e+02   3.7288727e+02
   3.7222887e+02   3.5177253e+02
   3.8602598e+02   3.2600799e+02
   3.9443743e+02   2.9784907e+02
   4.0102784e+02   2.6937162e+02
   4.0717240e+02   2.4078381e+02
   4.1065439e+02   2.1181323e+02
   2.1751691e+02   1.9003708e+02
   2.3022021e+02   1.8438757e+02
   2.4393598e+02   1.8284144e+02
   2.5756336e+02   1.8515310e+02
   2.7098258e+02   1.8825027e+02
   3.3099687e+02   1.8802618e+02
   3.4191246e+02   1.8594646e+02
   3.5290806e+02   1.8530648e+02
   3.6394631e+02   1.8577415e+02
   3.7470523e+02   1.8808107e+02
   2.9993661e+02   2.1980821e+02
   2.9965411e+02   2.3363190e+02
   2.9982073e+02   2.4750989e+02
   2.9953493e+02   2.6121511e+02
   2.7727463e+02   2.8544624e+02
   2.8792602e+02   2.8843167e+02
   2.9875407e+02   2.8971957e+02
   3.0855966e+02   2.8928956e+02
   3.1790915e+02   2.8693053e+02
   2.3441077e+02   2.1975794e+02
   2.4728373e+02   2.1301033e+02
   2.6223574e+02   2.1516776e+02
   2.7312138e+02   2.2470456e+02
   2.5970195e+02   2.2876032e+02
   2.4575373e+02   2.2749160e+02
   3.2933597e+02   2.2373062e+02
   3.4070425e+02   2.1499952e+02
   3.5567859e+02   2.1533725e+02
   3.6792442e+02   2.2303405e+02
   3.5566900e+02   2.2900044e+02
   3.4213379e+02   2.2848069e+02
   2.5923710e+02   3.2583625e+02
   2.7046521e+02   3.1525389e+02
   2.8349109e+02   3.0741956e+02
   2.9843489e+02   3.0771450e+02
   3.1290273e+02   3.0749706e+02
   3.2536041e+02   3.1569040e+02
   3.3673170e+02   3.2507042e+02
   3.2394727e+02   3.2387086e+02
   3.1187709e+02   3.2866395e+02
   2.9925114e+02   3.3043859e+02
   2.8577282e+02   3.2888409e+02
   2.7259408e+02   3.2553689e+02
   2.6733640e+02   3.2249089e+02
   2.8205570e+02   3.1623798e+02
   2.9782427e+02   3.1648628e+02
   3.1272662e+02   3.1571400e+02
   3.2671317e+02   3.2050339e+02
   3.1250831e+02   3.1622055e+02
   2.9782420e+02   3.1692237e+02
   2.8193952e+02   3.1675410e+02
