   2.0230052e+02   2.0978058e+02
   2.0278612e+02   2.3872182e+02
   2.0471221e+02   2.6720419e+02
   2.0732467e+02   2.9582813e+02
   2.1174704e+02   3.2404484e+02
   2.2584565e+02   3.4889767e+02
   2.4480401e+02   3.7035486e+02
   2.6800402e+02   3.8714895e+02
   2.9560699e+02   3.9364643e+02
   3.2410969e+02   3.8815470e+02
   3.4880936e+02   3.7283083e+02
   3.6913572e+02   3.5209795e+02
   3.8472823e+02   3.2790829e+02
   3.9271680e+02   3.0003047e+02
   4.0047631e+02   2.7186091e+02
   4.0675740e+02   2.4336390e+02
   4.1020096e+02   2.1476559e+02
   2.1758828e+02   1.9036715e+02
   2.2998587e+02   1.8420257e+02
   2.4364621e+02   1.8247826e+02
   2.5721439e+02   1.8529311e+02
   2.7061111e+02   1.8803780e+02
   3.3126687e+02   1.8830881e+02
   3.4207180e+02   1.8654357e+02
   3.5297018e+02   1.8535130e+02
   3.6386767e+02   1.8550334e+02
   3.7454795e+02   1.8775400e+02
   2.9963689e+02   2.1930676e+02
   2.9964594e+02   2.3342273e+02
   2.9976838e+02   2.4748685e+02
   2.9945045e+02   2.6135805e+02
   2.7822445e+02   2.8444766e+02
   2.8831294e+02   2.8666760e+02
   2.9859685e+02   2.8744942e+02
   3.0818451e+02   2.8717434e+02
   3.1746617e+02   2.8565012e+02
   2.3637214e+02   2.2012396e+02
   2.4859979e+02   2.1762169e+02
   2.6099935e+02   2.1839623e+02
   2.7238344e+02   2.2314300e+02
   2.6006205e+02   2.2636075e+02
   2.4756331e+02   2.2578416e+02
   3.3205656e+02   2.2397188e+02
   3.4307259e+02   2.1923047e+02
   3.5498902e+02   2.1954415e+02
   3.6635957e+02   2.2337689e+02
   3.5516879e+02   2.2732596e+02
   3.4332327e+02   2.2760204e+02
   2.6163349e+02   3.2519349e+02
   2.7159840e+02   3.1443277e+02
   2.8415334e+02   3.0725332e+02
   2.9839978e+02   3.0795333e+02
   3.1254664e+02   3.0746233e+02
   3.2461948e+02   3.1531074e+02
   3.3557923e+02   3.2474566e+02
   3.2310968e+02   3.2432034e+02
   3.1150462e+02   3.2905191e+02
   2.9918460e+02   3.3067461e+02
   2.8655484e+02   3.2939030e+02
   2.7419340e+02   3.2598818e+02
   2.6798665e+02   3.2211002e+02
   2.8241831e+02   3.1636748e+02
   2.9778838e+02   3.1670021e+02
   3.1254611e+02   3.1589729e+02
   3.2618382e+02   3.2086569e+02
   3.1221807e+02   3.1639419e+02
   2.9778823e+02   3.1716236e+02
   2.8241813e+02   3.1685395e+02
