   2.2079780e+02   1.5158769e+02
   2.2177989e+02   1.7806850e+02
   2.2364308e+02   2.0429225e+02
   2.2615406e+02   2.3043599e+02
   2.3155506e+02   2.5602689e+02
   2.4642893e+02   2.7749272e+02
   2.6606267e+02   2.9485463e+02
   2.8965694e+02   3.0604279e+02
   3.1509142e+02   3.1242675e+02
   3.4115753e+02   3.0960607e+02
   3.6608789e+02   3.0225321e+02
   3.8819216e+02   2.8839193e+02
   4.0571336e+02   2.6906046e+02
   4.1736375e+02   2.4585361e+02
   4.2490131e+02   2.2087708e+02
   4.3073492e+02   1.9540500e+02
   4.3512888e+02   1.6989287e+02
   2.4348363e+02   1.2575534e+02
   2.5513742e+02   1.1726350e+02
   2.6769025e+02   1.1038673e+02
   2.8185827e+02   1.1003761e+02
   2.9495653e+02   1.1546817e+02
   3.5186243e+02   1.1781379e+02
   3.6700999e+02   1.1422975e+02
   3.8248100e+02   1.1487042e+02
   3.9555592e+02   1.2283258e+02
   4.0804333e+02   1.3196771e+02
   3.2142650e+02   1.4636147e+02
   3.1897097e+02   1.5800863e+02
   3.1679203e+02   1.6955857e+02
   3.1429807e+02   1.8107389e+02
   2.9410067e+02   2.0199074e+02
   3.0269715e+02   2.0841860e+02
   3.1307191e+02   2.1105524e+02
   3.2464150e+02   2.1076831e+02
   3.3486266e+02   2.0548412e+02
   2.6462507e+02   1.4294215e+02
   2.7470927e+02   1.3846984e+02
   2.8560289e+02   1.4013493e+02
   2.9479482e+02   1.4613723e+02
   2.8454251e+02   1.4597828e+02
   2.7437519e+02   1.4565114e+02
   3.5253725e+02   1.5082230e+02
   3.6257911e+02   1.4380802e+02
   3.7496801e+02   1.4382739e+02
   3.8441158e+02   1.5135075e+02
   3.7383866e+02   1.5477360e+02
   3.6275187e+02   1.5486487e+02
   2.7885056e+02   2.3612857e+02
   2.9022964e+02   2.2904235e+02
   3.0326235e+02   2.2603651e+02
   3.1599640e+02   2.2964067e+02
   3.3039521e+02   2.2829506e+02
   3.4383527e+02   2.3350782e+02
   3.5482885e+02   2.4285175e+02
   3.4196288e+02   2.4746344e+02
   3.2859765e+02   2.4960928e+02
   3.1509804e+02   2.4996397e+02
   3.0200022e+02   2.4774912e+02
   2.8961207e+02   2.4359597e+02
   2.8654554e+02   2.3761049e+02
   3.0126543e+02   2.3702097e+02
   3.1569865e+02   2.3903563e+02
   3.3145450e+02   2.3842439e+02
   3.4661059e+02   2.4264027e+02
   3.3133895e+02   2.3906857e+02
   3.1598804e+02   2.3991739e+02
   3.0126779e+02   2.3756046e+02
