   1.8279701e+02   1.8835399e+02
   1.8832669e+02   2.1866480e+02
   1.9081910e+02   2.4898393e+02
   1.9492339e+02   2.7942263e+02
   2.0497220e+02   3.0814988e+02
   2.2286635e+02   3.3271444e+02
   2.4781868e+02   3.5056722e+02
   2.7547922e+02   3.6311172e+02
   3.0564640e+02   3.6516759e+02
   3.3577493e+02   3.5921291e+02
   3.6353104e+02   3.4621412e+02
   3.8883724e+02   3.2890077e+02
   4.0953734e+02   3.0633152e+02
   4.1899604e+02   2.7729367e+02
   4.2345218e+02   2.4680736e+02
   4.2682324e+02   2.1639230e+02
   4.2769751e+02   1.8583994e+02
   2.0427093e+02   1.4485561e+02
   2.1959076e+02   1.3853516e+02
   2.3616127e+02   1.3792512e+02
   2.5254301e+02   1.4062159e+02
   2.6757852e+02   1.4737629e+02
   3.2918664e+02   1.4544396e+02
   3.4651177e+02   1.4327041e+02
   3.6376062e+02   1.4091029e+02
   3.8103110e+02   1.4060436e+02
   3.9664586e+02   1.4758566e+02
   2.9765489e+02   1.7828206e+02
   2.9706217e+02   1.9992775e+02
   2.9650118e+02   2.2127000e+02
   2.9663480e+02   2.4277383e+02
   2.7487375e+02   2.5244032e+02
   2.8578850e+02   2.5873260e+02
   2.9782956e+02   2.6147262e+02
   3.1167642e+02   2.5793301e+02
   3.2321766e+02   2.4966745e+02
   2.2252041e+02   1.7964827e+02
   2.3817467e+02   1.7404795e+02
   2.5462097e+02   1.7543056e+02
   2.6817107e+02   1.8439183e+02
   2.5267349e+02   1.8458016e+02
   2.3706717e+02   1.8458040e+02
   3.3143063e+02   1.8357099e+02
   3.4632652e+02   1.7737495e+02
   3.6221921e+02   1.7660358e+02
   3.7688424e+02   1.8237740e+02
   3.6166597e+02   1.8428012e+02
   3.4653568e+02   1.8458946e+02
   2.4376039e+02   2.7714784e+02
   2.6113676e+02   2.7209924e+02
   2.7922127e+02   2.7068605e+02
   2.9715665e+02   2.7291834e+02
   3.1706905e+02   2.7065093e+02
   3.3690565e+02   2.7257182e+02
   3.5634859e+02   2.7658678e+02
   3.4057287e+02   2.9483546e+02
   3.2080338e+02   3.0843620e+02
   2.9741648e+02   3.1003270e+02
   2.7549435e+02   3.0682178e+02
   2.5695977e+02   2.9480539e+02
   2.5232869e+02   2.7907442e+02
   2.7520710e+02   2.7736950e+02
   2.9754643e+02   2.8194602e+02
   3.2318400e+02   2.7829054e+02
   3.4898116e+02   2.8015524e+02
   3.2549681e+02   2.9638925e+02
   2.9746472e+02   2.9972956e+02
   2.7176101e+02   2.9594770e+02
