   1.8358387e+02   1.8850787e+02
   1.8900711e+02   2.1810995e+02
   1.9145239e+02   2.4793107e+02
   1.9518619e+02   2.7739244e+02
   2.0451504e+02   3.0583822e+02
   2.2138967e+02   3.3052634e+02
   2.4499161e+02   3.4855850e+02
   2.7238759e+02   3.6012639e+02
   3.0195398e+02   3.6218558e+02
   3.3269348e+02   3.5873407e+02
   3.6082305e+02   3.4580544e+02
   3.8843119e+02   3.3162063e+02
   4.0761184e+02   3.0764212e+02
   4.1762161e+02   2.7851759e+02
   4.2354261e+02   2.4800653e+02
   4.2701135e+02   2.1713186e+02
   4.2794865e+02   1.8620324e+02
   2.0357420e+02   1.4433989e+02
   2.1915413e+02   1.3704757e+02
   2.3641271e+02   1.3658017e+02
   2.5355081e+02   1.3952497e+02
   2.6907591e+02   1.4680057e+02
   3.2606886e+02   1.4255057e+02
   3.4411429e+02   1.3998300e+02
   3.6234059e+02   1.3829414e+02
   3.8054715e+02   1.3877839e+02
   3.9732192e+02   1.4507901e+02
   2.9636114e+02   1.7837382e+02
   2.9679794e+02   1.9948941e+02
   2.9639260e+02   2.2067994e+02
   2.9582187e+02   2.4156819e+02
   2.7302074e+02   2.5080322e+02
   2.8447422e+02   2.5577750e+02
   2.9640188e+02   2.5923004e+02
   3.0763603e+02   2.5679323e+02
   3.1831381e+02   2.5261805e+02
   2.2078446e+02   1.8197861e+02
   2.3663785e+02   1.7294202e+02
   2.5456759e+02   1.7277498e+02
   2.6813856e+02   1.8419512e+02
   2.5207050e+02   1.8889971e+02
   2.3530466e+02   1.8969974e+02
   3.3002446e+02   1.8417768e+02
   3.4320978e+02   1.7087420e+02
   3.6227055e+02   1.7048669e+02
   3.7584276e+02   1.8318415e+02
   3.6103399e+02   1.8878354e+02
   3.4516361e+02   1.8836399e+02
   2.5635692e+02   2.9132758e+02
   2.7009150e+02   2.8535372e+02
   2.8381567e+02   2.7961882e+02
   2.9819428e+02   2.8148446e+02
   3.1341234e+02   2.7795489e+02
   3.2812955e+02   2.8417393e+02
   3.4262484e+02   2.9039738e+02
   3.2835191e+02   2.9861074e+02
   3.1372580e+02   3.0582475e+02
   2.9774919e+02   3.0873605e+02
   2.8292708e+02   3.0528843e+02
   2.6950478e+02   2.9844544e+02
   2.7305934e+02   2.9136932e+02
   2.8599129e+02   2.8865900e+02
   2.9913288e+02   2.8888665e+02
   3.1249435e+02   2.8826602e+02
   3.2562788e+02   2.8917578e+02
   3.1239827e+02   2.9001319e+02
   2.9912342e+02   2.9054655e+02
   2.8581120e+02   2.9027882e+02
