   1.7482346e+02   1.8477578e+02
   1.7679900e+02   2.1958032e+02
   1.8233961e+02   2.5369928e+02
   1.8808250e+02   2.8785442e+02
   1.9844350e+02   3.2077195e+02
   2.1986568e+02   3.4753660e+02
   2.4445273e+02   3.7211645e+02
   2.7431534e+02   3.8910915e+02
   3.0814236e+02   3.9432994e+02
   3.4027613e+02   3.8461255e+02
   3.6789619e+02   3.6532551e+02
   3.9098403e+02   3.4094324e+02
   4.0921269e+02   3.1287925e+02
   4.1895859e+02   2.8063670e+02
   4.2362006e+02   2.4749680e+02
   4.2737156e+02   2.1376734e+02
   4.2877270e+02   1.8046197e+02
   1.9701810e+02   1.5706039e+02
   2.1179356e+02   1.4559117e+02
   2.3022176e+02   1.4154196e+02
   2.4924722e+02   1.4073094e+02
   2.6786585e+02   1.4333269e+02
   3.1994451e+02   1.4429548e+02
   3.3969942e+02   1.4197296e+02
   3.5922703e+02   1.4408171e+02
   3.7830845e+02   1.4958796e+02
   3.9607696e+02   1.5787057e+02
   2.9578908e+02   1.8256881e+02
   2.9565180e+02   2.0569742e+02
   2.9447441e+02   2.2860928e+02
   2.9219274e+02   2.5139892e+02
   2.7233608e+02   2.6402748e+02
   2.8372120e+02   2.6755208e+02
   2.9534630e+02   2.6990064e+02
   3.0897207e+02   2.6797039e+02
   3.2226920e+02   2.6534028e+02
   2.2653598e+02   1.8794129e+02
   2.3986362e+02   1.7770122e+02
   2.5679044e+02   1.7905761e+02
   2.6970498e+02   1.8975481e+02
   2.5519171e+02   1.9440728e+02
   2.4016958e+02   1.9427538e+02
   3.2996287e+02   1.8887609e+02
   3.4264865e+02   1.7646584e+02
   3.6063519e+02   1.7646039e+02
   3.7403215e+02   1.8799182e+02
   3.5966471e+02   1.9266400e+02
   3.4464145e+02   1.9221461e+02
   2.5940792e+02   3.1267628e+02
   2.6992354e+02   3.0097593e+02
   2.8445959e+02   2.9473065e+02
   2.9972923e+02   2.9674571e+02
   3.1488858e+02   2.9683287e+02
   3.2918514e+02   3.0118864e+02
   3.4051782e+02   3.1083146e+02
   3.2730195e+02   3.1427680e+02
   3.1372921e+02   3.1565208e+02
   3.0018311e+02   3.1544477e+02
   2.8653460e+02   3.1441424e+02
   2.7279870e+02   3.1462701e+02
   2.7487585e+02   3.0610319e+02
   2.8692116e+02   3.0337182e+02
   2.9925141e+02   3.0281996e+02
   3.1154983e+02   3.0326146e+02
   3.2364205e+02   3.0518209e+02
   3.1119686e+02   3.0421853e+02
   2.9877897e+02   3.0328338e+02
   2.8682307e+02   3.0472636e+02
