   1.7497570e+02   1.8480612e+02
   1.7693969e+02   2.1952224e+02
   1.8247219e+02   2.5361424e+02
   1.8819572e+02   2.8768139e+02
   1.9851252e+02   3.2058733e+02
   2.2011185e+02   3.4758449e+02
   2.4464708e+02   3.7208474e+02
   2.7450190e+02   3.8901911e+02
   3.0819340e+02   3.9505295e+02
   3.4017823e+02   3.8453992e+02
   3.6779224e+02   3.6529520e+02
   3.9110809e+02   3.4065354e+02
   4.1039163e+02   3.1313517e+02
   4.1889439e+02   2.8065875e+02
   4.2359103e+02   2.4717560e+02
   4.2540116e+02   2.1380561e+02
   4.2983128e+02   1.8040449e+02
   1.9767761e+02   1.5818118e+02
   2.1355142e+02   1.4715839e+02
   2.3285949e+02   1.4365744e+02
   2.5243150e+02   1.4338559e+02
   2.7145488e+02   1.4728233e+02
   3.2234727e+02   1.4674670e+02
   3.4132404e+02   1.4439717e+02
   3.6040969e+02   1.4561593e+02
   3.7870904e+02   1.5040324e+02
   3.9604780e+02   1.5793423e+02
   2.9584151e+02   1.8260703e+02
   2.9570722e+02   2.0579911e+02
   2.9483082e+02   2.2877523e+02
   2.9286683e+02   2.5160798e+02
   2.7264423e+02   2.6343613e+02
   2.8391559e+02   2.6715326e+02
   2.9546567e+02   2.6953735e+02
   3.0842457e+02   2.6755654e+02
   3.2096233e+02   2.6398477e+02
   2.2664535e+02   1.8797160e+02
   2.4004804e+02   1.7774656e+02
   2.5699869e+02   1.7880189e+02
   2.6977859e+02   1.8978579e+02
   2.5526646e+02   1.9338128e+02
   2.4033562e+02   1.9356251e+02
   3.2998676e+02   1.8891081e+02
   3.4263682e+02   1.7635463e+02
   3.6070537e+02   1.7628799e+02
   3.7401969e+02   1.8802948e+02
   3.5938514e+02   1.9049852e+02
   3.4466661e+02   1.9056193e+02
   2.5513578e+02   3.1489498e+02
   2.6708866e+02   3.0166090e+02
   2.8342270e+02   2.9455431e+02
   3.0033617e+02   2.9870057e+02
   3.1642902e+02   2.9474017e+02
   3.3191583e+02   3.0182653e+02
   3.4466967e+02   3.1279848e+02
   3.3107895e+02   3.1995207e+02
   3.1702015e+02   3.2587481e+02
   3.0219591e+02   3.2880306e+02
   2.8573838e+02   3.2758295e+02
   2.7028709e+02   3.2136973e+02
   2.7337542e+02   3.1071804e+02
   2.8720209e+02   3.0895093e+02
   3.0086564e+02   3.0893635e+02
   3.1334341e+02   3.0891181e+02
   3.2565840e+02   3.0976416e+02
   3.1320329e+02   3.0933205e+02
   3.0090825e+02   3.1036568e+02
   2.8707989e+02   3.0976317e+02
