   1.8205845e+02   2.2590304e+02
   1.8313966e+02   2.5514977e+02
   1.8794127e+02   2.8391205e+02
   1.9288979e+02   3.1249621e+02
   1.9992067e+02   3.4070886e+02
   2.1455673e+02   3.6592596e+02
   2.3465821e+02   3.8652676e+02
   2.6038068e+02   4.0030103e+02
   2.8875252e+02   4.0505482e+02
   3.1829434e+02   4.0187636e+02
   3.4567895e+02   3.9058767e+02
   3.6723360e+02   3.7056111e+02
   3.8370010e+02   3.4594055e+02
   3.9252990e+02   3.1747445e+02
   3.9824465e+02   2.8852860e+02
   4.0303363e+02   2.5914642e+02
   4.0556238e+02   2.2976497e+02
   1.9624969e+02   2.0097221e+02
   2.0749747e+02   1.8877594e+02
   2.2201799e+02   1.8119324e+02
   2.3854347e+02   1.8074074e+02
   2.5472191e+02   1.8364361e+02
   3.1979660e+02   1.8653780e+02
   3.3619178e+02   1.8017269e+02
   3.5334647e+02   1.7796661e+02
   3.6847273e+02   1.8619660e+02
   3.8237390e+02   1.9671219e+02
   2.9081635e+02   2.1546743e+02
   2.9126431e+02   2.3552870e+02
   2.9102312e+02   2.5534322e+02
   2.9081430e+02   2.7509813e+02
   2.6717406e+02   2.8993596e+02
   2.7865322e+02   2.9272498e+02
   2.9037764e+02   2.9337906e+02
   3.0055850e+02   2.9267824e+02
   3.1047497e+02   2.9084594e+02
   2.2137308e+02   2.2479467e+02
   2.3400078e+02   2.1681729e+02
   2.4897692e+02   2.1851578e+02
   2.6139098e+02   2.2694580e+02
   2.4785468e+02   2.2767575e+02
   2.3436614e+02   2.2813408e+02
   3.1935200e+02   2.2692164e+02
   3.3158966e+02   2.1685766e+02
   3.4737787e+02   2.1629382e+02
   3.5941963e+02   2.2607515e+02
   3.4646295e+02   2.3029935e+02
   3.3286884e+02   2.2854817e+02
   2.5297052e+02   3.2831031e+02
   2.6499915e+02   3.2124988e+02
   2.7693519e+02   3.1419297e+02
   2.9000126e+02   3.1649232e+02
   3.0350956e+02   3.1443139e+02
   3.1560766e+02   3.2138172e+02
   3.2804480e+02   3.2777032e+02
   3.1575760e+02   3.3398784e+02
   3.0425674e+02   3.4164867e+02
   2.9085943e+02   3.4334170e+02
   2.7721592e+02   3.4147881e+02
   2.6598773e+02   3.3265752e+02
   2.6416420e+02   3.2788745e+02
   2.7712101e+02   3.2522922e+02
   2.9021398e+02   3.2613618e+02
   3.0386321e+02   3.2501192e+02
   3.1708011e+02   3.2788736e+02
   3.0359783e+02   3.2570635e+02
   2.9021863e+02   3.2678560e+02
   2.7708542e+02   3.2593520e+02
