   2.0338450e+02   2.1585905e+02
   2.0033307e+02   2.5535224e+02
   2.0304020e+02   2.9457647e+02
   2.0773662e+02   3.3392208e+02
   2.1919932e+02   3.7148731e+02
   2.4358265e+02   4.0218844e+02
   2.7365311e+02   4.2777692e+02
   3.0987130e+02   4.4274360e+02
   3.4886900e+02   4.4513506e+02
   3.8842441e+02   4.4047335e+02
   4.2636304e+02   4.3016964e+02
   4.5831637e+02   4.0749791e+02
   4.8035891e+02   3.7488389e+02
   4.9399685e+02   3.3811918e+02
   5.0165837e+02   2.9919026e+02
   5.0392702e+02   2.5992607e+02
   5.0135734e+02   2.2061529e+02
   2.2849934e+02   1.9789536e+02
   2.4912858e+02   1.8260563e+02
   2.7525446e+02   1.8105439e+02
   3.0142399e+02   1.8247855e+02
   3.2697983e+02   1.8734262e+02
   3.7950253e+02   1.8420740e+02
   4.0297711e+02   1.7909246e+02
   4.2699709e+02   1.7932466e+02
   4.5068220e+02   1.8278492e+02
   4.7170137e+02   1.9363545e+02
   3.5097196e+02   2.0848964e+02
   3.4928440e+02   2.3413442e+02
   3.4815958e+02   2.5984869e+02
   3.4519013e+02   2.8512080e+02
   3.1136834e+02   3.2055803e+02
   3.2711342e+02   3.2195764e+02
   3.4275553e+02   3.2285701e+02
   3.6157299e+02   3.2233164e+02
   3.8007781e+02   3.2008291e+02
   2.5207078e+02   2.2985927e+02
   2.7284758e+02   2.2177602e+02
   2.9471749e+02   2.2178627e+02
   3.1099039e+02   2.3586734e+02
   2.9066066e+02   2.3844240e+02
   2.7049943e+02   2.3786930e+02
   3.8806139e+02   2.3530335e+02
   4.0562440e+02   2.2203806e+02
   4.2761961e+02   2.2155665e+02
   4.4756843e+02   2.3117649e+02
   4.2837041e+02   2.3796356e+02
   4.0808301e+02   2.3798386e+02
   2.8865827e+02   3.5776985e+02
   3.0236133e+02   3.4950981e+02
   3.1647482e+02   3.4187271e+02
   3.3195041e+02   3.4262657e+02
   3.5262681e+02   3.4171868e+02
   3.7145963e+02   3.5055686e+02
   3.8894312e+02   3.6179750e+02
   3.7229785e+02   3.7359810e+02
   3.5208281e+02   3.7766983e+02
   3.3145145e+02   3.7761585e+02
   3.1518005e+02   3.7529272e+02
   3.0023665e+02   3.6890050e+02
   2.9963441e+02   3.5738985e+02
   3.1061056e+02   3.5716361e+02
   3.3211420e+02   3.5889834e+02
   3.6065959e+02   3.5917690e+02
   3.7480136e+02   3.5927031e+02
   3.6035524e+02   3.5936372e+02
   3.3176377e+02   3.5924851e+02
   3.1018114e+02   3.5761610e+02
