   2.0603467e+02   2.1712658e+02
   2.0182320e+02   2.5615125e+02
   2.0426677e+02   2.9529119e+02
   2.0989062e+02   3.3388324e+02
   2.2232091e+02   3.7107030e+02
   2.4392406e+02   4.0320847e+02
   2.7404636e+02   4.2817059e+02
   3.1016361e+02   4.4242127e+02
   3.4894405e+02   4.4529530e+02
   3.8821333e+02   4.3987969e+02
   4.2539062e+02   4.2751923e+02
   4.5886420e+02   4.0703804e+02
   4.8060898e+02   3.7448158e+02
   4.9449391e+02   3.3787866e+02
   5.0189238e+02   2.9917678e+02
   5.0420965e+02   2.5994271e+02
   5.0126956e+02   2.2070380e+02
   2.2842923e+02   1.9816250e+02
   2.4904617e+02   1.8286128e+02
   2.7516795e+02   1.8129338e+02
   3.0133530e+02   1.8270049e+02
   3.2689125e+02   1.8754751e+02
   3.7940571e+02   1.8437880e+02
   4.0264291e+02   1.7806504e+02
   4.2681520e+02   1.7859416e+02
   4.5035365e+02   1.8284239e+02
   4.7159971e+02   1.9374628e+02
   3.5089417e+02   2.0867656e+02
   3.4991070e+02   2.3357578e+02
   3.4927198e+02   2.5819836e+02
   3.4853293e+02   2.8279893e+02
   3.1816761e+02   3.2068426e+02
   3.3352987e+02   3.2191655e+02
   3.4883010e+02   3.2226248e+02
   3.6625364e+02   3.2166439e+02
   3.8323308e+02   3.1905133e+02
   2.5201849e+02   2.3010742e+02
   2.7229992e+02   2.2055611e+02
   2.9450369e+02   2.2161960e+02
   3.1093500e+02   2.3607679e+02
   2.9089483e+02   2.3777782e+02
   2.7077163e+02   2.3681301e+02
   3.8799650e+02   2.3546318e+02
   4.0505908e+02   2.2157595e+02
   4.2715551e+02   2.2126555e+02
   4.4707095e+02   2.3086395e+02
   4.2830246e+02   2.3809708e+02
   4.0801747e+02   2.3813046e+02
   2.9847642e+02   3.6430076e+02
   3.1227090e+02   3.5119512e+02
   3.2837992e+02   3.4101156e+02
   3.4682224e+02   3.4147205e+02
   3.6446938e+02   3.4093764e+02
   3.7913321e+02   3.5140295e+02
   3.9237957e+02   3.6361945e+02
   3.8018045e+02   3.7591435e+02
   3.6391477e+02   3.8175728e+02
   3.4655887e+02   3.8204615e+02
   3.2897019e+02   3.8110845e+02
   3.1291748e+02   3.7423254e+02
   3.1040566e+02   3.6030639e+02
   3.2233489e+02   3.6012832e+02
   3.4652522e+02   3.6010213e+02
   3.6967416e+02   3.5948280e+02
   3.8102687e+02   3.5964575e+02
   3.6947467e+02   3.5980870e+02
   3.4668147e+02   3.6025781e+02
   3.2242118e+02   3.6048445e+02
