   2.2275296e+02   1.9476159e+02
   2.2450544e+02   2.2500976e+02
   2.3028654e+02   2.5464427e+02
   2.3518512e+02   2.8434531e+02
   2.4733587e+02   3.1201583e+02
   2.6464144e+02   3.3662430e+02
   2.8842424e+02   3.5511940e+02
   3.1663197e+02   3.6562772e+02
   3.4623363e+02   3.6987682e+02
   3.7183506e+02   3.6189683e+02
   3.9419496e+02   3.4684362e+02
   4.1365224e+02   3.2831104e+02
   4.2898176e+02   3.0623920e+02
   4.3966976e+02   2.8159087e+02
   4.4336215e+02   2.5498083e+02
   4.4500994e+02   2.2827876e+02
   4.4629443e+02   2.0144861e+02
   2.4832770e+02   1.7662126e+02
   2.6077892e+02   1.6741346e+02
   2.7580035e+02   1.6365906e+02
   2.9131243e+02   1.6285192e+02
   3.0569855e+02   1.6798456e+02
   3.6820844e+02   1.6487433e+02
   3.8218042e+02   1.5881335e+02
   3.9738399e+02   1.5885621e+02
   4.1257417e+02   1.6121786e+02
   4.2523545e+02   1.6935356e+02
   3.4058431e+02   1.9419963e+02
   3.4103925e+02   2.1081126e+02
   3.4105358e+02   2.2713200e+02
   3.4150468e+02   2.4358407e+02
   3.1942921e+02   2.6007001e+02
   3.3021709e+02   2.6199414e+02
   3.4109231e+02   2.6264558e+02
   3.5071812e+02   2.6263068e+02
   3.6015239e+02   2.6175834e+02
   2.7344034e+02   1.9687223e+02
   2.8453544e+02   1.8535203e+02
   3.0058954e+02   1.8570082e+02
   3.1156287e+02   1.9726378e+02
   2.9886587e+02   2.0176741e+02
   2.8561346e+02   2.0200546e+02
   3.6571305e+02   1.9677140e+02
   3.7677617e+02   1.8504320e+02
   3.9276894e+02   1.8442727e+02
   4.0426690e+02   1.9542966e+02
   3.9161035e+02   1.9896776e+02
   3.7854256e+02   1.9894135e+02
   3.0604103e+02   2.9777354e+02
   3.1762501e+02   2.9002222e+02
   3.2946356e+02   2.8318371e+02
   3.4278131e+02   2.8475370e+02
   3.5511876e+02   2.8148635e+02
   3.6642322e+02   2.8848669e+02
   3.7665253e+02   2.9682997e+02
   3.6636528e+02   3.0531340e+02
   3.5430738e+02   3.1125315e+02
   3.4124133e+02   3.1289787e+02
   3.2782199e+02   3.1327243e+02
   3.1587876e+02   3.0700788e+02
   3.2290571e+02   2.9536033e+02
   3.3217443e+02   2.9378013e+02
   3.4156613e+02   2.9455422e+02
   3.5023269e+02   2.9350740e+02
   3.5845602e+02   2.9511703e+02
   3.4976349e+02   2.9848851e+02
   3.4054900e+02   2.9851357e+02
   3.3155728e+02   2.9762275e+02
