   2.2271147e+02   1.9472392e+02
   2.2445415e+02   2.2505802e+02
   2.3020310e+02   2.5468055e+02
   2.3423450e+02   2.8449091e+02
   2.4710933e+02   3.1181754e+02
   2.6435612e+02   3.3643984e+02
   2.8817354e+02   3.5503056e+02
   3.1634952e+02   3.6556707e+02
   3.4618404e+02   3.6954507e+02
   3.7190761e+02   3.6171242e+02
   3.9405878e+02   3.4675193e+02
   4.1214508e+02   3.2692638e+02
   4.2891961e+02   3.0597940e+02
   4.4022997e+02   2.8170641e+02
   4.4313497e+02   2.5501126e+02
   4.4480612e+02   2.2842089e+02
   4.4611395e+02   2.0160786e+02
   2.4824335e+02   1.7817476e+02
   2.6047806e+02   1.6817619e+02
   2.7566012e+02   1.6402397e+02
   2.9138476e+02   1.6329068e+02
   3.0588926e+02   1.6892502e+02
   3.6819634e+02   1.6588510e+02
   3.8222441e+02   1.5988103e+02
   3.9734422e+02   1.5931866e+02
   4.1245915e+02   1.6170241e+02
   4.2483699e+02   1.7014523e+02
   3.4047323e+02   1.9426819e+02
   3.4091297e+02   2.1087035e+02
   3.4091262e+02   2.2718139e+02
   3.4134867e+02   2.4362409e+02
   3.1927151e+02   2.6008038e+02
   3.3005125e+02   2.6201305e+02
   3.4091941e+02   2.6267388e+02
   3.5053951e+02   2.6266765e+02
   3.5996895e+02   2.6180430e+02
   2.7336680e+02   1.9687886e+02
   2.8446565e+02   1.8537548e+02
   3.0050989e+02   1.8573849e+02
   3.1146630e+02   1.9730444e+02
   2.9875200e+02   2.0099035e+02
   2.8562082e+02   2.0133519e+02
   3.6558471e+02   1.9686102e+02
   3.7665179e+02   1.8514973e+02
   3.9263560e+02   1.8454854e+02
   4.0411683e+02   1.9555472e+02
   3.9146464e+02   1.9907934e+02
   3.7840464e+02   1.9904121e+02
   3.0585741e+02   2.9774945e+02
   3.1754766e+02   2.9035316e+02
   3.2942280e+02   2.8380038e+02
   3.4267497e+02   2.8530341e+02
   3.5487706e+02   2.8214899e+02
   3.6610574e+02   2.8891036e+02
   3.7642776e+02   2.9686990e+02
   3.6608133e+02   3.0354148e+02
   3.5507645e+02   3.0895905e+02
   3.4309377e+02   3.1041531e+02
   3.2951790e+02   3.1086253e+02
   3.1680550e+02   3.0571889e+02
   3.2330364e+02   2.9509076e+02
   3.3246445e+02   2.9497716e+02
   3.4135806e+02   2.9586178e+02
   3.4980967e+02   2.9506571e+02
   3.5824361e+02   2.9514163e+02
   3.4979344e+02   2.9567936e+02
   3.4144241e+02   2.9655866e+02
   3.3235372e+02   2.9565402e+02
