   2.0082537e+02   2.0312615e+02
   2.0229181e+02   2.3206762e+02
   2.0454604e+02   2.6102497e+02
   2.0886384e+02   2.8978018e+02
   2.1941815e+02   3.1645324e+02
   2.3537523e+02   3.4059015e+02
   2.5946546e+02   3.5659603e+02
   2.8477495e+02   3.7065510e+02
   3.1251678e+02   3.7708574e+02
   3.3834981e+02   3.7046469e+02
   3.6035750e+02   3.5567482e+02
   3.7959468e+02   3.3698023e+02
   3.9488227e+02   3.1536208e+02
   4.0429354e+02   2.9045002e+02
   4.0796149e+02   2.6406813e+02
   4.1260178e+02   2.3763053e+02
   4.1514949e+02   2.1133878e+02
   2.2028388e+02   1.8147845e+02
   2.3654911e+02   1.7148199e+02
   2.5533476e+02   1.6753809e+02
   2.7445563e+02   1.6812290e+02
   2.9344176e+02   1.7084784e+02
   3.4899011e+02   1.6572210e+02
   3.6529795e+02   1.6204270e+02
   3.8199318e+02   1.6315325e+02
   3.9685631e+02   1.7048005e+02
   4.0340761e+02   1.8523857e+02
   3.1587629e+02   2.0359252e+02
   3.1662643e+02   2.2252044e+02
   3.1850032e+02   2.4106729e+02
   3.1953532e+02   2.5981245e+02
   2.9305433e+02   2.7341622e+02
   3.0458639e+02   2.7887118e+02
   3.1695507e+02   2.8189655e+02
   3.2925776e+02   2.7789854e+02
   3.4012981e+02   2.7123130e+02
   2.4453637e+02   2.0061581e+02
   2.5888702e+02   1.9180811e+02
   2.7542439e+02   1.9461341e+02
   2.8683467e+02   2.0688047e+02
   2.7185243e+02   2.0893694e+02
   2.5689645e+02   2.0847156e+02
   3.3940481e+02   2.0616705e+02
   3.5193569e+02   1.9472730e+02
   3.6888564e+02   1.9356466e+02
   3.8169294e+02   2.0434917e+02
   3.6815196e+02   2.0911024e+02
   3.5371319e+02   2.0781562e+02
   2.6615058e+02   3.0611456e+02
   2.8334745e+02   3.0051843e+02
   3.0036255e+02   2.9428481e+02
   3.1659697e+02   3.0059374e+02
   3.2824730e+02   2.9507134e+02
   3.4080640e+02   2.9923827e+02
   3.5336748e+02   3.0356979e+02
   3.4039337e+02   3.1115092e+02
   3.2647981e+02   3.1651537e+02
   3.1176769e+02   3.1827456e+02
   2.9627365e+02   3.1488349e+02
   2.8086459e+02   3.1130176e+02
   2.8859986e+02   3.0574285e+02
   3.0161405e+02   3.0501269e+02
   3.1437165e+02   3.0611272e+02
   3.2450588e+02   3.0463307e+02
   3.3460074e+02   3.0429041e+02
   3.2422647e+02   3.0545212e+02
   3.1400551e+02   3.0684829e+02
   3.0122831e+02   3.0584174e+02
