   2.0091615e+02   2.0395067e+02
   2.0255108e+02   2.3275834e+02
   2.0497461e+02   2.6154589e+02
   2.0930073e+02   2.9016019e+02
   2.1991607e+02   3.1667929e+02
   2.3585816e+02   3.4067675e+02
   2.5978357e+02   3.5667884e+02
   2.8497496e+02   3.7065572e+02
   3.1259951e+02   3.7708746e+02
   3.3835365e+02   3.7032115e+02
   3.6032575e+02   3.5553223e+02
   3.7954150e+02   3.3688129e+02
   3.9476851e+02   3.1527125e+02
   4.0421153e+02   2.9041753e+02
   4.0784276e+02   2.6407032e+02
   4.1233902e+02   2.3764588e+02
   4.1484385e+02   2.1138835e+02
   2.2147003e+02   1.8270518e+02
   2.3873094e+02   1.7517640e+02
   2.5721243e+02   1.7019317e+02
   2.7628169e+02   1.7069516e+02
   2.9513777e+02   1.7379671e+02
   3.4779552e+02   1.6800969e+02
   3.6360595e+02   1.6583968e+02
   3.7955608e+02   1.6642178e+02
   3.9401507e+02   1.7291750e+02
   4.0295001e+02   1.8527332e+02
   3.1509556e+02   2.0474766e+02
   3.1682566e+02   2.2406886e+02
   3.1863951e+02   2.4322776e+02
   3.1899975e+02   2.6243141e+02
   2.9294279e+02   2.7431581e+02
   3.0452609e+02   2.7945855e+02
   3.1683107e+02   2.8207300e+02
   3.2881907e+02   2.7922189e+02
   3.3930206e+02   2.7298374e+02
   2.4456866e+02   2.0342469e+02
   2.5843946e+02   1.9585333e+02
   2.7415401e+02   1.9753464e+02
   2.8615117e+02   2.0731129e+02
   2.7174386e+02   2.0941113e+02
   2.5733758e+02   2.0930139e+02
   3.3943626e+02   2.0626738e+02
   3.5168939e+02   1.9561338e+02
   3.6801657e+02   1.9563239e+02
   3.8128557e+02   2.0479134e+02
   3.6782998e+02   2.0920457e+02
   3.5356147e+02   2.0790015e+02
   2.6740405e+02   3.0568640e+02
   2.8412394e+02   3.0090557e+02
   3.0062528e+02   2.9540912e+02
   3.1648707e+02   3.0107232e+02
   3.2874806e+02   2.9659051e+02
   3.4156197e+02   3.0058618e+02
   3.5446717e+02   3.0362186e+02
   3.4089563e+02   3.1109305e+02
   3.2674115e+02   3.1727140e+02
   3.1161842e+02   3.1962807e+02
   2.9642193e+02   3.1602327e+02
   2.8157213e+02   3.1157161e+02
   2.8894928e+02   3.0577176e+02
   3.0151537e+02   3.0532692e+02
   3.1369055e+02   3.0750623e+02
   3.2420791e+02   3.0585492e+02
   3.3471829e+02   3.0617584e+02
   3.2399767e+02   3.0653539e+02
   3.1346384e+02   3.0810499e+02
   3.0122765e+02   3.0615109e+02
