   2.6546719e+02   2.3226744e+02
   2.6558731e+02   2.6638012e+02
   2.6720599e+02   3.0042413e+02
   2.7510489e+02   3.3339622e+02
   2.8722270e+02   3.6505909e+02
   3.0160787e+02   3.9529700e+02
   3.2504524e+02   4.1965570e+02
   3.5468032e+02   4.3624041e+02
   3.8701152e+02   4.4449554e+02
   4.1830236e+02   4.3441281e+02
   4.4378484e+02   4.1344154e+02
   4.6601177e+02   3.8933166e+02
   4.7959838e+02   3.5911147e+02
   4.8749756e+02   3.2700545e+02
   4.9295994e+02   2.9430783e+02
   4.9762817e+02   2.6175717e+02
   4.9931763e+02   2.2865987e+02
   2.7333604e+02   1.9698134e+02
   2.9010808e+02   1.8352483e+02
   3.1151293e+02   1.8212021e+02
   3.3165468e+02   1.9014857e+02
   3.4920524e+02   2.0265198e+02
   4.0326027e+02   1.9523723e+02
   4.2269754e+02   1.8110042e+02
   4.4596175e+02   1.7481639e+02
   4.7002182e+02   1.7682417e+02
   4.8772145e+02   1.9174290e+02
   3.7439535e+02   2.1177316e+02
   3.7532098e+02   2.3900028e+02
   3.7786180e+02   2.6643972e+02
   3.7766676e+02   2.9355877e+02
   3.5512803e+02   3.1126222e+02
   3.6714297e+02   3.1536066e+02
   3.7849149e+02   3.2069555e+02
   3.9143278e+02   3.1637348e+02
   4.0382283e+02   3.1102703e+02
   2.9378768e+02   2.2570163e+02
   3.0727126e+02   2.1175964e+02
   3.2716820e+02   2.1369193e+02
   3.4229713e+02   2.2686724e+02
   3.2603188e+02   2.3296368e+02
   3.0906423e+02   2.3324478e+02
   4.1056485e+02   2.2582988e+02
   4.2299908e+02   2.1026668e+02
   4.4332479e+02   2.0798615e+02
   4.5878236e+02   2.2052225e+02
   4.4508026e+02   2.3047794e+02
   4.2754949e+02   2.2935006e+02
   3.3564454e+02   3.5674883e+02
   3.4916400e+02   3.4769607e+02
   3.6374438e+02   3.3847856e+02
   3.8095538e+02   3.3946644e+02
   3.9948141e+02   3.3804612e+02
   4.1523922e+02   3.4771344e+02
   4.2792760e+02   3.5834980e+02
   4.1511289e+02   3.7290712e+02
   4.0315606e+02   3.8870274e+02
   3.8462910e+02   3.9410627e+02
   3.6201215e+02   3.9139154e+02
   3.4874798e+02   3.7281247e+02
   3.5031804e+02   3.6007165e+02
   3.6397218e+02   3.5129370e+02
   3.8181414e+02   3.4971151e+02
   4.0130318e+02   3.5059599e+02
   4.1625000e+02   3.5999917e+02
   4.0167925e+02   3.7159402e+02
   3.8175294e+02   3.7863295e+02
   3.6196439e+02   3.7216610e+02
