   2.6346593e+02   2.3032290e+02
   2.6325706e+02   2.6465208e+02
   2.6466220e+02   2.9843859e+02
   2.7152795e+02   3.3184044e+02
   2.8462917e+02   3.6338441e+02
   3.0307327e+02   3.9194053e+02
   3.2391687e+02   4.1867460e+02
   3.5009766e+02   4.4045905e+02
   3.8297743e+02   4.4639887e+02
   4.1670692e+02   4.4025703e+02
   4.4549766e+02   4.2232668e+02
   4.6437475e+02   3.9359932e+02
   4.7574048e+02   3.6164370e+02
   4.8630718e+02   3.2905139e+02
   4.9145987e+02   2.9501384e+02
   4.9715337e+02   2.6130719e+02
   4.9943619e+02   2.2752874e+02
   2.7191185e+02   1.9633869e+02
   2.8548134e+02   1.7886683e+02
   3.0730017e+02   1.7427804e+02
   3.2941526e+02   1.7860922e+02
   3.4683614e+02   1.9247698e+02
   4.0404710e+02   1.8380769e+02
   4.2287493e+02   1.6838188e+02
   4.4552939e+02   1.6076280e+02
   4.6887109e+02   1.6547326e+02
   4.8502687e+02   1.8264939e+02
   3.7623663e+02   2.0470385e+02
   3.7700294e+02   2.3306740e+02
   3.7734213e+02   2.6116092e+02
   3.7869303e+02   2.8915127e+02
   3.5429813e+02   3.1085894e+02
   3.6807314e+02   3.1570811e+02
   3.8201582e+02   3.2010321e+02
   3.9341377e+02   3.1473031e+02
   4.0485165e+02   3.0992155e+02
   2.8893240e+02   2.2317117e+02
   3.0546976e+02   2.0521186e+02
   3.3002340e+02   2.0688893e+02
   3.4498054e+02   2.2610126e+02
   3.2575866e+02   2.2986727e+02
   3.0627741e+02   2.3093807e+02
   4.0540051e+02   2.2587102e+02
   4.2186068e+02   2.0488319e+02
   4.4815365e+02   2.0110910e+02
   4.6254886e+02   2.2226572e+02
   4.4455609e+02   2.3070668e+02
   4.2482360e+02   2.2999900e+02
   3.4010190e+02   3.6912117e+02
   3.4829799e+02   3.5027548e+02
   3.6250824e+02   3.3721927e+02
   3.8090810e+02   3.3902218e+02
   3.9967415e+02   3.3661988e+02
   4.1476627e+02   3.4920715e+02
   4.2115622e+02   3.6854411e+02
   4.1420138e+02   3.9300314e+02
   4.0554154e+02   4.1650490e+02
   3.8441948e+02   4.2677261e+02
   3.6263649e+02   4.1508705e+02
   3.5157130e+02   3.9225131e+02
   3.4365817e+02   3.6814104e+02
   3.5917287e+02   3.5175034e+02
   3.8049388e+02   3.4811725e+02
   4.0358855e+02   3.5040814e+02
   4.1657084e+02   3.6970181e+02
   4.0482021e+02   3.9283535e+02
   3.8413530e+02   4.0586390e+02
   3.6081365e+02   3.9053949e+02
