   1.7511772e+02   2.1810711e+02
   1.7584578e+02   2.5168873e+02
   1.7804532e+02   2.8502117e+02
   1.8360646e+02   3.1771483e+02
   1.9767735e+02   3.4792277e+02
   2.1945348e+02   3.7311380e+02
   2.4549957e+02   3.9382979e+02
   2.7450678e+02   4.1027772e+02
   3.0702033e+02   4.1443124e+02
   3.3587444e+02   4.0527635e+02
   3.5992698e+02   3.8681033e+02
   3.7863058e+02   3.6318326e+02
   3.9059352e+02   3.3539077e+02
   3.9786093e+02   3.0592040e+02
   4.0030746e+02   2.7562608e+02
   3.9875812e+02   2.4520032e+02
   3.9919649e+02   2.1514886e+02
   1.9333222e+02   1.9927294e+02
   2.0860794e+02   1.8705008e+02
   2.2741405e+02   1.8254491e+02
   2.4660016e+02   1.8580481e+02
   2.6480395e+02   1.9274687e+02
   3.1345644e+02   1.8288281e+02
   3.3092473e+02   1.7890975e+02
   3.4865770e+02   1.7641414e+02
   3.6584312e+02   1.8100195e+02
   3.8212252e+02   1.8798263e+02
   2.9097247e+02   2.1957343e+02
   2.9270143e+02   2.4470281e+02
   2.9390211e+02   2.6965819e+02
   2.9353473e+02   2.9454460e+02
   2.6234592e+02   3.0492855e+02
   2.7723305e+02   3.1014079e+02
   2.9281296e+02   3.1108012e+02
   3.0769144e+02   3.0780419e+02
   3.2078729e+02   3.0022293e+02
   2.1906002e+02   2.2059821e+02
   2.3548929e+02   2.1297039e+02
   2.5339020e+02   2.1642584e+02
   2.6850619e+02   2.2647182e+02
   2.5139747e+02   2.2863439e+02
   2.3432958e+02   2.2790314e+02
   3.1567592e+02   2.2101739e+02
   3.2970075e+02   2.1362141e+02
   3.4514196e+02   2.1163625e+02
   3.5857065e+02   2.1923358e+02
   3.4495121e+02   2.2600139e+02
   3.2977859e+02   2.2620111e+02
   2.4861187e+02   3.3227863e+02
   2.6363900e+02   3.3018372e+02
   2.7849124e+02   3.2764354e+02
   2.9348313e+02   3.2913695e+02
   3.0895440e+02   3.2395027e+02
   3.2521571e+02   3.2396450e+02
   3.4153936e+02   3.2403085e+02
   3.3166739e+02   3.4038773e+02
   3.1493321e+02   3.4986596e+02
   2.9639885e+02   3.5451993e+02
   2.7781387e+02   3.5411940e+02
   2.6130824e+02   3.4566821e+02
   2.5943608e+02   3.4035960e+02
   2.7026029e+02   3.4053340e+02
   2.9330843e+02   3.4055523e+02
   3.1832433e+02   3.3472759e+02
   3.2993185e+02   3.3466574e+02
   3.1816801e+02   3.3460388e+02
   2.9310567e+02   3.3998760e+02
   2.6992713e+02   3.4018580e+02
