   1.7401056e+02   2.1887775e+02
   1.7630972e+02   2.5186133e+02
   1.7685338e+02   2.8477322e+02
   1.8444668e+02   3.1710405e+02
   1.9812827e+02   3.4693092e+02
   2.1853946e+02   3.7277736e+02
   2.4428896e+02   3.9358330e+02
   2.7137389e+02   4.1215411e+02
   3.0349942e+02   4.1497614e+02
   3.3292013e+02   4.0887175e+02
   3.5487595e+02   3.8796531e+02
   3.7227756e+02   3.6263562e+02
   3.8779170e+02   3.3639599e+02
   3.9602318e+02   3.0714159e+02
   3.9960323e+02   2.7662591e+02
   3.9970886e+02   2.4622106e+02
   4.0006268e+02   2.1573875e+02
   1.8960348e+02   1.9109899e+02
   2.0553913e+02   1.7934718e+02
   2.2455447e+02   1.7433944e+02
   2.4437553e+02   1.7554750e+02
   2.6206272e+02   1.8380950e+02
   3.0787370e+02   1.7505235e+02
   3.2572394e+02   1.6952114e+02
   3.4429537e+02   1.6816506e+02
   3.6259343e+02   1.7206957e+02
   3.7967773e+02   1.7924959e+02
   2.8627257e+02   2.1211745e+02
   2.8788242e+02   2.3637930e+02
   2.8774230e+02   2.6065626e+02
   2.8801671e+02   2.8470182e+02
   2.5536495e+02   2.9213341e+02
   2.7221736e+02   2.9862601e+02
   2.8991871e+02   3.0013749e+02
   3.0650689e+02   2.9528571e+02
   3.2110637e+02   2.8630378e+02
   2.1666085e+02   2.1436098e+02
   2.3215767e+02   2.0511336e+02
   2.5019384e+02   2.0713092e+02
   2.6436974e+02   2.1829435e+02
   2.4802071e+02   2.2047005e+02
   2.3163876e+02   2.2020577e+02
   3.1140466e+02   2.1368374e+02
   3.2572519e+02   2.0469748e+02
   3.4252250e+02   2.0313542e+02
   3.5714197e+02   2.1096878e+02
   3.4225432e+02   2.1592883e+02
   3.2663741e+02   2.1697908e+02
   2.3047967e+02   3.0816132e+02
   2.5032646e+02   3.1022577e+02
   2.6988670e+02   3.1232557e+02
   2.8959543e+02   3.1146914e+02
   3.1031764e+02   3.0772209e+02
   3.3082486e+02   3.0455246e+02
   3.5142506e+02   3.0132024e+02
   3.4032116e+02   3.2635084e+02
   3.2026557e+02   3.4494872e+02
   2.9461239e+02   3.5349190e+02
   2.6864579e+02   3.4589655e+02
   2.4746961e+02   3.2918818e+02
   2.4522509e+02   3.2532300e+02
   2.5997052e+02   3.2147244e+02
   2.9212539e+02   3.2284189e+02
   3.2311056e+02   3.1488914e+02
   3.3726781e+02   3.1990021e+02
   3.2568282e+02   3.2491128e+02
   2.9428876e+02   3.3969678e+02
   2.5958885e+02   3.2917357e+02
