   1.9436926e+02   2.2901160e+02
   1.9719530e+02   2.6374211e+02
   2.0412883e+02   2.9769448e+02
   2.1445023e+02   3.3054687e+02
   2.3183181e+02   3.6080986e+02
   2.5182003e+02   3.8898684e+02
   2.8005757e+02   4.0910852e+02
   3.1140816e+02   4.2394836e+02
   3.4547436e+02   4.2683271e+02
   3.7172732e+02   4.1635013e+02
   3.8779705e+02   3.9180175e+02
   4.0555913e+02   3.6833395e+02
   4.2108068e+02   3.4347767e+02
   4.2847301e+02   3.1509506e+02
   4.3227156e+02   2.8597170e+02
   4.3053627e+02   2.5665434e+02
   4.2568289e+02   2.2796442e+02
   2.3996692e+02   2.0997217e+02
   2.5616326e+02   1.9743132e+02
   2.7510423e+02   1.8963551e+02
   2.9545642e+02   1.8930836e+02
   3.1616234e+02   1.9019174e+02
   3.5251040e+02   1.9244348e+02
   3.6767385e+02   1.8579715e+02
   3.8367839e+02   1.8226127e+02
   4.0003927e+02   1.8088216e+02
   4.1539461e+02   1.8575272e+02
   3.4836564e+02   2.3525230e+02
   3.5325254e+02   2.5526013e+02
   3.5726789e+02   2.7556249e+02
   3.6182780e+02   2.9548003e+02
   3.2716642e+02   3.0900992e+02
   3.4278653e+02   3.1165745e+02
   3.5845065e+02   3.1259615e+02
   3.6933270e+02   3.0962287e+02
   3.7941899e+02   3.0496745e+02
   2.6262246e+02   2.3672161e+02
   2.7842742e+02   2.2842145e+02
   2.9610853e+02   2.3145675e+02
   3.1052833e+02   2.4203249e+02
   2.9344565e+02   2.4514203e+02
   2.7649907e+02   2.4597449e+02
   3.6683470e+02   2.3704762e+02
   3.7663410e+02   2.2195127e+02
   3.9490168e+02   2.1973818e+02
   4.1138805e+02   2.2805088e+02
   3.9869575e+02   2.3746791e+02
   3.8264073e+02   2.3869111e+02
   2.9353554e+02   3.5036797e+02
   3.1318834e+02   3.4203306e+02
   3.3382207e+02   3.3682741e+02
   3.5484262e+02   3.3512878e+02
   3.6872859e+02   3.3355656e+02
   3.8258845e+02   3.3483730e+02
   3.9602454e+02   3.3724793e+02
   3.8820175e+02   3.5937261e+02
   3.7486981e+02   3.7850308e+02
   3.5326451e+02   3.8596942e+02
   3.2797967e+02   3.8371032e+02
   3.0569640e+02   3.7187080e+02
   2.9914821e+02   3.5117554e+02
   3.2747245e+02   3.4723725e+02
   3.5557433e+02   3.4660033e+02
   3.7111532e+02   3.4246250e+02
   3.8692362e+02   3.4053705e+02
   3.7502809e+02   3.6107997e+02
   3.5269572e+02   3.6986755e+02
   3.2339570e+02   3.6684303e+02
