   2.0736034e+02   2.3126764e+02
   2.0991427e+02   2.6589915e+02
   2.1864314e+02   2.9934114e+02
   2.2930800e+02   3.3200661e+02
   2.4794284e+02   3.6144509e+02
   2.6730230e+02   3.8985143e+02
   2.9515840e+02   4.1056213e+02
   3.2598247e+02   4.2581454e+02
   3.5997377e+02   4.2897666e+02
   3.8637813e+02   4.1855438e+02
   4.0285518e+02   3.9397201e+02
   4.2139271e+02   3.7093703e+02
   4.3679320e+02   3.4561475e+02
   4.4550714e+02   3.1751076e+02
   4.4942507e+02   2.8828601e+02
   4.4793876e+02   2.5874950e+02
   4.4307976e+02   2.2980830e+02
   2.6002459e+02   2.1316267e+02
   2.7737198e+02   2.0084932e+02
   2.9693224e+02   1.9253646e+02
   3.1794645e+02   1.9276215e+02
   3.3910410e+02   1.9457641e+02
   3.7215706e+02   1.9670545e+02
   3.8638706e+02   1.9008973e+02
   4.0191888e+02   1.8716387e+02
   4.1754387e+02   1.8528255e+02
   4.3222528e+02   1.8970405e+02
   3.6809645e+02   2.3811362e+02
   3.7369936e+02   2.5756202e+02
   3.7770930e+02   2.7740080e+02
   3.8128589e+02   2.9708036e+02
   3.4651598e+02   3.1147816e+02
   3.6143046e+02   3.1444122e+02
   3.7653540e+02   3.1593796e+02
   3.8753151e+02   3.1361390e+02
   3.9719413e+02   3.0819113e+02
   2.8320181e+02   2.3828444e+02
   2.9885255e+02   2.3071191e+02
   3.1610365e+02   2.3387664e+02
   3.3056824e+02   2.4374515e+02
   3.1352426e+02   2.4766357e+02
   2.9650804e+02   2.4844257e+02
   3.8607992e+02   2.4065105e+02
   3.9468955e+02   2.2495836e+02
   4.1290242e+02   2.2260880e+02
   4.2948036e+02   2.3068576e+02
   4.1725130e+02   2.3990451e+02
   4.0160666e+02   2.4134372e+02
   3.0973407e+02   3.5225086e+02
   3.3032131e+02   3.4489408e+02
   3.5120251e+02   3.3903984e+02
   3.7261866e+02   3.3812117e+02
   3.8636098e+02   3.3618778e+02
   4.0007194e+02   3.3777268e+02
   4.1384282e+02   3.3859830e+02
   4.0451621e+02   3.6055810e+02
   3.9191423e+02   3.8056171e+02
   3.6999464e+02   3.8751448e+02
   3.4475373e+02   3.8542117e+02
   3.2250684e+02   3.7347446e+02
   3.1735925e+02   3.5326545e+02
   3.4498323e+02   3.4911878e+02
   3.7241583e+02   3.4948716e+02
   3.8743504e+02   3.4561159e+02
   4.0251584e+02   3.4335859e+02
   3.9076179e+02   3.6425725e+02
   3.6833639e+02   3.7306881e+02
   3.4007564e+02   3.6959146e+02
