   1.5635825e+02   2.2761652e+02
   1.5876600e+02   2.6090233e+02
   1.6509612e+02   2.9390321e+02
   1.7634454e+02   3.2528075e+02
   1.8890482e+02   3.5602907e+02
   2.0623469e+02   3.8421081e+02
   2.3236862e+02   4.0530228e+02
   2.6107535e+02   4.2161173e+02
   2.9359624e+02   4.2140856e+02
   3.2027031e+02   4.0756970e+02
   3.4079419e+02   3.8559927e+02
   3.6008340e+02   3.6252610e+02
   3.7366507e+02   3.3560304e+02
   3.8204236e+02   3.0693147e+02
   3.8669246e+02   2.7700780e+02
   3.8839183e+02   2.4709606e+02
   3.8405435e+02   2.1737025e+02
   1.7761990e+02   2.0639055e+02
   1.9315823e+02   1.9097674e+02
   2.1427691e+02   1.8530157e+02
   2.3600304e+02   1.8814891e+02
   2.5467410e+02   1.9958029e+02
   2.8916033e+02   1.9821800e+02
   3.0382577e+02   1.8650599e+02
   3.2208168e+02   1.8182978e+02
   3.4092334e+02   1.7975842e+02
   3.5908072e+02   1.8435894e+02
   2.7874736e+02   2.3403904e+02
   2.7988845e+02   2.5340203e+02
   2.8065973e+02   2.7287881e+02
   2.8102552e+02   2.9206789e+02
   2.5571187e+02   3.0641171e+02
   2.6942117e+02   3.0943543e+02
   2.8329196e+02   3.1066523e+02
   2.9581718e+02   3.0875250e+02
   3.0740015e+02   3.0418236e+02
   1.9938860e+02   2.3179117e+02
   2.1331105e+02   2.2098031e+02
   2.3105257e+02   2.2348076e+02
   2.4383672e+02   2.3586565e+02
   2.2843060e+02   2.4031151e+02
   2.1255109e+02   2.4026788e+02
   3.0640928e+02   2.3496312e+02
   3.1878808e+02   2.2147233e+02
   3.3718906e+02   2.1882504e+02
   3.5311846e+02   2.2771497e+02
   3.3908845e+02   2.3662601e+02
   3.2265057e+02   2.3861843e+02
   2.3967356e+02   3.5055497e+02
   2.5439563e+02   3.4114419e+02
   2.7017607e+02   3.3414622e+02
   2.8735183e+02   3.3270640e+02
   3.0220590e+02   3.3094140e+02
   3.1647576e+02   3.3467646e+02
   3.2876995e+02   3.4296110e+02
   3.1891046e+02   3.6023475e+02
   3.0504460e+02   3.7393438e+02
   2.8646230e+02   3.7949027e+02
   2.6739539e+02   3.7576081e+02
   2.5083685e+02   3.6609462e+02
   2.5703584e+02   3.5014101e+02
   2.7072316e+02   3.4523186e+02
   2.8512964e+02   3.4562062e+02
   3.0216141e+02   3.4207952e+02
   3.1942825e+02   3.4384763e+02
   3.0472842e+02   3.5581141e+02
   2.8603481e+02   3.5765853e+02
   2.7051249e+02   3.5723273e+02
