   1.5596759e+02   2.2435970e+02
   1.5811620e+02   2.5777952e+02
   1.6401201e+02   2.9077220e+02
   1.7503187e+02   3.2221920e+02
   1.8746273e+02   3.5295179e+02
   2.0353716e+02   3.8228882e+02
   2.2931125e+02   4.0301928e+02
   2.5876222e+02   4.1870310e+02
   2.9135396e+02   4.1930290e+02
   3.1775442e+02   4.0758596e+02
   3.3843044e+02   3.8748728e+02
   3.5618170e+02   3.6441646e+02
   3.6997083e+02   3.3901192e+02
   3.7842212e+02   3.1118550e+02
   3.8354644e+02   2.8268684e+02
   3.8870979e+02   2.5414835e+02
   3.8822678e+02   2.2554337e+02
   1.7711078e+02   2.0633827e+02
   1.9264302e+02   1.9088170e+02
   2.1377052e+02   1.8519357e+02
   2.3550838e+02   1.8805233e+02
   2.5414635e+02   1.9956610e+02
   2.8854109e+02   1.9810847e+02
   3.0269698e+02   1.8652141e+02
   3.2055935e+02   1.8179274e+02
   3.3902667e+02   1.7949533e+02
   3.5666741e+02   1.8391067e+02
   2.7814828e+02   2.3381351e+02
   2.7929771e+02   2.5313700e+02
   2.8006886e+02   2.7257656e+02
   2.8040518e+02   2.9173205e+02
   2.5470821e+02   3.0504267e+02
   2.6849540e+02   3.0910381e+02
   2.8272361e+02   3.1038342e+02
   2.9398909e+02   3.0882495e+02
   3.0460249e+02   3.0529164e+02
   1.9891366e+02   2.3164507e+02
   2.1279888e+02   2.2080200e+02
   2.3052962e+02   2.2327152e+02
   2.4330613e+02   2.3562988e+02
   2.2792762e+02   2.4013161e+02
   2.1206716e+02   2.4010592e+02
   3.0588248e+02   2.3472792e+02
   3.1823163e+02   2.2123622e+02
   3.3662142e+02   2.1855522e+02
   3.5255163e+02   2.2741580e+02
   3.3853937e+02   2.3633131e+02
   3.2211440e+02   2.3835878e+02
   2.4285521e+02   3.5132222e+02
   2.5560168e+02   3.4087932e+02
   2.7028630e+02   3.3365323e+02
   2.8646858e+02   3.3346230e+02
   3.0054494e+02   3.3098353e+02
   3.1416981e+02   3.3499613e+02
   3.2469182e+02   3.4427409e+02
   3.1585920e+02   3.5681939e+02
   3.0283328e+02   3.6479833e+02
   2.8829185e+02   3.6980461e+02
   2.7116026e+02   3.6825776e+02
   2.5471352e+02   3.6321033e+02
   2.5422425e+02   3.5042280e+02
   2.6979576e+02   3.4791395e+02
   2.8544394e+02   3.4918159e+02
   3.0008495e+02   3.4522398e+02
   3.1514855e+02   3.4648188e+02
   3.0026300e+02   3.4715500e+02
   2.8565281e+02   3.5058124e+02
   2.6994526e+02   3.4937673e+02
