   1.5567970e+02   2.2505515e+02
   1.5790397e+02   2.5844672e+02
   1.6396117e+02   2.9141344e+02
   1.7509353e+02   3.2281987e+02
   1.8756940e+02   3.5352378e+02
   2.0378900e+02   3.8272057e+02
   2.2960928e+02   4.0348936e+02
   2.5895905e+02   4.1923365e+02
   2.9153546e+02   4.1964683e+02
   3.1797274e+02   4.0758689e+02
   3.3868394e+02   3.8726529e+02
   3.5662702e+02   3.6417360e+02
   3.7032289e+02   3.3851199e+02
   3.7877882e+02   3.1056536e+02
   3.8381812e+02   2.8186568e+02
   3.8859452e+02   2.5312990e+02
   3.8762587e+02   2.2435776e+02
   1.7669354e+02   2.0660501e+02
   1.9223551e+02   1.9108335e+02
   2.1341260e+02   1.8537129e+02
   2.3520489e+02   1.8825631e+02
   2.5385683e+02   1.9991672e+02
   2.8814110e+02   1.9835230e+02
   3.0230571e+02   1.8664796e+02
   3.2023123e+02   1.8189623e+02
   3.3875796e+02   1.7956604e+02
   3.5649263e+02   1.8395654e+02
   2.7771769e+02   2.3395450e+02
   2.7886961e+02   2.5325962e+02
   2.7962803e+02   2.7268232e+02
   2.7990838e+02   2.9183010e+02
   2.5439999e+02   3.0535572e+02
   2.6814136e+02   3.0929032e+02
   2.8229281e+02   3.1056138e+02
   2.9373343e+02   3.0897988e+02
   3.0446527e+02   3.0528453e+02
   1.9855116e+02   2.3182163e+02
   2.1239646e+02   2.2093914e+02
   2.3012792e+02   2.2337853e+02
   2.4290949e+02   2.3572549e+02
   2.2755449e+02   2.4029688e+02
   2.1169826e+02   2.4028314e+02
   3.0557718e+02   2.3483674e+02
   3.1790919e+02   2.2132267e+02
   3.3630412e+02   2.1860095e+02
   3.5225169e+02   2.2744111e+02
   3.3824257e+02   2.3637033e+02
   3.2181992e+02   2.3844184e+02
   2.4229686e+02   3.5145879e+02
   2.5521635e+02   3.4112259e+02
   2.6995814e+02   3.3384460e+02
   2.8621959e+02   3.3350965e+02
   3.0039620e+02   3.3107322e+02
   3.1410902e+02   3.3507820e+02
   3.2484792e+02   3.4426220e+02
   3.1583461e+02   3.5729523e+02
   3.0273477e+02   3.6590662e+02
   2.8776505e+02   3.7095766e+02
   2.7049520e+02   3.6917451e+02
   2.5410674e+02   3.6365344e+02
   2.5459684e+02   3.5059189e+02
   2.6971921e+02   3.4775018e+02
   2.8501226e+02   3.4893137e+02
   2.9993207e+02   3.4501389e+02
   3.1525351e+02   3.4635023e+02
   3.0034241e+02   3.4823327e+02
   2.8531640e+02   3.5140304e+02
   2.6985480e+02   3.5034383e+02
