   1.5982749e+02   2.2658638e+02
   1.6234333e+02   2.6042691e+02
   1.6757863e+02   2.9419362e+02
   1.7818240e+02   3.2626822e+02
   1.9119799e+02   3.5762006e+02
   2.0981601e+02   3.8559492e+02
   2.3679573e+02   4.0636113e+02
   2.6639710e+02   4.2238213e+02
   2.9946312e+02   4.2296647e+02
   3.2612678e+02   4.0974870e+02
   3.4528315e+02   3.8670570e+02
   3.6419552e+02   3.6332364e+02
   3.7859868e+02   3.3699642e+02
   3.8605511e+02   3.0804405e+02
   3.9050049e+02   2.7805255e+02
   3.9048152e+02   2.4807519e+02
   3.8533196e+02   2.1845776e+02
   1.8387617e+02   2.0501392e+02
   1.9900967e+02   1.9039729e+02
   2.1921271e+02   1.8457657e+02
   2.4015695e+02   1.8631528e+02
   2.5914348e+02   1.9424735e+02
   2.9637581e+02   1.9424680e+02
   3.1199378e+02   1.8402708e+02
   3.3005069e+02   1.7940870e+02
   3.4879214e+02   1.7801862e+02
   3.6669857e+02   1.8314549e+02
   2.8742512e+02   2.3307108e+02
   2.8906437e+02   2.5307604e+02
   2.9064523e+02   2.7316970e+02
   2.9272531e+02   2.9278876e+02
   2.6466726e+02   3.0637504e+02
   2.7937257e+02   3.0896231e+02
   2.9406105e+02   3.0984749e+02
   3.0635997e+02   3.0720950e+02
   3.1806869e+02   3.0292664e+02
   2.0545022e+02   2.3210497e+02
   2.2011946e+02   2.2165069e+02
   2.3814271e+02   2.2436180e+02
   2.5133828e+02   2.3681195e+02
   2.3533458e+02   2.4023038e+02
   2.1913993e+02   2.4034819e+02
   3.1275185e+02   2.3393027e+02
   3.2529341e+02   2.2037707e+02
   3.4376004e+02   2.1807818e+02
   3.5977537e+02   2.2710166e+02
   3.4573409e+02   2.3621899e+02
   3.2908652e+02   2.3773397e+02
   2.4422037e+02   3.4946781e+02
   2.6031807e+02   3.4009791e+02
   2.7769517e+02   3.3421063e+02
   2.9600335e+02   3.3206271e+02
   3.1090038e+02   3.3084066e+02
   3.2530757e+02   3.3371325e+02
   3.3814275e+02   3.4119167e+02
   3.2944151e+02   3.6101125e+02
   3.1491443e+02   3.7697509e+02
   2.9465170e+02   3.8340695e+02
   2.7327163e+02   3.7933199e+02
   2.5502574e+02   3.6788436e+02
   2.5826894e+02   3.4946823e+02
   2.7630378e+02   3.4459115e+02
   2.9486725e+02   3.4401277e+02
   3.1240677e+02   3.4031876e+02
   3.3026619e+02   3.4144212e+02
   3.1619081e+02   3.5816153e+02
   2.9547394e+02   3.6151695e+02
   2.7530380e+02   3.6062792e+02
