   1.8379233e+02   2.3210882e+02
   1.8461794e+02   2.6136672e+02
   1.9003621e+02   2.9021700e+02
   1.9702168e+02   3.1871048e+02
   2.0485488e+02   3.4683384e+02
   2.1900923e+02   3.7251955e+02
   2.3948930e+02   3.9318518e+02
   2.6481655e+02   4.0802811e+02
   2.9331748e+02   4.1294867e+02
   3.2465216e+02   4.0930038e+02
   3.5268724e+02   3.9535307e+02
   3.7648394e+02   3.7435290e+02
   3.9549874e+02   3.4953682e+02
   4.0291822e+02   3.1868833e+02
   4.0758823e+02   2.8757187e+02
   4.0955509e+02   2.5623732e+02
   4.0918822e+02   2.2469415e+02
   1.9173021e+02   2.1585549e+02
   2.0201491e+02   1.9605892e+02
   2.2431309e+02   1.8999381e+02
   2.4745101e+02   1.9067701e+02
   2.6705640e+02   2.0249667e+02
   3.0707388e+02   1.9794183e+02
   3.2523522e+02   1.8613464e+02
   3.4723030e+02   1.8478701e+02
   3.6860726e+02   1.8891863e+02
   3.8405185e+02   2.0365010e+02
   2.8517261e+02   2.2458963e+02
   2.8514074e+02   2.4342241e+02
   2.8494325e+02   2.6232285e+02
   2.8517334e+02   2.8094177e+02
   2.5747910e+02   2.9563222e+02
   2.7081478e+02   3.0224432e+02
   2.8541446e+02   3.0430141e+02
   3.0080725e+02   3.0241631e+02
   3.1455371e+02   2.9587230e+02
   2.1659521e+02   2.3076779e+02
   2.2927597e+02   2.2099477e+02
   2.4537032e+02   2.2119839e+02
   2.5828172e+02   2.3053446e+02
   2.4464179e+02   2.3590706e+02
   2.3003132e+02   2.3632017e+02
   3.1633650e+02   2.2924807e+02
   3.2798599e+02   2.1853787e+02
   3.4406268e+02   2.1877086e+02
   3.5782004e+02   2.2693767e+02
   3.4480353e+02   2.3306548e+02
   3.3030376e+02   2.3302486e+02
   2.4832055e+02   3.4435527e+02
   2.5849845e+02   3.3147813e+02
   2.7071281e+02   3.2067840e+02
   2.8617213e+02   3.2262222e+02
   3.0338320e+02   3.2153407e+02
   3.1840153e+02   3.3055523e+02
   3.3266214e+02   3.4076519e+02
   3.2032827e+02   3.5414363e+02
   3.0445782e+02   3.6265512e+02
   2.8666369e+02   3.6384381e+02
   2.7169626e+02   3.6249691e+02
   2.5837812e+02   3.5551357e+02
   2.5634964e+02   3.4042639e+02
   2.7045532e+02   3.3233126e+02
   2.8641722e+02   3.3104689e+02
   3.0499729e+02   3.3105417e+02
   3.2117346e+02   3.4002450e+02
   3.0422642e+02   3.4360008e+02
   2.8693679e+02   3.4483615e+02
   2.7129581e+02   3.4449796e+02
