   2.4620633e+02   2.5645831e+02
   2.4887766e+02   2.8471369e+02
   2.5251155e+02   3.1289012e+02
   2.5507198e+02   3.4085597e+02
   2.6669551e+02   3.6642854e+02
   2.8609883e+02   3.8693502e+02
   3.0824010e+02   4.0479283e+02
   3.3362142e+02   4.1716681e+02
   3.6132906e+02   4.2068792e+02
   3.8568177e+02   4.1492037e+02
   4.0692048e+02   4.0233364e+02
   4.2602055e+02   3.8608846e+02
   4.4212332e+02   3.6733064e+02
   4.5224898e+02   3.4446483e+02
   4.5762579e+02   3.2010676e+02
   4.6273773e+02   2.9574234e+02
   4.6819879e+02   2.7163463e+02
   2.7062156e+02   2.1052573e+02
   2.8620010e+02   2.0644116e+02
   3.0212346e+02   2.0570201e+02
   3.1818408e+02   2.0685487e+02
   3.3363236e+02   2.1067800e+02
   3.9146607e+02   2.1262628e+02
   4.0783626e+02   2.1001697e+02
   4.2421754e+02   2.0937408e+02
   4.4053223e+02   2.1188670e+02
   4.5473331e+02   2.1975228e+02
   3.6579069e+02   2.3812529e+02
   3.6550437e+02   2.5668159e+02
   3.6597335e+02   2.7514757e+02
   3.6553440e+02   2.9339897e+02
   3.4451799e+02   3.0912871e+02
   3.5519464e+02   3.0987996e+02
   3.6587757e+02   3.1082653e+02
   3.7413418e+02   3.0950947e+02
   3.8258262e+02   3.0877169e+02
   2.9121258e+02   2.4326119e+02
   3.0471388e+02   2.3109196e+02
   3.2282087e+02   2.3220231e+02
   3.3332604e+02   2.4663429e+02
   3.1885720e+02   2.4918162e+02
   3.0426199e+02   2.4939898e+02
   3.9118245e+02   2.4678386e+02
   4.0429069e+02   2.3328080e+02
   4.2324032e+02   2.3399091e+02
   4.3459072e+02   2.4862482e+02
   4.2001193e+02   2.4926747e+02
   4.0561794e+02   2.4811585e+02
   3.2132995e+02   3.4747266e+02
   3.3352503e+02   3.3901022e+02
   3.4749883e+02   3.3430229e+02
   3.6170910e+02   3.3743459e+02
   3.7602586e+02   3.3623823e+02
   3.8876415e+02   3.4375679e+02
   4.0157491e+02   3.5109713e+02
   3.8985904e+02   3.5939185e+02
   3.7641488e+02   3.6440944e+02
   3.6246525e+02   3.6710429e+02
   3.4766144e+02   3.6303005e+02
   3.3378672e+02   3.5652199e+02
   3.3926106e+02   3.4428057e+02
   3.5001789e+02   3.4579677e+02
   3.6078434e+02   3.4563561e+02
   3.7048327e+02   3.4579824e+02
   3.8003336e+02   3.4659349e+02
   3.7064708e+02   3.4672222e+02
   3.6123748e+02   3.4650931e+02
   3.5001416e+02   3.4683888e+02
