   2.4653335e+02   2.5493488e+02
   2.4908301e+02   2.8335542e+02
   2.5260262e+02   3.1169479e+02
   2.5503069e+02   3.3979167e+02
   2.6673999e+02   3.6547842e+02
   2.8709353e+02   3.8533725e+02
   3.0845880e+02   4.0403802e+02
   3.3541421e+02   4.1175565e+02
   3.6363531e+02   4.1515364e+02
   3.8715413e+02   4.0865791e+02
   4.0830951e+02   3.9674975e+02
   4.2903494e+02   3.8394748e+02
   4.4367995e+02   3.6478380e+02
   4.5332507e+02   3.4231568e+02
   4.5843895e+02   3.1867316e+02
   4.6360927e+02   2.9482616e+02
   4.6907202e+02   2.7123665e+02
   2.7124090e+02   2.0899308e+02
   2.8582531e+02   2.0114162e+02
   3.0201819e+02   1.9791670e+02
   3.1836516e+02   2.0080430e+02
   3.3423007e+02   2.0536664e+02
   3.9080482e+02   2.0947953e+02
   4.0710185e+02   2.0588021e+02
   4.2363866e+02   2.0665092e+02
   4.4019375e+02   2.0893037e+02
   4.5427437e+02   2.1726230e+02
   3.6654129e+02   2.3713406e+02
   3.6615425e+02   2.5536354e+02
   3.6654093e+02   2.7353471e+02
   3.6677668e+02   2.9153326e+02
   3.4515984e+02   3.0517562e+02
   3.5558444e+02   3.0613315e+02
   3.6580447e+02   3.0766905e+02
   3.7548848e+02   3.0683468e+02
   3.8480639e+02   3.0478776e+02
   2.9246965e+02   2.3973248e+02
   3.0528299e+02   2.2817506e+02
   3.2273233e+02   2.2902696e+02
   3.3459950e+02   2.4153215e+02
   3.2028424e+02   2.4504956e+02
   3.0577551e+02   2.4540610e+02
   3.9370117e+02   2.4362768e+02
   4.0713096e+02   2.3179698e+02
   4.2513227e+02   2.3375883e+02
   4.3451016e+02   2.4861786e+02
   4.2067869e+02   2.4876324e+02
   4.0708978e+02   2.4671999e+02
   3.2035079e+02   3.4470688e+02
   3.3342849e+02   3.3533937e+02
   3.4821206e+02   3.2918435e+02
   3.6388489e+02   3.3112332e+02
   3.7745468e+02   3.2885309e+02
   3.8955364e+02   3.3585166e+02
   3.9943471e+02   3.4579068e+02
   3.8825503e+02   3.5325279e+02
   3.7597492e+02   3.5840134e+02
   3.6290609e+02   3.6043534e+02
   3.4765690e+02   3.5839092e+02
   3.3354283e+02   3.5251124e+02
   3.3750055e+02   3.4323734e+02
   3.5091630e+02   3.4223457e+02
   3.6422015e+02   3.4250392e+02
   3.7396853e+02   3.4229526e+02
   3.8339247e+02   3.4437229e+02
   3.7382210e+02   3.4325166e+02
   3.6423725e+02   3.4335820e+02
   3.5081502e+02   3.4337388e+02
