   2.4644098e+02   2.5524597e+02
   2.4897553e+02   2.8312527e+02
   2.5254834e+02   3.1091680e+02
   2.5486791e+02   3.3877043e+02
   2.6574438e+02   3.6424858e+02
   2.8535758e+02   3.8398035e+02
   3.0615313e+02   4.0274041e+02
   3.3090208e+02   4.1564257e+02
   3.5836824e+02   4.1674200e+02
   3.8320573e+02   4.1556661e+02
   4.0531429e+02   4.0320755e+02
   4.2495365e+02   3.8715258e+02
   4.4185553e+02   3.6815992e+02
   4.5250219e+02   3.4524485e+02
   4.5815395e+02   3.2046132e+02
   4.6341794e+02   2.9562914e+02
   4.6905024e+02   2.7106107e+02
   2.7105138e+02   2.0924268e+02
   2.8605778e+02   2.0277362e+02
   3.0207668e+02   2.0053533e+02
   3.1814276e+02   2.0272890e+02
   3.3405949e+02   2.0593108e+02
   3.9220109e+02   2.1161260e+02
   4.0815837e+02   2.0799647e+02
   4.2441671e+02   2.0681807e+02
   4.4048322e+02   2.0914414e+02
   4.5430122e+02   2.1732148e+02
   3.6642852e+02   2.3717855e+02
   3.6609518e+02   2.5600504e+02
   3.6651068e+02   2.7472653e+02
   3.6558221e+02   2.9319966e+02
   3.4416720e+02   3.0595431e+02
   3.5474012e+02   3.0811778e+02
   3.6531272e+02   3.0931266e+02
   3.7429257e+02   3.0894525e+02
   3.8312744e+02   3.0798601e+02
   2.9226632e+02   2.4018223e+02
   3.0514408e+02   2.2853138e+02
   3.2267563e+02   2.2938472e+02
   3.3441403e+02   2.4208819e+02
   3.2008256e+02   2.4552264e+02
   3.0555835e+02   2.4588769e+02
   3.9341112e+02   2.4386820e+02
   4.0679461e+02   2.3182314e+02
   4.2491517e+02   2.3361842e+02
   4.3596381e+02   2.4754360e+02
   4.2161315e+02   2.4869903e+02
   4.0746859e+02   2.4634503e+02
   3.2270725e+02   3.4797823e+02
   3.3468830e+02   3.3947366e+02
   3.4839573e+02   3.3458750e+02
   3.6260345e+02   3.3634426e+02
   3.7590931e+02   3.3623692e+02
   3.8756386e+02   3.4318822e+02
   3.9897932e+02   3.5052241e+02
   3.8728775e+02   3.5595548e+02
   3.7497207e+02   3.5989862e+02
   3.6234538e+02   3.6249548e+02
   3.4815852e+02   3.6068852e+02
   3.3515960e+02   3.5497500e+02
   3.3824108e+02   3.4538693e+02
   3.5068371e+02   3.4417185e+02
   3.6311872e+02   3.4489605e+02
   3.7172195e+02   3.4523023e+02
   3.8026755e+02   3.4564172e+02
   3.7167064e+02   3.4615107e+02
   3.6318575e+02   3.4575850e+02
   3.5066809e+02   3.4500418e+02
