   1.7963286e+02   2.1213255e+02
   1.8217261e+02   2.4273229e+02
   1.9078566e+02   2.7185148e+02
   2.0030422e+02   3.0082317e+02
   2.0975659e+02   3.2978753e+02
   2.2586237e+02   3.5560724e+02
   2.4713036e+02   3.7745062e+02
   2.7455976e+02   3.9079815e+02
   3.0441824e+02   3.9487829e+02
   3.3306256e+02   3.8976539e+02
   3.5735824e+02   3.7388401e+02
   3.7594180e+02   3.5130569e+02
   3.9242089e+02   3.2732680e+02
   4.0285007e+02   3.0025896e+02
   4.0956271e+02   2.7185273e+02
   4.1410477e+02   2.4295564e+02
   4.1626054e+02   2.1393888e+02
   2.0413853e+02   1.8000534e+02
   2.1620722e+02   1.7348741e+02
   2.2917282e+02   1.6897051e+02
   2.4274959e+02   1.6674317e+02
   2.5634348e+02   1.6667772e+02
   3.2981626e+02   1.6711595e+02
   3.4444185e+02   1.6466983e+02
   3.5928908e+02   1.6388895e+02
   3.7328648e+02   1.6836558e+02
   3.8642632e+02   1.7513318e+02
   2.9550622e+02   2.0233680e+02
   2.9529499e+02   2.2389135e+02
   2.9637606e+02   2.4514754e+02
   2.9638670e+02   2.6653110e+02
   2.7459767e+02   2.7724218e+02
   2.8605012e+02   2.8031169e+02
   2.9772848e+02   2.8166514e+02
   3.0892807e+02   2.7962919e+02
   3.1949307e+02   2.7591426e+02
   2.2553668e+02   2.0634243e+02
   2.3915792e+02   1.9572644e+02
   2.5646228e+02   1.9747287e+02
   2.6830864e+02   2.0991787e+02
   2.5365778e+02   2.1430335e+02
   2.3844787e+02   2.1394437e+02
   3.2670235e+02   2.0679582e+02
   3.3963718e+02   1.9585795e+02
   3.5629076e+02   1.9414082e+02
   3.6860770e+02   2.0503434e+02
   3.5523062e+02   2.1092959e+02
   3.4067130e+02   2.1083050e+02
   2.6023551e+02   3.2034523e+02
   2.7351157e+02   3.1330446e+02
   2.8673772e+02   3.0643407e+02
   3.0039687e+02   3.1060192e+02
   3.1296467e+02   3.0450061e+02
   3.2665488e+02   3.0924982e+02
   3.3924857e+02   3.1633932e+02
   3.2735834e+02   3.2365272e+02
   3.1509436e+02   3.3024666e+02
   3.0169346e+02   3.3387941e+02
   2.8676849e+02   3.3348727e+02
   2.7268613e+02   3.2846565e+02
   2.7757972e+02   3.1813101e+02
   2.8923471e+02   3.1677873e+02
   3.0085512e+02   3.1724717e+02
   3.1073917e+02   3.1549416e+02
   3.2062506e+02   3.1553101e+02
   3.1058792e+02   3.1588894e+02
   3.0081925e+02   3.1784252e+02
   2.8913472e+02   3.1733850e+02
