   1.7956120e+02   2.1217939e+02
   1.8210830e+02   2.4279285e+02
   1.9073029e+02   2.7192114e+02
   2.0026001e+02   3.0090702e+02
   2.0972374e+02   3.2988553e+02
   2.2583903e+02   3.5570917e+02
   2.4710955e+02   3.7757197e+02
   2.7455428e+02   3.9092620e+02
   3.0442862e+02   3.9497331e+02
   3.3310220e+02   3.8989634e+02
   3.5741704e+02   3.7401188e+02
   3.7599406e+02   3.5140464e+02
   3.9248122e+02   3.2740652e+02
   4.0292897e+02   3.0032327e+02
   4.0960772e+02   2.7189152e+02
   4.1414875e+02   2.4296953e+02
   4.1631701e+02   2.1393468e+02
   2.0407757e+02   1.8006917e+02
   2.1612894e+02   1.7353031e+02
   2.2908815e+02   1.6901373e+02
   2.4265956e+02   1.6678280e+02
   2.5625013e+02   1.6669351e+02
   3.2981256e+02   1.6712611e+02
   3.4444465e+02   1.6468189e+02
   3.5929424e+02   1.6388497e+02
   3.7329615e+02   1.6837311e+02
   3.8644017e+02   1.7514324e+02
   2.9548650e+02   2.0235573e+02
   2.9527933e+02   2.2391445e+02
   2.9636484e+02   2.4517680e+02
   2.9638630e+02   2.6656345e+02
   2.7454627e+02   2.7726713e+02
   2.8602013e+02   2.8036184e+02
   2.9772578e+02   2.8172054e+02
   3.0896524e+02   2.7966907e+02
   3.1956588e+02   2.7592903e+02
   2.2548522e+02   2.0637733e+02
   2.3910608e+02   1.9575915e+02
   2.5641603e+02   1.9751453e+02
   2.6828905e+02   2.0993987e+02
   2.5362902e+02   2.1433474e+02
   2.3840317e+02   2.1398225e+02
   3.2669805e+02   2.0681055e+02
   3.3963483e+02   1.9588915e+02
   3.5627936e+02   1.9416594e+02
   3.6861189e+02   2.0502340e+02
   3.5523671e+02   2.1094302e+02
   3.4067149e+02   2.1084505e+02
   2.6028454e+02   3.2049464e+02
   2.7355744e+02   3.1346176e+02
   2.8676278e+02   3.0653954e+02
   3.0041391e+02   3.1069680e+02
   3.1296597e+02   3.0456959e+02
   3.2664573e+02   3.0934924e+02
   3.3921980e+02   3.1649277e+02
   3.2731526e+02   3.2372554e+02
   3.1509101e+02   3.3028525e+02
   3.0173634e+02   3.3389375e+02
   2.8682330e+02   3.3356027e+02
   2.7275144e+02   3.2857069e+02
   2.7766600e+02   3.1825889e+02
   2.8928182e+02   3.1691066e+02
   3.0086097e+02   3.1737919e+02
   3.1068151e+02   3.1560778e+02
   3.2050270e+02   3.1562066e+02
   3.1052326e+02   3.1588057e+02
   3.0084239e+02   3.1784386e+02
   2.8921681e+02   3.1733457e+02
