   2.0599395e+02   2.3980043e+02
   2.0731854e+02   2.6850671e+02
   2.1459197e+02   2.9622261e+02
   2.2067350e+02   3.2449071e+02
   2.3056510e+02   3.5139960e+02
   2.4521234e+02   3.7602762e+02
   2.6679529e+02   3.9483136e+02
   2.9313756e+02   4.0623465e+02
   3.2145249e+02   4.0954307e+02
   3.4852141e+02   4.0587078e+02
   3.7272006e+02   3.9372336e+02
   3.9195003e+02   3.7422957e+02
   4.0856627e+02   3.5289764e+02
   4.1883454e+02   3.2767746e+02
   4.2337742e+02   3.0076934e+02
   4.2665481e+02   2.7357080e+02
   4.2880256e+02   2.4656065e+02
   2.2254193e+02   2.1433445e+02
   2.3215633e+02   2.0304719e+02
   2.4622537e+02   1.9803119e+02
   2.6107729e+02   1.9498255e+02
   2.7601314e+02   1.9480503e+02
   3.4093820e+02   1.9451241e+02
   3.5562406e+02   1.9307555e+02
   3.7023589e+02   1.9326234e+02
   3.8455372e+02   1.9658592e+02
   3.9739144e+02   2.0327654e+02
   3.0784729e+02   2.2790358e+02
   3.0872681e+02   2.4626277e+02
   3.0952321e+02   2.6449480e+02
   3.0955227e+02   2.8265039e+02
   2.9172960e+02   2.9708225e+02
   3.0084974e+02   2.9748977e+02
   3.0997867e+02   2.9750418e+02
   3.2069572e+02   2.9751387e+02
   3.3119851e+02   2.9792571e+02
   2.4503765e+02   2.3470240e+02
   2.5808733e+02   2.2355584e+02
   2.7512082e+02   2.2385112e+02
   2.8790167e+02   2.3512101e+02
   2.7345098e+02   2.3688750e+02
   2.5890764e+02   2.3814143e+02
   3.4137483e+02   2.3002103e+02
   3.5429394e+02   2.1825725e+02
   3.7169589e+02   2.1731436e+02
   3.8381427e+02   2.2916651e+02
   3.6975861e+02   2.3118005e+02
   3.5541929e+02   2.3114283e+02
   2.7913121e+02   3.4255145e+02
   2.8653510e+02   3.2993103e+02
   2.9848398e+02   3.2170071e+02
   3.1282313e+02   3.2118616e+02
   3.2905036e+02   3.2030737e+02
   3.4348688e+02   3.2830284e+02
   3.5679611e+02   3.3795571e+02
   3.4314883e+02   3.4425620e+02
   3.2962056e+02   3.5074489e+02
   3.1513876e+02   3.5454610e+02
   3.0186722e+02   3.5417345e+02
   2.8933199e+02   3.5027771e+02
   2.9299886e+02   3.3873262e+02
   3.0258029e+02   3.3308679e+02
   3.1381612e+02   3.3245149e+02
   3.2573171e+02   3.3140970e+02
   3.3640615e+02   3.3571572e+02
   3.2577471e+02   3.3834667e+02
   3.1499923e+02   3.3987278e+02
   3.0378559e+02   3.3973662e+02
