   2.0601999e+02   2.3984778e+02
   2.0734528e+02   2.6856943e+02
   2.1462258e+02   2.9630016e+02
   2.2070734e+02   3.2458338e+02
   2.3060422e+02   3.5150667e+02
   2.4525927e+02   3.7614788e+02
   2.6685376e+02   3.9496169e+02
   2.9321011e+02   4.0637110e+02
   3.2154019e+02   4.0968131e+02
   3.4862360e+02   4.0600707e+02
   3.7283519e+02   3.9385317e+02
   3.9207547e+02   3.7434896e+02
   4.0870061e+02   3.5300564e+02
   4.1897439e+02   3.2777197e+02
   4.2351972e+02   3.0084945e+02
   4.2679888e+02   2.7363637e+02
   4.2894780e+02   2.4661177e+02
   2.2257685e+02   2.1436819e+02
   2.3219639e+02   2.0307490e+02
   2.4627310e+02   1.9805578e+02
   2.6113284e+02   1.9500596e+02
   2.7607668e+02   1.9482836e+02
   3.4104112e+02   1.9470999e+02
   3.5573019e+02   1.9309801e+02
   3.7034983e+02   1.9328491e+02
   3.8467532e+02   1.9661027e+02
   3.9751990e+02   2.0330448e+02
   3.0792783e+02   2.2794464e+02
   3.0880781e+02   2.4631365e+02
   3.0960463e+02   2.6455544e+02
   3.0963369e+02   2.8272074e+02
   2.9180148e+02   2.9716031e+02
   3.0092649e+02   2.9756806e+02
   3.1006031e+02   2.9758247e+02
   3.2078309e+02   2.9759218e+02
   3.3129150e+02   2.9800424e+02
   2.4508459e+02   2.3474706e+02
   2.5814126e+02   2.2359454e+02
   2.7518386e+02   2.2388999e+02
   2.8797154e+02   2.3516591e+02
   2.7351312e+02   2.3693335e+02
   2.5896200e+02   2.3818794e+02
   3.4147331e+02   2.3006325e+02
   3.5439934e+02   2.1829318e+02
   3.7181060e+02   2.1734980e+02
   3.8393546e+02   2.2920829e+02
   3.6987227e+02   2.3122291e+02
   3.5552528e+02   2.3118566e+02
   2.7823335e+02   3.4231815e+02
   2.8622457e+02   3.2974910e+02
   2.9863705e+02   3.2177169e+02
   3.1330451e+02   3.2164229e+02
   3.2955785e+02   3.2094151e+02
   3.4413280e+02   3.2877620e+02
   3.5769830e+02   3.3800798e+02
   3.4355239e+02   3.4238292e+02
   3.2963710e+02   3.4762150e+02
   3.1520506e+02   3.5092687e+02
   3.0222202e+02   3.5055945e+02
   2.8959221e+02   3.4776326e+02
   2.9241041e+02   3.3795463e+02
   3.0309755e+02   3.3426865e+02
   3.1450065e+02   3.3335752e+02
   3.2619535e+02   3.3277606e+02
   3.3740169e+02   3.3402504e+02
   3.2623665e+02   3.3523070e+02
   3.1518315e+02   3.3607904e+02
   3.0360051e+02   3.3664734e+02
