   2.0608985e+02   2.3990871e+02
   2.0741332e+02   2.6860909e+02
   2.1468441e+02   2.9631946e+02
   2.2076384e+02   3.2458189e+02
   2.3065259e+02   3.5148549e+02
   2.4529605e+02   3.7610884e+02
   2.6687396e+02   3.9490933e+02
   2.9321043e+02   4.0631104e+02
   3.2151940e+02   4.0961963e+02
   3.4858282e+02   4.0594890e+02
   3.7277681e+02   3.9380472e+02
   3.9200338e+02   3.7431554e+02
   4.0861682e+02   3.5298854e+02
   4.1888371e+02   3.2777389e+02
   4.2342645e+02   3.0087148e+02
   4.2670397e+02   2.7367868e+02
   4.2885208e+02   2.4667419e+02
   2.2263517e+02   2.1444851e+02
   2.3224791e+02   2.0316388e+02
   2.4631436e+02   1.9814872e+02
   2.6116312e+02   1.9510177e+02
   2.7609588e+02   1.9492474e+02
   3.4101632e+02   1.9496704e+02
   3.5569035e+02   1.9319799e+02
   3.7029915e+02   1.9338518e+02
   3.8461391e+02   1.9670850e+02
   3.9744876e+02   2.0339811e+02
   3.0792244e+02   2.2801738e+02
   3.0880123e+02   2.4637279e+02
   3.0959693e+02   2.6460106e+02
   3.0962543e+02   2.8275289e+02
   2.9180603e+02   2.9718123e+02
   3.0092426e+02   2.9758894e+02
   3.1005130e+02   2.9760361e+02
   3.2076613e+02   2.9761362e+02
   3.3126673e+02   2.9802569e+02
   2.4512562e+02   2.3481291e+02
   2.5817293e+02   2.2366905e+02
   2.7520288e+02   2.2396478e+02
   2.8798074e+02   2.3523271e+02
   2.7353299e+02   2.3699841e+02
   2.5899263e+02   2.3825165e+02
   3.4144297e+02   2.3013539e+02
   3.5435976e+02   2.1837444e+02
   3.7175812e+02   2.1743226e+02
   3.8387364e+02   2.2928231e+02
   3.6982083e+02   2.3129502e+02
   3.5548449e+02   2.3125738e+02
   2.7782377e+02   3.4217720e+02
   2.8611534e+02   3.2969009e+02
   2.9865655e+02   3.2176915e+02
   3.1339880e+02   3.2174323e+02
   3.2961942e+02   3.2108367e+02
   3.4421028e+02   3.2884938e+02
   3.5796811e+02   3.3778598e+02
   3.4360022e+02   3.4160381e+02
   3.2956150e+02   3.4653736e+02
   3.1508783e+02   3.4969605e+02
   3.0222871e+02   3.4938783e+02
   2.8962794e+02   3.4684330e+02
   2.9245366e+02   3.3740951e+02
   3.0337554e+02   3.3446872e+02
   3.1464783e+02   3.3356839e+02
   3.2610889e+02   3.3306009e+02
   3.3736928e+02   3.3333379e+02
   3.2611938e+02   3.3423592e+02
   3.1502667e+02   3.3495422e+02
   3.0353264e+02   3.3564716e+02
