   1.7216482e+02   2.1119904e+02
   1.7363695e+02   2.4201321e+02
   1.7689761e+02   2.7249456e+02
   1.8108438e+02   3.0275471e+02
   1.9116377e+02   3.3151919e+02
   2.1147532e+02   3.5457235e+02
   2.3293728e+02   3.7633076e+02
   2.5831249e+02   3.9316926e+02
   2.8818931e+02   3.9740406e+02
   3.1783993e+02   3.9225338e+02
   3.4332282e+02   3.7580304e+02
   3.6521850e+02   3.5494629e+02
   3.8338926e+02   3.3086597e+02
   3.9173232e+02   3.0185706e+02
   3.9509976e+02   2.7153428e+02
   3.9678947e+02   2.4123585e+02
   3.9838744e+02   2.1117514e+02
   1.8603434e+02   1.8138356e+02
   1.9868387e+02   1.6971380e+02
   2.1668941e+02   1.7011314e+02
   2.3410355e+02   1.7490492e+02
   2.5157176e+02   1.7917662e+02
   3.0647851e+02   1.7878591e+02
   3.2467398e+02   1.7406935e+02
   3.4290192e+02   1.6972815e+02
   3.6153734e+02   1.7045806e+02
   3.7469169e+02   1.8264091e+02
   2.7854891e+02   1.9771833e+02
   2.7913862e+02   2.1922348e+02
   2.7958721e+02   2.4068067e+02
   2.7997090e+02   2.6201048e+02
   2.5433497e+02   2.7635432e+02
   2.6718766e+02   2.7956025e+02
   2.8031782e+02   2.8016501e+02
   2.9473174e+02   2.7920386e+02
   3.0871617e+02   2.7621883e+02
   2.0864199e+02   2.0132950e+02
   2.2142056e+02   1.9306270e+02
   2.3648148e+02   1.9345297e+02
   2.4823288e+02   2.0285116e+02
   2.3489361e+02   2.0646244e+02
   2.2115557e+02   2.0672394e+02
   3.1206813e+02   2.0056648e+02
   3.2430711e+02   1.9100790e+02
   3.3981403e+02   1.9102184e+02
   3.5248411e+02   1.9976456e+02
   3.3970556e+02   2.0513738e+02
   3.2568376e+02   2.0358347e+02
   2.3806482e+02   3.1849346e+02
   2.5134308e+02   3.1036114e+02
   2.6609535e+02   3.0518656e+02
   2.8128092e+02   3.0733941e+02
   2.9762152e+02   3.0426563e+02
   3.1387897e+02   3.0886878e+02
   3.2965717e+02   3.1381914e+02
   3.1488998e+02   3.2125991e+02
   2.9944806e+02   3.2666819e+02
   2.8317577e+02   3.2817532e+02
   2.6753096e+02   3.2767791e+02
   2.5244340e+02   3.2386330e+02
   2.4847702e+02   3.1735162e+02
   2.6585015e+02   3.1496328e+02
   2.8310207e+02   3.1732534e+02
   3.0000842e+02   3.1360191e+02
   3.1712766e+02   3.1506319e+02
   2.9971085e+02   3.1451837e+02
   2.8289129e+02   3.1848421e+02
   2.6562082e+02   3.1604039e+02
