   1.7221979e+02   2.1090195e+02
   1.7367956e+02   2.4172827e+02
   1.7644865e+02   2.7227132e+02
   1.8093188e+02   3.0250385e+02
   1.9108087e+02   3.3127886e+02
   2.1105296e+02   3.5459756e+02
   2.3218892e+02   3.7666641e+02
   2.5757326e+02   3.9354601e+02
   2.8744436e+02   3.9743817e+02
   3.1730469e+02   3.9284050e+02
   3.4300211e+02   3.7652919e+02
   3.6480145e+02   3.5531596e+02
   3.8297973e+02   3.3106297e+02
   3.9144103e+02   3.0193030e+02
   3.9492116e+02   2.7150487e+02
   3.9674011e+02   2.4106907e+02
   3.9862088e+02   2.1089842e+02
   1.8590966e+02   1.8100331e+02
   1.9860804e+02   1.6935795e+02
   2.1656705e+02   1.6985755e+02
   2.3397110e+02   1.7464946e+02
   2.5142283e+02   1.7892718e+02
   3.0637320e+02   1.7858816e+02
   3.2462294e+02   1.7397780e+02
   3.4287631e+02   1.6967420e+02
   3.6154541e+02   1.7018830e+02
   3.7461453e+02   1.8243314e+02
   2.7851541e+02   1.9728116e+02
   2.7917308e+02   2.1865565e+02
   2.7953890e+02   2.4000798e+02
   2.7987285e+02   2.6122039e+02
   2.5410794e+02   2.7609547e+02
   2.6696925e+02   2.7941882e+02
   2.8011131e+02   2.8001945e+02
   2.9462291e+02   2.7902128e+02
   3.0859522e+02   2.7566719e+02
   2.0886734e+02   2.0113377e+02
   2.2149773e+02   1.9290122e+02
   2.3640548e+02   1.9309130e+02
   2.4805254e+02   2.0240952e+02
   2.3490768e+02   2.0617455e+02
   2.2127033e+02   2.0647742e+02
   3.1250690e+02   2.0023886e+02
   3.2476298e+02   1.9093677e+02
   3.4003245e+02   1.9098651e+02
   3.5253545e+02   1.9965784e+02
   3.3980609e+02   2.0477105e+02
   3.2596223e+02   2.0324532e+02
   2.3812230e+02   3.1951968e+02
   2.5099793e+02   3.1060124e+02
   2.6572351e+02   3.0505002e+02
   2.8109645e+02   3.0702966e+02
   2.9753104e+02   3.0421639e+02
   3.1376078e+02   3.0887723e+02
   3.2925640e+02   3.1461494e+02
   3.1443701e+02   3.2173471e+02
   2.9913720e+02   3.2740543e+02
   2.8294623e+02   3.2898085e+02
   2.6744981e+02   3.2842870e+02
   2.5248551e+02   3.2447737e+02
   2.4922541e+02   3.1758944e+02
   2.6602451e+02   3.1470336e+02
   2.8284599e+02   3.1693236e+02
   2.9942836e+02   3.1343838e+02
   3.1614431e+02   3.1522868e+02
   2.9915726e+02   3.1465498e+02
   2.8271267e+02   3.1859989e+02
   2.6588213e+02   3.1611192e+02
