   1.7229354e+02   2.1083847e+02
   1.7377452e+02   2.4163636e+02
   1.7610003e+02   2.7219693e+02
   1.8089846e+02   3.0236084e+02
   1.9113482e+02   3.3109865e+02
   2.1077874e+02   3.5462375e+02
   2.3154501e+02   3.7698353e+02
   2.5688069e+02   3.9391894e+02
   2.8670945e+02   3.9750016e+02
   3.1674559e+02   3.9341037e+02
   3.4259725e+02   3.7716771e+02
   3.6426415e+02   3.5558769e+02
   3.8243242e+02   3.3117567e+02
   3.9099820e+02   3.0193619e+02
   3.9457833e+02   2.7142002e+02
   3.9648739e+02   2.4086249e+02
   3.9858411e+02   2.1059813e+02
   1.8567551e+02   1.8090497e+02
   1.9839027e+02   1.6927490e+02
   2.1628546e+02   1.6982306e+02
   2.3366752e+02   1.7457720e+02
   2.5109268e+02   1.7883947e+02
   3.0614821e+02   1.7842637e+02
   3.2441928e+02   1.7390294e+02
   3.4266728e+02   1.6962604e+02
   3.6134452e+02   1.6994174e+02
   3.7428585e+02   1.8225209e+02
   2.7831645e+02   1.9699958e+02
   2.7910283e+02   2.1822692e+02
   2.7941319e+02   2.3945460e+02
   2.7970795e+02   2.6053329e+02
   2.5386612e+02   2.7589343e+02
   2.6671491e+02   2.7930883e+02
   2.7984073e+02   2.7989493e+02
   2.9443452e+02   2.7884900e+02
   3.0837085e+02   2.7511165e+02
   2.0901214e+02   2.0119362e+02
   2.2145299e+02   1.9297948e+02
   2.3619083e+02   1.9298163e+02
   2.4774470e+02   2.0216555e+02
   2.3482488e+02   2.0615106e+02
   2.2129583e+02   2.0648632e+02
   3.1279372e+02   2.0003086e+02
   3.2506052e+02   1.9096268e+02
   3.4010995e+02   1.9100493e+02
   3.5245647e+02   1.9960693e+02
   3.3978390e+02   2.0452675e+02
   3.2610053e+02   2.0306344e+02
   2.3834328e+02   3.2060895e+02
   2.5075019e+02   3.1086602e+02
   2.6540521e+02   3.0491249e+02
   2.8093173e+02   3.0674853e+02
   2.9741748e+02   3.0412507e+02
   3.1358941e+02   3.0882473e+02
   3.2876704e+02   3.1533746e+02
   3.1395632e+02   3.2223885e+02
   2.9885204e+02   3.2825609e+02
   2.8276326e+02   3.2990987e+02
   2.6744753e+02   3.2936044e+02
   2.5263960e+02   3.2529577e+02
   2.5025921e+02   3.1787630e+02
   2.6637258e+02   3.1455939e+02
   2.8264096e+02   3.1661510e+02
   2.9874320e+02   3.1337258e+02
   3.1492428e+02   3.1534304e+02
   2.9849065e+02   3.1495269e+02
   2.8257549e+02   3.1888837e+02
   2.6632346e+02   3.1637655e+02
