   2.1585719e+02   1.7189041e+02
   2.2015911e+02   2.0426426e+02
   2.2474198e+02   2.3653461e+02
   2.2945579e+02   2.6878055e+02
   2.4017627e+02   2.9930446e+02
   2.5751221e+02   3.2698982e+02
   2.7820562e+02   3.5188183e+02
   3.0425489e+02   3.7118921e+02
   3.3571801e+02   3.7542727e+02
   3.6603921e+02   3.6845588e+02
   3.9028980e+02   3.4886488e+02
   4.0725235e+02   3.2266082e+02
   4.2211391e+02   2.9524951e+02
   4.3222664e+02   2.6581120e+02
   4.3744510e+02   2.3488882e+02
   4.4113289e+02   2.0373336e+02
   4.4335621e+02   1.7281941e+02
   2.4323292e+02   1.4629126e+02
   2.5728208e+02   1.3793831e+02
   2.7353995e+02   1.3591128e+02
   2.8987533e+02   1.3638857e+02
   3.0562710e+02   1.4071207e+02
   3.6095604e+02   1.4440211e+02
   3.7653704e+02   1.4090697e+02
   3.9234306e+02   1.3863550e+02
   4.0799992e+02   1.4100295e+02
   4.2187675e+02   1.4838759e+02
   3.3755308e+02   1.7479149e+02
   3.3932556e+02   1.9117058e+02
   3.4064282e+02   2.0765606e+02
   3.4200811e+02   2.2393360e+02
   3.2238033e+02   2.5063907e+02
   3.3227134e+02   2.5232834e+02
   3.4211873e+02   2.5285718e+02
   3.5087147e+02   2.5117715e+02
   3.5916916e+02   2.4829207e+02
   2.6541847e+02   1.6999042e+02
   2.7706012e+02   1.5909253e+02
   2.9316716e+02   1.5971524e+02
   3.0397255e+02   1.7126428e+02
   2.9122090e+02   1.7806179e+02
   2.7685355e+02   1.7820630e+02
   3.6539349e+02   1.7033293e+02
   3.7789153e+02   1.6066035e+02
   3.9372364e+02   1.6044050e+02
   4.0341895e+02   1.7220598e+02
   3.9074042e+02   1.7837272e+02
   3.7671281e+02   1.7830670e+02
   2.9943004e+02   2.9129987e+02
   3.1175112e+02   2.8360948e+02
   3.2481471e+02   2.7749566e+02
   3.3855285e+02   2.8010161e+02
   3.5159032e+02   2.7670030e+02
   3.6388628e+02   2.8280249e+02
   3.7436558e+02   2.9166501e+02
   3.6679770e+02   3.0588243e+02
   3.5396661e+02   3.1548769e+02
   3.3842988e+02   3.1946087e+02
   3.2161514e+02   3.1585940e+02
   3.0747090e+02   3.0618718e+02
   3.0537411e+02   2.9290309e+02
   3.2120890e+02   2.8791205e+02
   3.3776936e+02   2.8829418e+02
   3.5421254e+02   2.8722645e+02
   3.6965355e+02   2.9235595e+02
   3.5496492e+02   3.0201780e+02
   3.3786627e+02   3.0560021e+02
   3.2024182e+02   3.0244593e+02
