   1.8380636e+02   1.4946947e+02
   1.8327278e+02   1.8002606e+02
   1.8602571e+02   2.1039800e+02
   1.9225489e+02   2.4001782e+02
   2.0398161e+02   2.6819565e+02
   2.2182590e+02   2.9285081e+02
   2.4602183e+02   3.1085682e+02
   2.7340234e+02   3.2400644e+02
   3.0334455e+02   3.2769318e+02
   3.3422002e+02   3.2501581e+02
   3.6319523e+02   3.1455909e+02
   3.8539294e+02   2.9319537e+02
   4.0296038e+02   2.6784915e+02
   4.1300745e+02   2.3864944e+02
   4.1814887e+02   2.0827190e+02
   4.1995391e+02   1.7757285e+02
   4.2013145e+02   1.4672438e+02
   2.0404730e+02   1.1917086e+02
   2.1981986e+02   1.0880827e+02
   2.3805134e+02   1.0380735e+02
   2.5702381e+02   1.0309849e+02
   2.7548632e+02   1.0696145e+02
   3.2444783e+02   1.0209743e+02
   3.4328086e+02   9.9394382e+01
   3.6198221e+02   1.0011407e+02
   3.7994156e+02   1.0581751e+02
   3.9361184e+02   1.1839096e+02
   3.0214339e+02   1.3610795e+02
   3.0179010e+02   1.5268098e+02
   3.0219875e+02   1.6933453e+02
   3.0209589e+02   1.8579567e+02
   2.7975759e+02   2.0767062e+02
   2.9133788e+02   2.0923168e+02
   3.0291431e+02   2.1064034e+02
   3.1477238e+02   2.0984090e+02
   3.2649693e+02   2.0855747e+02
   2.2616694e+02   1.4851226e+02
   2.4210264e+02   1.4276606e+02
   2.5882740e+02   1.4164820e+02
   2.7444202e+02   1.4748526e+02
   2.5819554e+02   1.4823670e+02
   2.4210862e+02   1.4759951e+02
   3.2952835e+02   1.4680546e+02
   3.4426464e+02   1.3956524e+02
   3.6086306e+02   1.3981573e+02
   3.7568793e+02   1.4667409e+02
   3.6016424e+02   1.4638980e+02
   3.4491197e+02   1.4689339e+02
   2.4596061e+02   2.3375018e+02
   2.6464029e+02   2.3167533e+02
   2.8355501e+02   2.2942555e+02
   3.0222761e+02   2.3002215e+02
   3.2273758e+02   2.3065271e+02
   3.4319484e+02   2.3192586e+02
   3.6357845e+02   2.3135050e+02
   3.4835238e+02   2.5174693e+02
   3.2753655e+02   2.6636944e+02
   3.0261307e+02   2.6914043e+02
   2.7985302e+02   2.6599640e+02
   2.6193909e+02   2.5071939e+02
   2.6015052e+02   2.4386459e+02
   2.7434043e+02   2.3686760e+02
   3.0258121e+02   2.3793709e+02
   3.3350645e+02   2.3721293e+02
   3.4854245e+02   2.4423933e+02
   3.3637538e+02   2.5126572e+02
   3.0355468e+02   2.5667093e+02
   2.7239442e+02   2.5086159e+02
