   1.8213305e+02   1.4809761e+02
   1.8152025e+02   1.7880107e+02
   1.8421321e+02   2.0932736e+02
   1.9040343e+02   2.3909066e+02
   2.0213199e+02   2.6742856e+02
   2.2002401e+02   2.9223123e+02
   2.4432058e+02   3.1034464e+02
   2.7172116e+02   3.2381717e+02
   3.0179010e+02   3.2767663e+02
   3.3255518e+02   3.2511412e+02
   3.6077344e+02   3.1311699e+02
   3.8329764e+02   2.9206584e+02
   4.0134544e+02   2.6714487e+02
   4.1100326e+02   2.3786700e+02
   4.1615912e+02   2.0743275e+02
   4.1839619e+02   1.7674478e+02
   4.1858795e+02   1.4594803e+02
   2.0253028e+02   1.1773296e+02
   2.1814027e+02   1.0702405e+02
   2.3661087e+02   1.0241120e+02
   2.5570686e+02   1.0172965e+02
   2.7427843e+02   1.0565893e+02
   3.2236709e+02   1.0100463e+02
   3.4155459e+02   9.8285994e+01
   3.6063263e+02   9.8937068e+01
   3.7888934e+02   1.0464165e+02
   3.9283417e+02   1.1743528e+02
   3.0096459e+02   1.3498704e+02
   3.0056749e+02   1.5162363e+02
   3.0093510e+02   1.6834300e+02
   3.0078971e+02   1.8486791e+02
   2.7830852e+02   2.0677077e+02
   2.8992985e+02   2.0836754e+02
   3.0154771e+02   2.0981131e+02
   3.1345395e+02   2.0903912e+02
   3.2522740e+02   2.0778071e+02
   2.2341151e+02   1.4785412e+02
   2.3976246e+02   1.4375120e+02
   2.5655679e+02   1.4250321e+02
   2.7260216e+02   1.4621057e+02
   2.5608865e+02   1.4697054e+02
   2.3969324e+02   1.4689865e+02
   3.2838169e+02   1.4519295e+02
   3.4324804e+02   1.4062091e+02
   3.5933422e+02   1.4145795e+02
   3.7428056e+02   1.4612078e+02
   3.5886134e+02   1.4592379e+02
   3.4367406e+02   1.4570010e+02
   2.4742235e+02   2.3604674e+02
   2.6451178e+02   2.3184952e+02
   2.8258730e+02   2.2924895e+02
   3.0060657e+02   2.3001041e+02
   3.2003787e+02   2.3045798e+02
   3.3922211e+02   2.3284753e+02
   3.5808667e+02   2.3443067e+02
   3.4481007e+02   2.5429228e+02
   3.2484252e+02   2.6756868e+02
   3.0131047e+02   2.6988506e+02
   2.7956671e+02   2.6668438e+02
   2.6205845e+02   2.5278883e+02
   2.6086210e+02   2.4453625e+02
   2.7430186e+02   2.3741769e+02
   3.0111922e+02   2.3802224e+02
   3.2994550e+02   2.3794319e+02
   3.4401608e+02   2.4530827e+02
   3.3263188e+02   2.5267335e+02
   3.0220652e+02   2.5742285e+02
   2.7282585e+02   2.5165481e+02
