   1.6385427e+02   2.3543036e+02
   1.6634579e+02   2.6915222e+02
   1.7447242e+02   3.0180641e+02
   1.8391503e+02   3.3443399e+02
   1.9692147e+02   3.6540127e+02
   2.1785234e+02   3.9187095e+02
   2.4389782e+02   4.1324449e+02
   2.7259124e+02   4.3092139e+02
   3.0535603e+02   4.3384545e+02
   3.3567852e+02   4.2795511e+02
   3.6054967e+02   4.0972005e+02
   3.8088652e+02   3.8596571e+02
   3.9736025e+02   3.5984188e+02
   4.0846727e+02   3.3078079e+02
   4.1471377e+02   3.0040064e+02
   4.2023631e+02   2.6965631e+02
   4.2506068e+02   2.3907045e+02
   1.9201596e+02   2.0381965e+02
   2.0697130e+02   1.9107207e+02
   2.2613249e+02   1.8629232e+02
   2.4603935e+02   1.8698032e+02
   2.6460899e+02   1.9324964e+02
   3.3324396e+02   1.9367939e+02
   3.5274036e+02   1.8867588e+02
   3.7286465e+02   1.8823606e+02
   3.9232550e+02   1.9256603e+02
   4.0364089e+02   2.0818784e+02
   3.0201027e+02   2.2052205e+02
   3.0376532e+02   2.4320419e+02
   3.0505355e+02   2.6575992e+02
   3.0466016e+02   2.8827662e+02
   2.7695772e+02   3.0082729e+02
   2.8929259e+02   3.0292563e+02
   3.0162974e+02   3.0377166e+02
   3.1383323e+02   3.0339065e+02
   3.2537964e+02   2.9995057e+02
   2.2061776e+02   2.3021344e+02
   2.3454555e+02   2.1712779e+02
   2.5407182e+02   2.1870255e+02
   2.6813449e+02   2.3196624e+02
   2.5212915e+02   2.3639462e+02
   2.3558277e+02   2.3653204e+02
   3.2797011e+02   2.3239730e+02
   3.4352707e+02   2.2096524e+02
   3.6257583e+02   2.2059229e+02
   3.7592675e+02   2.3371007e+02
   3.6020649e+02   2.3884740e+02
   3.4363088e+02   2.3784151e+02
   2.5238197e+02   3.5280932e+02
   2.6860628e+02   3.4466967e+02
   2.8460697e+02   3.3616331e+02
   3.0026860e+02   3.4283322e+02
   3.1458140e+02   3.3558922e+02
   3.2969273e+02   3.4344408e+02
   3.4460924e+02   3.5129145e+02
   3.3121549e+02   3.6270336e+02
   3.1649519e+02   3.7192213e+02
   2.9949143e+02   3.7432757e+02
   2.8169850e+02   3.7288661e+02
   2.6583960e+02   3.6466238e+02
   2.7066224e+02   3.4997386e+02
   2.8603924e+02   3.4814222e+02
   3.0111187e+02   3.5029250e+02
   3.1437790e+02   3.4908672e+02
   3.2754769e+02   3.5030861e+02
   3.1423442e+02   3.4942668e+02
   3.0111175e+02   3.5096973e+02
   2.8591802e+02   3.4928452e+02
