   2.0044482e+02   2.4136857e+02
   2.0427360e+02   2.6696476e+02
   2.0975910e+02   2.9207697e+02
   2.1644340e+02   3.1680986e+02
   2.2694999e+02   3.4011968e+02
   2.4448932e+02   3.5863885e+02
   2.6660734e+02   3.7161790e+02
   2.8995409e+02   3.8209405e+02
   3.1514105e+02   3.8338121e+02
   3.3967909e+02   3.8148965e+02
   3.6226263e+02   3.7210598e+02
   3.8075358e+02   3.5610301e+02
   3.9301088e+02   3.3496094e+02
   4.0127284e+02   3.1187312e+02
   4.0738337e+02   2.8799526e+02
   4.1282166e+02   2.6399919e+02
   4.1712350e+02   2.3998158e+02
   2.1909335e+02   2.0803634e+02
   2.3001249e+02   1.9429860e+02
   2.4734200e+02   1.8985983e+02
   2.6526053e+02   1.9118804e+02
   2.8304796e+02   1.9161650e+02
   3.3756980e+02   1.8847993e+02
   3.5345828e+02   1.8663960e+02
   3.6936551e+02   1.8706390e+02
   3.8517916e+02   1.8862375e+02
   3.9635153e+02   1.9911943e+02
   3.1176957e+02   2.1574921e+02
   3.1295710e+02   2.3248497e+02
   3.1267268e+02   2.4936034e+02
   3.1328749e+02   2.6601526e+02
   2.8578668e+02   2.8402779e+02
   2.9994853e+02   2.8417866e+02
   3.1399563e+02   2.8537988e+02
   3.2627935e+02   2.8333353e+02
   3.3854870e+02   2.8267035e+02
   2.4003371e+02   2.2686116e+02
   2.5382616e+02   2.1835686e+02
   2.7004258e+02   2.2039120e+02
   2.8318129e+02   2.2982780e+02
   2.6831443e+02   2.3213432e+02
   2.5343872e+02   2.3263634e+02
   3.3698809e+02   2.2646662e+02
   3.5009059e+02   2.1635402e+02
   3.6626889e+02   2.1432096e+02
   3.8020565e+02   2.2261709e+02
   3.6662054e+02   2.2846185e+02
   3.5182034e+02   2.2746291e+02
   2.7311740e+02   3.1820047e+02
   2.8567312e+02   3.1017292e+02
   2.9902989e+02   3.0358735e+02
   3.1341139e+02   3.0512995e+02
   3.2773115e+02   3.0195873e+02
   3.4124969e+02   3.0870983e+02
   3.5381879e+02   3.1683000e+02
   3.4090597e+02   3.2155626e+02
   3.2853254e+02   3.2740764e+02
   3.1515774e+02   3.2898280e+02
   3.0060914e+02   3.2809606e+02
   2.8681262e+02   3.2335144e+02
   2.8350572e+02   3.1513654e+02
   2.9389403e+02   3.1517316e+02
   3.1449500e+02   3.1538029e+02
   3.3433062e+02   3.1386546e+02
   3.4407471e+02   3.1404691e+02
   3.3400454e+02   3.1422836e+02
   3.1432218e+02   3.1577674e+02
   2.9354849e+02   3.1509993e+02
