   2.0032933e+02   2.4099589e+02
   2.0420111e+02   2.6682752e+02
   2.0975221e+02   2.9217808e+02
   2.1654785e+02   3.1713254e+02
   2.2749630e+02   3.4076141e+02
   2.4554500e+02   3.5910280e+02
   2.6816861e+02   3.7221416e+02
   2.9273444e+02   3.8059636e+02
   3.1829042e+02   3.8181725e+02
   3.4222747e+02   3.7959068e+02
   3.6389511e+02   3.6953588e+02
   3.8178420e+02   3.5348224e+02
   3.9373417e+02   3.3265347e+02
   4.0160649e+02   3.0994812e+02
   4.0748126e+02   2.8672638e+02
   4.1280267e+02   2.6318590e+02
   4.1701113e+02   2.3962951e+02
   2.2082265e+02   2.0915270e+02
   2.3198399e+02   1.9684712e+02
   2.4782012e+02   1.9198055e+02
   2.6461836e+02   1.9288988e+02
   2.8117375e+02   1.9286256e+02
   3.3896073e+02   1.9001431e+02
   3.5527784e+02   1.8933398e+02
   3.7134972e+02   1.8884622e+02
   3.8737557e+02   1.9133560e+02
   3.9873616e+02   2.0197320e+02
   3.1246063e+02   2.1892674e+02
   3.1233847e+02   2.3521723e+02
   3.1271176e+02   2.5128541e+02
   3.1265106e+02   2.6740232e+02
   2.8803971e+02   2.8479874e+02
   3.0054582e+02   2.8424822e+02
   3.1265926e+02   2.8631529e+02
   3.2459246e+02   2.8403129e+02
   3.3660098e+02   2.8328743e+02
   2.4235010e+02   2.2734344e+02
   2.5577093e+02   2.2016632e+02
   2.7090394e+02   2.2075606e+02
   2.8306804e+02   2.2946283e+02
   2.6915135e+02   2.3098205e+02
   2.5526410e+02   2.3206732e+02
   3.3866579e+02   2.2553720e+02
   3.5088814e+02   2.1679790e+02
   3.6575197e+02   2.1488665e+02
   3.7827415e+02   2.2263742e+02
   3.6565815e+02   2.2721504e+02
   3.5212941e+02   2.2667324e+02
   2.6923487e+02   3.1949858e+02
   2.8271073e+02   3.0918671e+02
   2.9715048e+02   3.0038577e+02
   3.1357253e+02   3.0097607e+02
   3.3013595e+02   2.9994196e+02
   3.4514236e+02   3.0695920e+02
   3.5859342e+02   3.1670197e+02
   3.4388909e+02   3.1682144e+02
   3.2934558e+02   3.1913828e+02
   3.1483080e+02   3.1936626e+02
   2.9956421e+02   3.1981923e+02
   2.8428973e+02   3.1906833e+02
   2.8002368e+02   3.1136695e+02
   2.9081248e+02   3.1104794e+02
   3.1378814e+02   3.0869630e+02
   3.3706560e+02   3.0873905e+02
   3.4782951e+02   3.0881190e+02
   3.3666488e+02   3.0888476e+02
   3.1380634e+02   3.0902273e+02
   2.9068485e+02   3.1168596e+02
