   1.8554455e+02   1.9698404e+02
   1.8695321e+02   2.2897127e+02
   1.9063308e+02   2.6043310e+02
   1.9389697e+02   2.9203380e+02
   2.0266678e+02   3.2241005e+02
   2.1711909e+02   3.5057813e+02
   2.3616326e+02   3.7597164e+02
   2.6115738e+02   3.9536213e+02
   2.9178886e+02   4.0224070e+02
   3.2122936e+02   3.9606553e+02
   3.4605329e+02   3.7939768e+02
   3.6254538e+02   3.5437451e+02
   3.7529499e+02   3.2708845e+02
   3.8361388e+02   2.9826650e+02
   3.8806845e+02   2.6849790e+02
   3.9117646e+02   2.3851678e+02
   3.9311452e+02   2.0872895e+02
   1.9749579e+02   1.8906946e+02
   2.1402071e+02   1.8124809e+02
   2.3256015e+02   1.8148728e+02
   2.5104899e+02   1.8328997e+02
   2.6937173e+02   1.8465588e+02
   3.0033557e+02   1.8510699e+02
   3.1941234e+02   1.8512128e+02
   3.3830985e+02   1.8348163e+02
   3.5715410e+02   1.8507046e+02
   3.7315231e+02   1.9451202e+02
   2.8388654e+02   2.0212723e+02
   2.8422979e+02   2.2665674e+02
   2.8536721e+02   2.5102755e+02
   2.8547814e+02   2.7522989e+02
   2.6253937e+02   2.8336187e+02
   2.7396272e+02   2.8819890e+02
   2.8606288e+02   2.9102282e+02
   2.9877990e+02   2.8753504e+02
   3.1028691e+02   2.8144175e+02
   2.1896654e+02   2.0757800e+02
   2.3342502e+02   2.0141378e+02
   2.4883073e+02   2.0333557e+02
   2.5774937e+02   2.1553780e+02
   2.4379259e+02   2.1668657e+02
   2.3004250e+02   2.1539229e+02
   3.1006111e+02   2.1465490e+02
   3.1976218e+02   2.0312558e+02
   3.3531665e+02   2.0306818e+02
   3.4974578e+02   2.0898760e+02
   3.3838172e+02   2.1695096e+02
   3.2414023e+02   2.1643281e+02
   2.4232811e+02   3.0938348e+02
   2.5687320e+02   3.1045243e+02
   2.7150296e+02   3.0941497e+02
   2.8524646e+02   3.1345924e+02
   3.0071416e+02   3.0970164e+02
   3.1672969e+02   3.0894623e+02
   3.3219250e+02   3.0548108e+02
   3.2080844e+02   3.2013739e+02
   3.0446598e+02   3.2886563e+02
   2.8610331e+02   3.3090058e+02
   2.6882523e+02   3.2934938e+02
   2.5299443e+02   3.2262154e+02
   2.5070186e+02   3.1392054e+02
   2.6818787e+02   3.1717552e+02
   2.8564671e+02   3.1966298e+02
   3.0337318e+02   3.1548189e+02
   3.2116100e+02   3.1206180e+02
   3.0327729e+02   3.1591941e+02
   2.8551268e+02   3.1992089e+02
   2.6787930e+02   3.1737868e+02
