   1.8940797e+02   2.3585909e+02
   1.8935357e+02   2.6515240e+02
   1.9390587e+02   2.9403398e+02
   1.9871519e+02   3.2283175e+02
   2.0655710e+02   3.5088319e+02
   2.2186734e+02   3.7557504e+02
   2.4451348e+02   3.9382946e+02
   2.7066873e+02   4.0624867e+02
   2.9922474e+02   4.1104318e+02
   3.2911269e+02   4.0785010e+02
   3.5632430e+02   3.9513136e+02
   3.8052484e+02   3.7711282e+02
   3.9752564e+02   3.5254219e+02
   4.0579378e+02   3.2361683e+02
   4.1107045e+02   2.9393168e+02
   4.1351084e+02   2.6379316e+02
   4.1394490e+02   2.3388777e+02
   2.0315315e+02   2.1930245e+02
   2.1544147e+02   2.0123558e+02
   2.3685774e+02   1.9563613e+02
   2.5915471e+02   1.9822275e+02
   2.7925742e+02   2.0772396e+02
   3.2336300e+02   2.0970761e+02
   3.4159288e+02   2.0065091e+02
   3.6130193e+02   1.9723637e+02
   3.8112022e+02   2.0089385e+02
   3.9641316e+02   2.1333041e+02
   2.9966224e+02   2.3200258e+02
   2.9956521e+02   2.5037640e+02
   2.9956365e+02   2.6884584e+02
   2.9927347e+02   2.8701414e+02
   2.6923573e+02   2.9906800e+02
   2.8310895e+02   3.0713033e+02
   2.9875194e+02   3.0966724e+02
   3.1367295e+02   3.0784815e+02
   3.2630451e+02   2.9980759e+02
   2.2692745e+02   2.3276215e+02
   2.4156187e+02   2.2490070e+02
   2.5819714e+02   2.2512256e+02
   2.7093536e+02   2.3519254e+02
   2.5615384e+02   2.3888297e+02
   2.4089577e+02   2.3829251e+02
   3.2722601e+02   2.3623480e+02
   3.4057112e+02   2.2693875e+02
   3.5706479e+02   2.2712911e+02
   3.7117986e+02   2.3529877e+02
   3.5702613e+02   2.4078982e+02
   3.4186904e+02   2.4038488e+02
   2.5312129e+02   3.4098889e+02
   2.6794652e+02   3.3327495e+02
   2.8226779e+02   3.2468037e+02
   2.9783047e+02   3.2822181e+02
   3.1357324e+02   3.2584366e+02
   3.2797429e+02   3.3378496e+02
   3.4296305e+02   3.3939271e+02
   3.2926209e+02   3.4817951e+02
   3.1362808e+02   3.5255862e+02
   2.9743731e+02   3.5292553e+02
   2.8166316e+02   3.5259262e+02
   2.6645088e+02   3.4911044e+02
   2.6278427e+02   3.3940635e+02
   2.8040263e+02   3.3619124e+02
   2.9796969e+02   3.3715728e+02
   3.1654403e+02   3.3642692e+02
   3.3474905e+02   3.3984817e+02
   3.1630816e+02   3.3680860e+02
   2.9792968e+02   3.3739377e+02
   2.8021430e+02   3.3649708e+02
