   2.6302123e+02   2.2775798e+02
   2.6445470e+02   2.6004462e+02
   2.6756097e+02   2.9221880e+02
   2.7146151e+02   3.2415199e+02
   2.8080163e+02   3.5495724e+02
   2.9815333e+02   3.8185010e+02
   3.2224506e+02   4.0319360e+02
   3.5079411e+02   4.1797175e+02
   3.8213373e+02   4.1740158e+02
   4.1356821e+02   4.1735920e+02
   4.4147910e+02   4.0164198e+02
   4.6552269e+02   3.8083320e+02
   4.8126746e+02   3.5317701e+02
   4.8830785e+02   3.2198918e+02
   4.9288106e+02   2.9031297e+02
   4.9756589e+02   2.5851498e+02
   4.9861668e+02   2.2683128e+02
   2.7529606e+02   2.0396412e+02
   2.9044957e+02   1.9162539e+02
   3.1032819e+02   1.9064443e+02
   3.2962001e+02   1.9535031e+02
   3.4748632e+02   2.0424387e+02
   4.0716401e+02   1.9944415e+02
   4.2548365e+02   1.8836842e+02
   4.4649856e+02   1.8385439e+02
   4.6771642e+02   1.8495692e+02
   4.8596899e+02   1.9548658e+02
   3.7475459e+02   2.1057616e+02
   3.7577249e+02   2.3805974e+02
   3.7727958e+02   2.6533725e+02
   3.7843892e+02   2.9259843e+02
   3.5664911e+02   3.0910620e+02
   3.6846734e+02   3.1314423e+02
   3.8063551e+02   3.1559838e+02
   3.9245698e+02   3.1200229e+02
   4.0370740e+02   3.0735754e+02
   2.9201395e+02   2.2729691e+02
   3.0697552e+02   2.1542725e+02
   3.2599097e+02   2.1549766e+02
   3.3993468e+02   2.2791646e+02
   3.2393479e+02   2.3215467e+02
   3.0737005e+02   2.3285860e+02
   4.0970364e+02   2.2642376e+02
   4.2387055e+02   2.1233977e+02
   4.4365324e+02   2.1023225e+02
   4.5765161e+02   2.2351701e+02
   4.4250599e+02   2.3022848e+02
   4.2588359e+02   2.3019350e+02
   3.3230127e+02   3.5133968e+02
   3.4786528e+02   3.4380192e+02
   3.6368015e+02   3.3702695e+02
   3.8013231e+02   3.3952547e+02
   3.9673935e+02   3.3612676e+02
   4.1280746e+02   3.4235518e+02
   4.2901897e+02   3.4823929e+02
   4.1344765e+02   3.5684709e+02
   3.9963383e+02   3.6846837e+02
   3.8239573e+02   3.7005156e+02
   3.6432371e+02   3.6909433e+02
   3.4958706e+02   3.5735878e+02
   3.4894331e+02   3.5163566e+02
   3.6450864e+02   3.5163465e+02
   3.7984369e+02   3.5281736e+02
   3.9596119e+02   3.5088195e+02
   4.1188756e+02   3.5015745e+02
   3.9587320e+02   3.5169551e+02
   3.8011242e+02   3.5332522e+02
   3.6451232e+02   3.5243285e+02
