   1.8916352e+02   1.5061219e+02
   1.9221529e+02   1.8324147e+02
   1.9910480e+02   2.1535561e+02
   2.0706646e+02   2.4692028e+02
   2.1670870e+02   2.7819008e+02
   2.3299832e+02   3.0661085e+02
   2.5176903e+02   3.3325538e+02
   2.7850975e+02   3.5152407e+02
   3.1023094e+02   3.5750643e+02
   3.4060735e+02   3.4952711e+02
   3.6618150e+02   3.3123534e+02
   3.8693557e+02   3.0749452e+02
   4.0326128e+02   2.8046786e+02
   4.1165807e+02   2.5012428e+02
   4.1602880e+02   2.1879187e+02
   4.1906776e+02   1.8749330e+02
   4.2009472e+02   1.5605164e+02
   2.1110337e+02   1.2118035e+02
   2.2300341e+02   1.0619028e+02
   2.4288704e+02   1.0481386e+02
   2.6287250e+02   1.0729460e+02
   2.8192695e+02   1.1318563e+02
   3.2930941e+02   1.1018336e+02
   3.4942610e+02   1.0754499e+02
   3.6975112e+02   1.0733388e+02
   3.8956574e+02   1.1038803e+02
   4.0213274e+02   1.2513161e+02
   3.0587569e+02   1.5158597e+02
   3.0680819e+02   1.7348665e+02
   3.0638086e+02   1.9556449e+02
   3.0540927e+02   2.1723665e+02
   2.8488260e+02   2.2868621e+02
   2.9551554e+02   2.3176450e+02
   3.0645655e+02   2.3211644e+02
   3.1878802e+02   2.3170465e+02
   3.3042987e+02   2.2821963e+02
   2.3455110e+02   1.4860788e+02
   2.4841978e+02   1.3868920e+02
   2.6534438e+02   1.3909706e+02
   2.7744565e+02   1.5059422e+02
   2.6286503e+02   1.5427460e+02
   2.4798280e+02   1.5454947e+02
   3.3480430e+02   1.5158008e+02
   3.4764645e+02   1.4008233e+02
   3.6484302e+02   1.4066872e+02
   3.7869587e+02   1.5107238e+02
   3.6449030e+02   1.5677082e+02
   3.4912060e+02   1.5682603e+02
   2.6674788e+02   2.6857039e+02
   2.7916378e+02   2.5902192e+02
   2.9361477e+02   2.5337244e+02
   3.0840809e+02   2.5709224e+02
   3.2184386e+02   2.5242594e+02
   3.3510011e+02   2.5835650e+02
   3.4686005e+02   2.6699845e+02
   3.3584278e+02   2.7796748e+02
   3.2230403e+02   2.8589823e+02
   3.0721397e+02   2.8967698e+02
   2.9117160e+02   2.8823647e+02
   2.7715579e+02   2.8064049e+02
   2.7933242e+02   2.6704455e+02
   2.9301135e+02   2.6381309e+02
   3.0695833e+02   2.6501266e+02
   3.1935888e+02   2.6384317e+02
   3.3139949e+02   2.6591417e+02
   3.1952221e+02   2.6995016e+02
   3.0662908e+02   2.7125254e+02
   2.9255713e+02   2.6982641e+02
