   1.8946691e+02   1.5025890e+02
   1.9247941e+02   1.8272005e+02
   1.9991945e+02   2.1462042e+02
   2.0727880e+02   2.4631668e+02
   2.1684010e+02   2.7743862e+02
   2.3304978e+02   3.0584139e+02
   2.5119919e+02   3.3282206e+02
   2.7568743e+02   3.5403681e+02
   3.0648579e+02   3.6298004e+02
   3.3818925e+02   3.5543160e+02
   3.6552900e+02   3.3812234e+02
   3.8528652e+02   3.1222716e+02
   4.0147790e+02   2.8398971e+02
   4.1112052e+02   2.5289027e+02
   4.1582935e+02   2.2054461e+02
   4.1904579e+02   1.8823078e+02
   4.2016325e+02   1.5576396e+02
   2.1139366e+02   1.2086353e+02
   2.2335587e+02   1.0586892e+02
   2.4315029e+02   1.0452335e+02
   2.6311480e+02   1.0700774e+02
   2.8214820e+02   1.1289869e+02
   3.2948373e+02   1.0991405e+02
   3.4958092e+02   1.0728453e+02
   3.6988548e+02   1.0707990e+02
   3.8967915e+02   1.1013706e+02
   4.0222892e+02   1.2486962e+02
   3.0606092e+02   1.5126763e+02
   3.0698496e+02   1.7257046e+02
   3.0659443e+02   1.9386499e+02
   3.0632851e+02   2.1493742e+02
   2.8458683e+02   2.2649819e+02
   2.9564770e+02   2.2945688e+02
   3.0694784e+02   2.3005971e+02
   3.1952055e+02   2.2996738e+02
   3.3141215e+02   2.2641107e+02
   2.3480927e+02   1.4827058e+02
   2.4854376e+02   1.3759752e+02
   2.6578343e+02   1.3806716e+02
   2.7765990e+02   1.5026813e+02
   2.6312145e+02   1.5333102e+02
   2.4849309e+02   1.5327823e+02
   3.3496032e+02   1.5127066e+02
   3.4737722e+02   1.3890010e+02
   3.6503257e+02   1.3974210e+02
   3.7880774e+02   1.5077698e+02
   3.6443667e+02   1.5556207e+02
   3.4941028e+02   1.5535284e+02
   2.6986190e+02   2.7118704e+02
   2.7926005e+02   2.5852255e+02
   2.9348813e+02   2.5147083e+02
   3.0872875e+02   2.5473355e+02
   3.2310258e+02   2.5100863e+02
   3.3622912e+02   2.5864129e+02
   3.4693949e+02   2.6951543e+02
   3.3829898e+02   2.8613945e+02
   3.2355814e+02   2.9769203e+02
   3.0546452e+02   3.0203685e+02
   2.8929244e+02   2.9779587e+02
   2.7710412e+02   2.8619035e+02
   2.7972355e+02   2.6705179e+02
   2.9310032e+02   2.6054352e+02
   3.0766001e+02   2.6214914e+02
   3.2109801e+02   2.6037250e+02
   3.3306266e+02   2.6618994e+02
   3.2274333e+02   2.8033355e+02
   3.0514374e+02   2.8386890e+02
   2.8964675e+02   2.7894811e+02
