   1.8944370e+02   1.5060796e+02
   1.9256763e+02   1.8360124e+02
   1.9949082e+02   2.1602463e+02
   2.0763909e+02   2.4795138e+02
   2.1760492e+02   2.7949274e+02
   2.3428628e+02   3.0807054e+02
   2.5362700e+02   3.3468851e+02
   2.8122986e+02   3.5218502e+02
   3.1367997e+02   3.5651820e+02
   3.4298242e+02   3.4667173e+02
   3.6779473e+02   3.2791810e+02
   3.8860275e+02   3.0511099e+02
   4.0428202e+02   2.7840630e+02
   4.1212488e+02   2.4837078e+02
   4.1631628e+02   2.1763285e+02
   4.1926615e+02   1.8683031e+02
   4.2024235e+02   1.5599449e+02
   2.1136450e+02   1.2118843e+02
   2.2315945e+02   1.0623748e+02
   2.4312624e+02   1.0482457e+02
   2.6310066e+02   1.0729956e+02
   2.8214535e+02   1.1318308e+02
   3.2949972e+02   1.1017234e+02
   3.4960419e+02   1.0753116e+02
   3.6991740e+02   1.0731580e+02
   3.8972121e+02   1.1036391e+02
   4.0228411e+02   1.2509624e+02
   3.0608849e+02   1.5155603e+02
   3.0702450e+02   1.7348632e+02
   3.0659633e+02   1.9558946e+02
   3.0572843e+02   2.1728625e+02
   2.8518260e+02   2.2884094e+02
   2.9568769e+02   2.3206629e+02
   3.0656366e+02   2.3244406e+02
   3.1892559e+02   2.3199328e+02
   3.3053739e+02   2.2831769e+02
   2.3480456e+02   1.4859503e+02
   2.4867783e+02   1.3877580e+02
   2.6555102e+02   1.3917231e+02
   2.7767470e+02   1.5057098e+02
   2.6309915e+02   1.5432889e+02
   2.4819527e+02   1.5464714e+02
   3.3500035e+02   1.5154391e+02
   3.4788399e+02   1.4016206e+02
   3.6501112e+02   1.4071243e+02
   3.7886640e+02   1.5102704e+02
   3.6469180e+02   1.5683890e+02
   3.4928957e+02   1.5692970e+02
   2.6754483e+02   2.6736550e+02
   2.8012109e+02   2.5852619e+02
   2.9430705e+02   2.5342869e+02
   3.0861890e+02   2.5724358e+02
   3.2136657e+02   2.5239930e+02
   3.3434961e+02   2.5760877e+02
   3.4622703e+02   2.6501544e+02
   3.3446705e+02   2.7412023e+02
   3.2161370e+02   2.8171637e+02
   3.0730035e+02   2.8479932e+02
   2.9205733e+02   2.8393532e+02
   2.7800861e+02   2.7824298e+02
   2.7928477e+02   2.6633971e+02
   2.9324527e+02   2.6502975e+02
   3.0712322e+02   2.6522173e+02
   3.1832093e+02   2.6460352e+02
   3.2950356e+02   2.6487394e+02
   3.1853333e+02   2.6614473e+02
   3.0758207e+02   2.6676447e+02
   2.9340049e+02   2.6660519e+02
