   2.5103899e+02   2.2202523e+02
   2.5322569e+02   2.4602013e+02
   2.5550892e+02   2.7003077e+02
   2.5865972e+02   2.9373193e+02
   2.6424848e+02   3.1711816e+02
   2.7914205e+02   3.3564211e+02
   2.9881324e+02   3.4937146e+02
   3.1973042e+02   3.6139201e+02
   3.4287754e+02   3.6548897e+02
   3.6438968e+02   3.6331637e+02
   3.8240602e+02   3.5090842e+02
   3.9868681e+02   3.3600401e+02
   4.1093690e+02   3.1791546e+02
   4.1808016e+02   2.9717446e+02
   4.2090922e+02   2.7541702e+02
   4.2447039e+02   2.5372679e+02
   4.2766087e+02   2.3208130e+02
   2.7546182e+02   2.1391236e+02
   2.8978705e+02   2.0337020e+02
   3.0723139e+02   1.9971539e+02
   3.2502604e+02   2.0169732e+02
   3.4212938e+02   2.0659525e+02
   3.5852460e+02   2.0853542e+02
   3.7619294e+02   2.0528625e+02
   3.9417247e+02   2.0433915e+02
   4.1164013e+02   2.0797258e+02
   4.2021860e+02   2.2267443e+02
   3.5150823e+02   2.2024999e+02
   3.5202342e+02   2.3350467e+02
   3.5201552e+02   2.4671620e+02
   3.5205952e+02   2.5984684e+02
   3.2540403e+02   2.7523926e+02
   3.3769613e+02   2.7838775e+02
   3.5022601e+02   2.7928675e+02
   3.5952002e+02   2.7949601e+02
   3.6866543e+02   2.7865425e+02
   2.9536558e+02   2.2396406e+02
   3.0532600e+02   2.1750915e+02
   3.1716208e+02   2.1788211e+02
   3.2613932e+02   2.2539718e+02
   3.1574584e+02   2.2740885e+02
   3.0530824e+02   2.2730191e+02
   3.7061781e+02   2.2648223e+02
   3.8077986e+02   2.2072335e+02
   3.9248464e+02   2.2158779e+02
   4.0125847e+02   2.2904399e+02
   3.9091504e+02   2.3122130e+02
   3.8041637e+02   2.3025298e+02
   3.1043627e+02   3.0651505e+02
   3.2208682e+02   2.9994410e+02
   3.3412209e+02   2.9395400e+02
   3.4615189e+02   2.9654837e+02
   3.5851722e+02   2.9475516e+02
   3.6897646e+02   3.0283889e+02
   3.7933395e+02   3.1076099e+02
   3.6946020e+02   3.1733669e+02
   3.5829847e+02   3.2129125e+02
   3.4656873e+02   3.2139385e+02
   3.3329380e+02   3.1971444e+02
   3.2109856e+02   3.1451831e+02
   3.1649408e+02   3.0638729e+02
   3.3132435e+02   3.0483947e+02
   3.4607887e+02   3.0561767e+02
   3.5964605e+02   3.0555986e+02
   3.7241585e+02   3.0949781e+02
   3.5949587e+02   3.0609405e+02
   3.4633511e+02   3.0587373e+02
   3.3132364e+02   3.0530630e+02
