   2.5060885e+02   2.2107308e+02
   2.5305354e+02   2.4537833e+02
   2.5532287e+02   2.6972371e+02
   2.5834143e+02   2.9382952e+02
   2.6525224e+02   3.1688797e+02
   2.8009344e+02   3.3602288e+02
   3.0033636e+02   3.4953191e+02
   3.2158214e+02   3.6140559e+02
   3.4519192e+02   3.6463342e+02
   3.6649321e+02   3.6054630e+02
   3.8456715e+02   3.4867562e+02
   4.0019870e+02   3.3368889e+02
   4.1176547e+02   3.1519325e+02
   4.1834240e+02   2.9449063e+02
   4.2164303e+02   2.7315368e+02
   4.2487274e+02   2.5155885e+02
   4.2856462e+02   2.3022564e+02
   2.7714802e+02   2.1477236e+02
   2.9223748e+02   2.0615540e+02
   3.0932399e+02   2.0409446e+02
   3.2646468e+02   2.0657583e+02
   3.4368779e+02   2.0834603e+02
   3.6176050e+02   2.1272841e+02
   3.7752675e+02   2.1005695e+02
   3.9337655e+02   2.0873959e+02
   4.0900468e+02   2.1098211e+02
   4.1788811e+02   2.2322430e+02
   3.5197188e+02   2.2362056e+02
   3.5203871e+02   2.3505251e+02
   3.5202276e+02   2.4647070e+02
   3.5198816e+02   2.5781386e+02
   3.2170339e+02   2.6153589e+02
   3.3471353e+02   2.6999039e+02
   3.4962595e+02   2.7370056e+02
   3.6366430e+02   2.7070226e+02
   3.7621140e+02   2.6434835e+02
   2.9529996e+02   2.2306992e+02
   3.0598303e+02   2.1973663e+02
   3.1704294e+02   2.1916806e+02
   3.2722679e+02   2.2333263e+02
   3.1654715e+02   2.2415409e+02
   3.0584437e+02   2.2380509e+02
   3.7070290e+02   2.2574513e+02
   3.8115978e+02   2.2318417e+02
   3.9192373e+02   2.2399954e+02
   4.0172339e+02   2.2818200e+02
   3.9127338e+02   2.2818194e+02
   3.8094674e+02   2.2742227e+02
   3.1321013e+02   3.0048381e+02
   3.2316086e+02   2.9297551e+02
   3.3462095e+02   2.8808597e+02
   3.4654022e+02   2.9014833e+02
   3.5870075e+02   2.8887013e+02
   3.6914517e+02   2.9581588e+02
   3.7848575e+02   3.0411919e+02
   3.6850584e+02   3.1058583e+02
   3.5745688e+02   3.1456715e+02
   3.4576559e+02   3.1515206e+02
   3.3322745e+02   3.1383708e+02
   3.2157734e+02   3.0939949e+02
   3.1928884e+02   3.0063918e+02
   3.3260421e+02   2.9831065e+02
   3.4589222e+02   2.9980485e+02
   3.5960963e+02   2.9942651e+02
   3.7246359e+02   3.0367255e+02
   3.5944281e+02   2.9971976e+02
   3.4607439e+02   2.9998697e+02
   3.3258617e+02   2.9865721e+02
