   2.5182989e+02   2.2158479e+02
   2.5321829e+02   2.4551837e+02
   2.5546964e+02   2.6938888e+02
   2.5823159e+02   2.9313693e+02
   2.6391153e+02   3.1607256e+02
   2.7854174e+02   3.3483160e+02
   2.9773489e+02   3.4894931e+02
   3.1853790e+02   3.6098329e+02
   3.4147700e+02   3.6600444e+02
   3.6311997e+02   3.6361782e+02
   3.8158824e+02   3.5127923e+02
   3.9799545e+02   3.3648128e+02
   4.1092065e+02   3.1858670e+02
   4.1858215e+02   2.9791393e+02
   4.2086268e+02   2.7588005e+02
   4.2441915e+02   2.5387383e+02
   4.2780841e+02   2.3217678e+02
   2.7606493e+02   2.1230346e+02
   2.8927326e+02   2.0162215e+02
   3.0580970e+02   1.9766623e+02
   3.2280265e+02   1.9932549e+02
   3.3894031e+02   2.0438336e+02
   3.6071793e+02   2.0775651e+02
   3.7749737e+02   2.0199814e+02
   3.9522778e+02   2.0309341e+02
   4.1276425e+02   2.0632240e+02
   4.2060023e+02   2.2107121e+02
   3.5155307e+02   2.2018969e+02
   3.5205688e+02   2.3466332e+02
   3.5200918e+02   2.4902325e+02
   3.5222777e+02   2.6325776e+02
   3.2694412e+02   2.7705669e+02
   3.3856128e+02   2.7938555e+02
   3.5009285e+02   2.8088667e+02
   3.5884108e+02   2.8108292e+02
   3.6744993e+02   2.8009666e+02
   2.9539006e+02   2.2365254e+02
   3.0514490e+02   2.1743783e+02
   3.1662544e+02   2.1749550e+02
   3.2604304e+02   2.2389102e+02
   3.1589269e+02   2.2697794e+02
   3.0536627e+02   2.2685968e+02
   3.7064544e+02   2.2621514e+02
   3.8084515e+02   2.2089725e+02
   3.9241139e+02   2.2175283e+02
   4.0130361e+02   2.2878554e+02
   3.9103994e+02   2.3137084e+02
   3.8048714e+02   2.3011059e+02
   3.1209590e+02   3.0685548e+02
   3.2384407e+02   3.0178961e+02
   3.3528935e+02   2.9599333e+02
   3.4665497e+02   2.9910020e+02
   3.5825374e+02   2.9691749e+02
   3.6889523e+02   3.0456381e+02
   3.7967697e+02   3.1155868e+02
   3.6965491e+02   3.1794173e+02
   3.5853356e+02   3.2174471e+02
   3.4687245e+02   3.2185739e+02
   3.3416540e+02   3.1940317e+02
   3.2222541e+02   3.1463040e+02
   3.1746843e+02   3.0727647e+02
   3.3205827e+02   3.0556128e+02
   3.4665018e+02   3.0662401e+02
   3.5983163e+02   3.0702015e+02
   3.7238639e+02   3.1027250e+02
   3.5973321e+02   3.0746581e+02
   3.4686562e+02   3.0683944e+02
   3.3201797e+02   3.0598859e+02
