   1.7713095e+02   2.4215988e+02
   1.8334550e+02   2.7247836e+02
   1.9073590e+02   3.0216031e+02
   1.9678223e+02   3.3236686e+02
   2.0567580e+02   3.6178423e+02
   2.2293846e+02   3.8685389e+02
   2.4965527e+02   4.0184947e+02
   2.7744820e+02   4.1465897e+02
   3.0738725e+02   4.1768469e+02
   3.3980744e+02   4.1286688e+02
   3.6909323e+02   3.9862863e+02
   3.9618664e+02   3.7981815e+02
   4.1818922e+02   3.5589372e+02
   4.3394988e+02   3.2718297e+02
   4.3659072e+02   2.9456949e+02
   4.3734449e+02   2.6172316e+02
   4.3611740e+02   2.2914332e+02
   1.9231116e+02   1.8822328e+02
   1.9788496e+02   1.6664593e+02
   2.1474898e+02   1.5135441e+02
   2.3684594e+02   1.4945198e+02
   2.5751473e+02   1.5904073e+02
   3.1731923e+02   1.4926011e+02
   3.3671218e+02   1.3727211e+02
   3.5955692e+02   1.3586408e+02
   3.8101115e+02   1.4321967e+02
   3.9521588e+02   1.6050405e+02
   2.8984368e+02   1.8982368e+02
   2.8752074e+02   2.0941443e+02
   2.8485678e+02   2.2882551e+02
   2.8536264e+02   2.4828880e+02
   2.7236032e+02   2.7094862e+02
   2.8222610e+02   2.7268266e+02
   2.9215075e+02   2.7183324e+02
   3.0522468e+02   2.7158180e+02
   3.1741665e+02   2.6749085e+02
   2.1998730e+02   2.0858737e+02
   2.3096820e+02   1.9251549e+02
   2.5100589e+02   1.9221064e+02
   2.6722074e+02   2.0379265e+02
   2.5267219e+02   2.1283985e+02
   2.3566073e+02   2.1491036e+02
   3.2350676e+02   1.9821856e+02
   3.3796175e+02   1.8394999e+02
   3.5817743e+02   1.8226957e+02
   3.7306716e+02   1.9538728e+02
   3.5841119e+02   2.0546171e+02
   3.4030214e+02   2.0485077e+02
   2.6486052e+02   3.2959837e+02
   2.6877581e+02   3.1293208e+02
   2.7942213e+02   2.9922029e+02
   2.9579877e+02   3.0100222e+02
   3.1417513e+02   2.9858280e+02
   3.3067993e+02   3.0819610e+02
   3.4444608e+02   3.2106235e+02
   3.3307169e+02   3.3542826e+02
   3.1872596e+02   3.4676358e+02
   3.0068654e+02   3.4991187e+02
   2.8476173e+02   3.4933640e+02
   2.7061025e+02   3.4259486e+02
   2.7487231e+02   3.2729740e+02
   2.8164698e+02   3.1263999e+02
   2.9737631e+02   3.0733157e+02
   3.1777673e+02   3.0922221e+02
   3.3317916e+02   3.2214257e+02
   3.1598883e+02   3.2759208e+02
   2.9818185e+02   3.3159892e+02
   2.8595510e+02   3.3069860e+02
