   1.7644390e+02   2.4031018e+02
   1.8276329e+02   2.7107431e+02
   1.9021228e+02   3.0112059e+02
   1.9634436e+02   3.3178014e+02
   2.0556884e+02   3.6148292e+02
   2.2366439e+02   3.8649994e+02
   2.5122228e+02   4.0100270e+02
   2.7883929e+02   4.1552728e+02
   3.0902984e+02   4.1995614e+02
   3.4159329e+02   4.1501155e+02
   3.7040738e+02   3.9945885e+02
   3.9709302e+02   3.7965421e+02
   4.1777156e+02   3.5417910e+02
   4.3360282e+02   3.2517036e+02
   4.3616405e+02   2.9241231e+02
   4.3693305e+02   2.5942751e+02
   4.3611549e+02   2.2663937e+02
   1.9195714e+02   1.8736219e+02
   1.9588109e+02   1.6526215e+02
   2.1226943e+02   1.4923462e+02
   2.3444884e+02   1.4592300e+02
   2.5553867e+02   1.5500469e+02
   3.1955242e+02   1.4450930e+02
   3.3887870e+02   1.3316561e+02
   3.6156874e+02   1.3256074e+02
   3.8275923e+02   1.3990909e+02
   3.9613542e+02   1.5754319e+02
   2.9010493e+02   1.8205699e+02
   2.8767504e+02   2.0207036e+02
   2.8447413e+02   2.2191096e+02
   2.8455083e+02   2.4183598e+02
   2.7194362e+02   2.6585712e+02
   2.8188108e+02   2.6822233e+02
   2.9197048e+02   2.6783292e+02
   3.0496058e+02   2.6793714e+02
   3.1683360e+02   2.6310494e+02
   2.2100861e+02   2.0439926e+02
   2.3102821e+02   1.8774096e+02
   2.5108974e+02   1.8716576e+02
   2.6693939e+02   1.9910820e+02
   2.5285374e+02   2.0838311e+02
   2.3619179e+02   2.1112797e+02
   3.2304795e+02   1.9439768e+02
   3.3727799e+02   1.8012166e+02
   3.5725453e+02   1.7808129e+02
   3.7170184e+02   1.9124295e+02
   3.5757816e+02   2.0141252e+02
   3.3964760e+02   2.0074255e+02
   2.6675508e+02   3.2882599e+02
   2.6813175e+02   3.0999454e+02
   2.7825337e+02   2.9474726e+02
   2.9544470e+02   2.9606654e+02
   3.1458493e+02   2.9413046e+02
   3.3068249e+02   3.0514661e+02
   3.4312096e+02   3.2021717e+02
   3.3325303e+02   3.3731840e+02
   3.1945656e+02   3.5040742e+02
   3.0084128e+02   3.5364977e+02
   2.8424860e+02   3.5300185e+02
   2.6985489e+02   3.4518454e+02
   2.7457323e+02   3.2701414e+02
   2.7984234e+02   3.0890711e+02
   2.9693263e+02   3.0206657e+02
   3.1899077e+02   3.0545486e+02
   3.3444517e+02   3.2196561e+02
   3.1680261e+02   3.2975786e+02
   2.9825301e+02   3.3436627e+02
   2.8581049e+02   3.3298245e+02
