   2.2203736e+02   2.3848310e+02
   2.2340770e+02   2.6725972e+02
   2.2750643e+02   2.9574623e+02
   2.3293406e+02   3.2407711e+02
   2.4327318e+02   3.5064510e+02
   2.6240398e+02   3.7212525e+02
   2.8461241e+02   3.9035704e+02
   3.1017868e+02   4.0323094e+02
   3.3825016e+02   4.0715731e+02
   3.6589441e+02   4.0312698e+02
   3.9076081e+02   3.9048309e+02
   4.1091127e+02   3.7119688e+02
   4.2632572e+02   3.4789225e+02
   4.3757694e+02   3.2236959e+02
   4.4239482e+02   2.9493188e+02
   4.4494126e+02   2.6696934e+02
   4.4668776e+02   2.3919502e+02
   2.4442889e+02   2.1401723e+02
   2.5892003e+02   2.0087210e+02
   2.7835742e+02   1.9769040e+02
   2.9773163e+02   2.0160802e+02
   3.1622165e+02   2.0856052e+02
   3.5343750e+02   2.0309398e+02
   3.7331931e+02   1.9824614e+02
   3.9351451e+02   1.9476445e+02
   4.1294493e+02   2.0003834e+02
   4.2728643e+02   2.1408703e+02
   3.3728791e+02   2.2100800e+02
   3.3729155e+02   2.4187035e+02
   3.3728828e+02   2.6266961e+02
   3.3689547e+02   2.8348795e+02
   3.0853137e+02   2.9173541e+02
   3.2072404e+02   3.0203242e+02
   3.3632108e+02   3.0456686e+02
   3.5171224e+02   3.0289626e+02
   3.6420418e+02   2.9410148e+02
   2.6165904e+02   2.3518709e+02
   2.7425198e+02   2.2230723e+02
   2.9257998e+02   2.2242592e+02
   3.0614346e+02   2.3424455e+02
   2.9136492e+02   2.3803354e+02
   2.7621017e+02   2.3881104e+02
   3.6157206e+02   2.3575127e+02
   3.7352870e+02   2.2269515e+02
   3.9140298e+02   2.2155826e+02
   4.0486899e+02   2.3284286e+02
   3.9097442e+02   2.3774737e+02
   3.7622149e+02   2.3755583e+02
   2.9828685e+02   3.3523296e+02
   3.1049461e+02   3.2702595e+02
   3.2327791e+02   3.2007299e+02
   3.3633910e+02   3.2489445e+02
   3.5026723e+02   3.2234146e+02
   3.6338744e+02   3.2943652e+02
   3.7607721e+02   3.3678727e+02
   3.6369439e+02   3.4477673e+02
   3.5030239e+02   3.5005240e+02
   3.3595673e+02   3.5121835e+02
   3.2184920e+02   3.4990575e+02
   3.0903439e+02   3.4435368e+02
   3.0690406e+02   3.3559930e+02
   3.2100660e+02   3.2995937e+02
   3.3610499e+02   3.3175334e+02
   3.5288214e+02   3.3055031e+02
   3.6842769e+02   3.3619220e+02
   3.5225236e+02   3.3421876e+02
   3.3610631e+02   3.3506961e+02
   3.2134706e+02   3.3344724e+02
