   2.2199956e+02   2.3842199e+02
   2.2318800e+02   2.6733089e+02
   2.2729026e+02   2.9595087e+02
   2.3289006e+02   3.2448749e+02
   2.4356165e+02   3.5129380e+02
   2.6200966e+02   3.7346642e+02
   2.8442817e+02   3.9155154e+02
   3.1012081e+02   4.0464018e+02
   3.3826837e+02   4.0939318e+02
   3.6616129e+02   4.0553991e+02
   3.9091430e+02   3.9263394e+02
   4.1144849e+02   3.7359100e+02
   4.2598366e+02   3.4955423e+02
   4.3714835e+02   3.2369741e+02
   4.4220531e+02   2.9631588e+02
   4.4481338e+02   2.6829341e+02
   4.4684640e+02   2.4034178e+02
   2.4526549e+02   2.1321508e+02
   2.5971622e+02   2.0049794e+02
   2.7885097e+02   1.9773057e+02
   2.9794623e+02   2.0167825e+02
   3.1619846e+02   2.0855821e+02
   3.5341368e+02   2.0312730e+02
   3.7338079e+02   1.9886510e+02
   3.9335803e+02   1.9477261e+02
   4.1278695e+02   1.9984614e+02
   4.2701983e+02   2.1392522e+02
   3.3726311e+02   2.2101075e+02
   3.3756608e+02   2.4190484e+02
   3.3749879e+02   2.6263572e+02
   3.3728174e+02   2.8343317e+02
   3.0899739e+02   2.9172937e+02
   3.2114797e+02   3.0200417e+02
   3.3678552e+02   3.0437594e+02
   3.5227504e+02   3.0264243e+02
   3.6503458e+02   2.9389812e+02
   2.6241960e+02   2.3442648e+02
   2.7502124e+02   2.2204868e+02
   2.9299256e+02   2.2261959e+02
   3.0630071e+02   2.3443101e+02
   2.9163618e+02   2.3826034e+02
   2.7666011e+02   2.3883831e+02
   3.6136824e+02   2.3560341e+02
   3.7333517e+02   2.2277439e+02
   3.9098454e+02   2.2149025e+02
   4.0380065e+02   2.3315314e+02
   3.9011549e+02   2.3785577e+02
   3.7570283e+02   2.3741127e+02
   2.9899172e+02   3.3735186e+02
   3.1007955e+02   3.2736000e+02
   3.2244951e+02   3.1943886e+02
   3.3578428e+02   3.2387179e+02
   3.5031469e+02   3.2115768e+02
   3.6335412e+02   3.2879860e+02
   3.7506896e+02   3.3829619e+02
   3.6384031e+02   3.4831534e+02
   3.5130456e+02   3.5655552e+02
   3.3676679e+02   3.5760223e+02
   3.2182776e+02   3.5665798e+02
   3.0923274e+02   3.4829671e+02
   3.0852645e+02   3.3779189e+02
   3.2115139e+02   3.2930673e+02
   3.3626796e+02   3.3068145e+02
   3.5307620e+02   3.2974847e+02
   3.6750932e+02   3.3830432e+02
   3.5165279e+02   3.3928003e+02
   3.3603718e+02   3.3953990e+02
   3.2219021e+02   3.3859245e+02
