   1.8837743e+02   1.8612287e+02
   1.8884444e+02   2.1519836e+02
   1.9104618e+02   2.4442911e+02
   1.9842848e+02   2.7234204e+02
   2.1146223e+02   2.9820445e+02
   2.2936763e+02   3.2122101e+02
   2.5234070e+02   3.3863549e+02
   2.8001564e+02   3.4707747e+02
   3.0885790e+02   3.4879352e+02
   3.3890923e+02   3.4637071e+02
   3.6652032e+02   3.3479943e+02
   3.8837089e+02   3.1434760e+02
   4.0453239e+02   2.8909216e+02
   4.1559743e+02   2.6124508e+02
   4.1944027e+02   2.3143150e+02
   4.2024640e+02   2.0147727e+02
   4.1922689e+02   1.7158212e+02
   2.0708338e+02   1.5127791e+02
   2.1765816e+02   1.3765036e+02
   2.3420045e+02   1.3229178e+02
   2.5184780e+02   1.3186754e+02
   2.6922239e+02   1.3312242e+02
   3.2074714e+02   1.2910549e+02
   3.3938449e+02   1.2395517e+02
   3.5876636e+02   1.2451991e+02
   3.7794248e+02   1.2694422e+02
   3.9247055e+02   1.3873641e+02
   2.9951791e+02   1.5889801e+02
   2.9964420e+02   1.7764171e+02
   3.0109880e+02   1.9601390e+02
   3.0302782e+02   2.1446353e+02
   2.7738641e+02   2.2448716e+02
   2.8988309e+02   2.2878138e+02
   3.0302050e+02   2.3012244e+02
   3.1630950e+02   2.2817975e+02
   3.2830486e+02   2.2226434e+02
   2.3384657e+02   1.6947496e+02
   2.4542150e+02   1.5647735e+02
   2.6304882e+02   1.5748419e+02
   2.7375082e+02   1.7100900e+02
   2.6033571e+02   1.7222163e+02
   2.4689912e+02   1.7220046e+02
   3.2628723e+02   1.6396179e+02
   3.3896685e+02   1.5088769e+02
   3.5701834e+02   1.4955379e+02
   3.6922366e+02   1.6246648e+02
   3.5501815e+02   1.6567118e+02
   3.4050567e+02   1.6633675e+02
   2.4434948e+02   2.6005646e+02
   2.6382825e+02   2.5338928e+02
   2.8391784e+02   2.4891129e+02
   3.0413392e+02   2.5081494e+02
   3.2446348e+02   2.4729438e+02
   3.4522423e+02   2.4832861e+02
   3.6522500e+02   2.5263956e+02
   3.5175979e+02   2.7497694e+02
   3.3208398e+02   2.9178169e+02
   3.0739185e+02   2.9846581e+02
   2.8201594e+02   2.9459223e+02
   2.6060378e+02   2.8009665e+02
   2.5675822e+02   2.6176255e+02
   2.8030647e+02   2.5600596e+02
   3.0418870e+02   2.5830192e+02
   3.2936899e+02   2.5434442e+02
   3.5437535e+02   2.5603167e+02
   3.3236708e+02   2.7239649e+02
   3.0593977e+02   2.7841209e+02
   2.7885299e+02   2.7730493e+02
