   2.3610109e+02   2.0948704e+02
   2.3707963e+02   2.3953498e+02
   2.4240098e+02   2.6917169e+02
   2.4537412e+02   2.9913611e+02
   2.5269496e+02   3.2829511e+02
   2.6775880e+02   3.5443188e+02
   2.9135357e+02   3.7278886e+02
   3.1808997e+02   3.8640565e+02
   3.4739942e+02   3.9227634e+02
   3.7721262e+02   3.8597870e+02
   4.0298443e+02   3.7012816e+02
   4.2527305e+02   3.4965729e+02
   4.3840848e+02   3.2249564e+02
   4.4397622e+02   2.9250156e+02
   4.5047049e+02   2.6271829e+02
   4.5567981e+02   2.3256882e+02
   4.5543737e+02   2.0250521e+02
   2.5470540e+02   1.8826981e+02
   2.6991382e+02   1.8139491e+02
   2.8672000e+02   1.8003999e+02
   3.0349428e+02   1.7826725e+02
   3.1999048e+02   1.8048810e+02
   3.7205152e+02   1.7756011e+02
   3.8815186e+02   1.7731937e+02
   4.0418791e+02   1.7815050e+02
   4.2018871e+02   1.7934586e+02
   4.3523487e+02   1.8440123e+02
   3.4598973e+02   2.0555547e+02
   3.4655404e+02   2.2302049e+02
   3.4719650e+02   2.4030524e+02
   3.4744227e+02   2.5756146e+02
   3.2774853e+02   2.8282342e+02
   3.3714972e+02   2.8576458e+02
   3.4684558e+02   2.8606148e+02
   3.5639393e+02   2.8535797e+02
   3.6560951e+02   2.8306521e+02
   2.7568011e+02   2.1214502e+02
   2.8713926e+02   2.0417657e+02
   3.0097180e+02   2.0419803e+02
   3.1206425e+02   2.1234227e+02
   2.9981250e+02   2.1488091e+02
   2.8742205e+02   2.1573991e+02
   3.7673757e+02   2.1129403e+02
   3.8925136e+02   2.0337186e+02
   4.0409444e+02   2.0300088e+02
   4.1651199e+02   2.1059976e+02
   4.0336371e+02   2.1350251e+02
   3.8996825e+02   2.1296408e+02
   3.0437156e+02   3.1822763e+02
   3.1658014e+02   3.0676879e+02
   3.3142329e+02   2.9945655e+02
   3.4625470e+02   3.0485654e+02
   3.6140535e+02   2.9993155e+02
   3.7626569e+02   3.0615219e+02
   3.8775682e+02   3.1758939e+02
   3.7692726e+02   3.2979680e+02
   3.6227542e+02   3.3724853e+02
   3.4625736e+02   3.3997044e+02
   3.3034457e+02   3.3686978e+02
   3.1607566e+02   3.2925908e+02
   3.0978011e+02   3.1795716e+02
   3.2798040e+02   3.1301861e+02
   3.4665917e+02   3.1350058e+02
   3.6492139e+02   3.1270627e+02
   3.8209551e+02   3.1816276e+02
   3.6419300e+02   3.2254264e+02
   3.4617991e+02   3.2622604e+02
   3.2800739e+02   3.2156300e+02
