   1.4197888e+02   2.3058311e+02
   1.4490232e+02   2.6270199e+02
   1.5166917e+02   2.9451134e+02
   1.5933262e+02   3.2566269e+02
   1.7037815e+02   3.5590446e+02
   1.8467127e+02   3.8464778e+02
   2.0912695e+02   4.0574304e+02
   2.3704440e+02   4.2175446e+02
   2.6841528e+02   4.2577272e+02
   2.9897906e+02   4.1930453e+02
   3.2416201e+02   4.0093043e+02
   3.4602196e+02   3.7889835e+02
   3.5990913e+02   3.5098946e+02
   3.6773058e+02   3.2057088e+02
   3.7146564e+02   2.8953972e+02
   3.7584926e+02   2.5880684e+02
   3.7628499e+02   2.2761894e+02
   1.6489968e+02   2.2319878e+02
   1.7553441e+02   2.0501149e+02
   1.9653103e+02   1.9994402e+02
   2.1854888e+02   2.0060653e+02
   2.3948000e+02   2.0647211e+02
   2.9894211e+02   2.1030521e+02
   3.1721078e+02   2.0149474e+02
   3.3684952e+02   1.9844102e+02
   3.5605976e+02   2.0399199e+02
   3.6485398e+02   2.2099196e+02
   2.6975337e+02   2.2913500e+02
   2.6975957e+02   2.5132946e+02
   2.6975707e+02   2.7347472e+02
   2.6989436e+02   2.9552563e+02
   2.4631555e+02   3.1692989e+02
   2.5740235e+02   3.2051012e+02
   2.6902390e+02   3.2127261e+02
   2.8196672e+02   3.2049084e+02
   2.9390802e+02   3.1548359e+02
   1.9150688e+02   2.4154134e+02
   2.0748147e+02   2.3017253e+02
   2.2693602e+02   2.3074951e+02
   2.4028414e+02   2.4456836e+02
   2.2371543e+02   2.4611774e+02
   2.0732226e+02   2.4582737e+02
   2.9571509e+02   2.4497459e+02
   3.0811131e+02   2.3068609e+02
   3.2727376e+02   2.2994724e+02
   3.4227731e+02   2.4155056e+02
   3.2732052e+02   2.4661657e+02
   3.1140937e+02   2.4631310e+02
   2.3206329e+02   3.5672685e+02
   2.4261010e+02   3.4419554e+02
   2.5610072e+02   3.3525512e+02
   2.7205516e+02   3.3422358e+02
   2.8741347e+02   3.3580023e+02
   2.9894960e+02   3.4630336e+02
   3.0886199e+02   3.5856596e+02
   3.0123607e+02   3.7202072e+02
   2.8780334e+02   3.7986469e+02
   2.7230558e+02   3.8045330e+02
   2.5576936e+02   3.7771021e+02
   2.4074070e+02   3.7058651e+02
   2.4171096e+02   3.5242864e+02
   2.5135864e+02   3.4851636e+02
   2.7206811e+02   3.4831014e+02
   2.9155416e+02   3.4982146e+02
   3.0020807e+02   3.5364220e+02
   2.9035193e+02   3.5746293e+02
   2.7220684e+02   3.6012052e+02
   2.5230593e+02   3.5634092e+02
