   2.0608351e+02   1.9823528e+02
   2.0138821e+02   2.2878352e+02
   2.0067397e+02   2.5931733e+02
   2.0364173e+02   2.9012456e+02
   2.1270400e+02   3.1927154e+02
   2.2803377e+02   3.4575548e+02
   2.5326434e+02   3.6294564e+02
   2.8223137e+02   3.7279926e+02
   3.1264226e+02   3.7434580e+02
   3.4178086e+02   3.7196635e+02
   3.6970301e+02   3.6318579e+02
   3.9391991e+02   3.4688503e+02
   4.1124870e+02   3.2390108e+02
   4.1738938e+02   2.9529729e+02
   4.2168202e+02   2.6644347e+02
   4.2377950e+02   2.3748170e+02
   4.2434083e+02   2.0827785e+02
   2.2175549e+02   1.7881128e+02
   2.3764918e+02   1.7194611e+02
   2.5501675e+02   1.7077375e+02
   2.7243358e+02   1.7201261e+02
   2.8942131e+02   1.7537947e+02
   3.2394708e+02   1.7335980e+02
   3.4233893e+02   1.7007577e+02
   3.6069088e+02   1.6818155e+02
   3.7913413e+02   1.6946566e+02
   3.9458345e+02   1.7889317e+02
   3.0837967e+02   1.8838815e+02
   3.0734864e+02   2.0430888e+02
   3.0647452e+02   2.2007483e+02
   3.0567120e+02   2.3587759e+02
   2.8574309e+02   2.6340054e+02
   2.9631367e+02   2.6522662e+02
   3.0691210e+02   2.6554133e+02
   3.1890304e+02   2.6413852e+02
   3.3019340e+02   2.6024303e+02
   2.4359478e+02   2.0430899e+02
   2.5722940e+02   1.9490370e+02
   2.7364526e+02   1.9523958e+02
   2.8580851e+02   2.0600287e+02
   2.7153456e+02   2.0871209e+02
   2.5717620e+02   2.0859354e+02
   3.2852253e+02   2.0403464e+02
   3.4041597e+02   1.9372979e+02
   3.5601756e+02   1.9166180e+02
   3.6881575e+02   2.0018105e+02
   3.5600969e+02   2.0525584e+02
   3.4219651e+02   2.0541605e+02
   2.6780768e+02   3.0321955e+02
   2.7905581e+02   2.9207535e+02
   2.9242536e+02   2.8414366e+02
   3.0784034e+02   2.8327736e+02
   3.2372191e+02   2.8315824e+02
   3.3785240e+02   2.9043372e+02
   3.5041216e+02   3.0020807e+02
   3.3653494e+02   3.0583085e+02
   3.2232140e+02   3.0914745e+02
   3.0784476e+02   3.1063973e+02
   2.9408829e+02   3.1083053e+02
   2.8057349e+02   3.0850828e+02
   2.7724282e+02   2.9426450e+02
   2.8667796e+02   2.9400804e+02
   3.0760520e+02   2.9317443e+02
   3.2992765e+02   2.9219388e+02
   3.4016990e+02   2.9231905e+02
   3.2937088e+02   2.9244421e+02
   3.0756372e+02   2.9392819e+02
   2.8676940e+02   2.9452096e+02
