   1.8943109e+02   1.8916513e+02
   1.9323156e+02   2.2595645e+02
   1.9866456e+02   2.6258277e+02
   2.0756587e+02   2.9838149e+02
   2.1960914e+02   3.3301322e+02
   2.4050778e+02   3.6322447e+02
   2.6796782e+02   3.8808844e+02
   3.0044206e+02   4.0520063e+02
   3.3646726e+02   4.1028489e+02
   3.7252920e+02   4.0154749e+02
   4.0332736e+02   3.8132421e+02
   4.2855747e+02   3.5447085e+02
   4.4699999e+02   3.2228623e+02
   4.5472183e+02   2.8601828e+02
   4.5711814e+02   2.4923450e+02
   4.5852815e+02   2.1210068e+02
   4.5806360e+02   1.7518991e+02
   2.1114893e+02   1.8283910e+02
   2.3326902e+02   1.7526322e+02
   2.5644538e+02   1.7421286e+02
   2.7900631e+02   1.8001709e+02
   3.0088972e+02   1.8745524e+02
   3.4802754e+02   1.8667006e+02
   3.6736902e+02   1.7703884e+02
   3.8730462e+02   1.6884058e+02
   4.0862255e+02   1.6765072e+02
   4.2989548e+02   1.6984138e+02
   3.2211693e+02   1.9864204e+02
   3.2414739e+02   2.1797381e+02
   3.2482250e+02   2.3741732e+02
   3.2589105e+02   2.5673271e+02
   2.8994955e+02   2.8371663e+02
   3.0831444e+02   2.8400510e+02
   3.2664908e+02   2.8407579e+02
   3.4431919e+02   2.8145887e+02
   3.6174389e+02   2.7910563e+02
   2.3749082e+02   2.0189199e+02
   2.5229083e+02   2.0033783e+02
   2.6688628e+02   1.9878993e+02
   2.8134187e+02   2.0029871e+02
   2.6667150e+02   2.0243868e+02
   2.5212217e+02   2.0299259e+02
   3.6518293e+02   1.9822432e+02
   3.7985045e+02   1.9562371e+02
   3.9467636e+02   1.9566880e+02
   4.0954011e+02   1.9631146e+02
   3.9480189e+02   1.9823623e+02
   3.7990927e+02   1.9893657e+02
   2.7858788e+02   3.1739601e+02
   2.9477398e+02   3.1026414e+02
   3.1234263e+02   3.0883086e+02
   3.2987012e+02   3.0994305e+02
   3.4529563e+02   3.0755387e+02
   3.6082389e+02   3.0765266e+02
   3.7617902e+02   3.0927899e+02
   3.6238187e+02   3.1721195e+02
   3.4668440e+02   3.1998568e+02
   3.3080624e+02   3.2074931e+02
   3.1324785e+02   3.2053795e+02
   2.9603339e+02   3.1838908e+02
   2.9478961e+02   3.1403272e+02
   3.1232824e+02   3.1120915e+02
   3.2996131e+02   3.1158660e+02
   3.4835328e+02   3.0928709e+02
   3.6661081e+02   3.1015809e+02
   3.4813207e+02   3.0999081e+02
   3.2998278e+02   3.1249651e+02
   3.1225978e+02   3.1190072e+02
