   1.8970883e+02   1.8943534e+02
   1.9360151e+02   2.2631858e+02
   1.9913165e+02   2.6301190e+02
   2.0824167e+02   2.9889594e+02
   2.1993577e+02   3.3374697e+02
   2.4115011e+02   3.6380393e+02
   2.6880394e+02   3.8868078e+02
   3.0148680e+02   4.0559801e+02
   3.3757309e+02   4.1081059e+02
   3.7362386e+02   4.0167479e+02
   4.0429678e+02   3.8140700e+02
   4.2913390e+02   3.5423569e+02
   4.4752131e+02   3.2203754e+02
   4.5513518e+02   2.8568559e+02
   4.5744780e+02   2.4900465e+02
   4.5877074e+02   2.1180903e+02
   4.5822162e+02   1.7492465e+02
   2.1134886e+02   1.8342174e+02
   2.3332955e+02   1.7556554e+02
   2.5646585e+02   1.7443331e+02
   2.7900564e+02   1.8014009e+02
   3.0082666e+02   1.8761036e+02
   3.4885503e+02   1.8657206e+02
   3.6809184e+02   1.7688840e+02
   3.8796515e+02   1.6874698e+02
   4.0919728e+02   1.6773203e+02
   4.3036586e+02   1.7012271e+02
   3.2227534e+02   1.9900323e+02
   3.2447147e+02   2.1829821e+02
   3.2518074e+02   2.3770198e+02
   3.2643707e+02   2.5702322e+02
   2.9020095e+02   2.8446489e+02
   3.0851455e+02   2.8449448e+02
   3.2679722e+02   2.8445893e+02
   3.4467647e+02   2.8171952e+02
   3.6240555e+02   2.7973620e+02
   2.3738115e+02   2.0268158e+02
   2.5242911e+02   2.0113200e+02
   2.6733261e+02   1.9973722e+02
   2.8218634e+02   2.0080927e+02
   2.6718297e+02   2.0281765e+02
   2.5232764e+02   2.0355432e+02
   3.6506805e+02   1.9881287e+02
   3.7976019e+02   1.9588026e+02
   3.9475147e+02   1.9589313e+02
   4.0972761e+02   1.9656654e+02
   3.9492993e+02   1.9869968e+02
   3.7990609e+02   1.9944656e+02
   2.7840504e+02   3.1754533e+02
   2.9482232e+02   3.1040721e+02
   3.1253295e+02   3.0874327e+02
   3.3023040e+02   3.1004873e+02
   3.4588358e+02   3.0766585e+02
   3.6161339e+02   3.0799014e+02
   3.7724134e+02   3.0921277e+02
   3.6297662e+02   3.1679039e+02
   3.4710183e+02   3.1954676e+02
   3.3104226e+02   3.2005341e+02
   3.1333741e+02   3.1988595e+02
   2.9593055e+02   3.1812622e+02
   2.9622660e+02   3.1372627e+02
   3.1311798e+02   3.1125614e+02
   3.3011731e+02   3.1129553e+02
   3.4849006e+02   3.0919535e+02
   3.6670199e+02   3.1013379e+02
   3.4826488e+02   3.0978578e+02
   3.3008420e+02   3.1215076e+02
   3.1303496e+02   3.1192346e+02
