   1.8900055e+02   1.8641602e+02
   1.9306045e+02   2.2417148e+02
   1.9843043e+02   2.6133343e+02
   2.0624517e+02   2.9804813e+02
   2.1963244e+02   3.3330828e+02
   2.4204815e+02   3.6362887e+02
   2.7069373e+02   3.8786977e+02
   3.0279075e+02   4.0712251e+02
   3.3960025e+02   4.1273892e+02
   3.7503341e+02   4.0276826e+02
   4.0492458e+02   3.8035296e+02
   4.3068634e+02   3.5381762e+02
   4.4889475e+02   3.2177057e+02
   4.5571681e+02   2.8515773e+02
   4.5819859e+02   2.4810632e+02
   4.5886541e+02   2.1104661e+02
   4.5795624e+02   1.7408196e+02
   2.1125522e+02   1.7451149e+02
   2.3108837e+02   1.6686121e+02
   2.5245100e+02   1.6524663e+02
   2.7363692e+02   1.6734352e+02
   2.9409424e+02   1.7293409e+02
   3.5005438e+02   1.7298164e+02
   3.6907918e+02   1.6545347e+02
   3.8913177e+02   1.6162952e+02
   4.0948986e+02   1.6014192e+02
   4.2907668e+02   1.6487822e+02
   3.2364225e+02   1.9203833e+02
   3.2465329e+02   2.1286143e+02
   3.2551779e+02   2.3356887e+02
   3.2580393e+02   2.5414190e+02
   2.9131837e+02   2.8132702e+02
   3.0902943e+02   2.8441200e+02
   3.2682495e+02   2.8526302e+02
   3.4432749e+02   2.8358822e+02
   3.6077020e+02   2.7789102e+02
   2.3834489e+02   2.0192074e+02
   2.5213551e+02   1.9931064e+02
   2.6674300e+02   1.9848913e+02
   2.8040542e+02   1.9998219e+02
   2.6650962e+02   2.0327745e+02
   2.5234990e+02   2.0405041e+02
   3.6733866e+02   1.9779359e+02
   3.7984451e+02   1.9657009e+02
   3.9294340e+02   1.9621800e+02
   4.0552217e+02   1.9768714e+02
   3.9274816e+02   2.0003567e+02
   3.7987440e+02   2.0013710e+02
   2.8081646e+02   3.2792306e+02
   2.9573156e+02   3.1613579e+02
   3.1320093e+02   3.0890625e+02
   3.3148616e+02   3.1142851e+02
   3.4877488e+02   3.0529975e+02
   3.6688287e+02   3.0881318e+02
   3.8180013e+02   3.1960869e+02
   3.7123820e+02   3.3551831e+02
   3.5362298e+02   3.4309060e+02
   3.3452050e+02   3.4553679e+02
   3.1471762e+02   3.4519258e+02
   2.9555653e+02   3.4066098e+02
   2.9382491e+02   3.2534697e+02
   3.1305165e+02   3.2247602e+02
   3.3231379e+02   3.2278764e+02
   3.5193704e+02   3.1895575e+02
   3.7161123e+02   3.1927276e+02
   3.5179259e+02   3.2001403e+02
   3.3258193e+02   3.2388958e+02
   3.1303534e+02   3.2346024e+02
