   1.8963701e+02   1.8927216e+02
   1.9347277e+02   2.2617982e+02
   1.9895017e+02   2.6289747e+02
   2.0803483e+02   2.9880748e+02
   2.1964825e+02   3.3370455e+02
   2.4085183e+02   3.6378371e+02
   2.6849431e+02   3.8870204e+02
   3.0116843e+02   4.0567418e+02
   3.3725816e+02   4.1097495e+02
   3.7332913e+02   4.0185816e+02
   4.0403297e+02   3.8162869e+02
   4.2889186e+02   3.5446998e+02
   4.4733970e+02   3.2229598e+02
   4.5500237e+02   2.8594183e+02
   4.5737091e+02   2.4926487e+02
   4.5875827e+02   2.1205670e+02
   4.5827005e+02   1.7516412e+02
   2.1131472e+02   1.8317612e+02
   2.3327757e+02   1.7537251e+02
   2.5638442e+02   1.7428203e+02
   2.7888538e+02   1.7999385e+02
   3.0066794e+02   1.8746856e+02
   3.4890138e+02   1.8654383e+02
   3.6815250e+02   1.7688258e+02
   3.8804828e+02   1.6880521e+02
   4.0928277e+02   1.6783647e+02
   4.3044231e+02   1.7029691e+02
   3.2222293e+02   1.9899643e+02
   3.2439179e+02   2.1831222e+02
   3.2507382e+02   2.3773353e+02
   3.2631739e+02   2.5707609e+02
   2.9000390e+02   2.8449274e+02
   3.0831436e+02   2.8452810e+02
   3.2659203e+02   2.8451052e+02
   3.4449861e+02   2.8179908e+02
   3.6226172e+02   2.7986607e+02
   2.3729642e+02   2.0257739e+02
   2.5236163e+02   2.0094713e+02
   2.6732154e+02   1.9959529e+02
   2.8220586e+02   2.0076645e+02
   2.6716444e+02   2.0273860e+02
   2.5227287e+02   2.0346592e+02
   3.6496042e+02   1.9890214e+02
   3.7967168e+02   1.9588705e+02
   3.9470798e+02   1.9592495e+02
   4.0970755e+02   1.9669856e+02
   3.9488333e+02   1.9883960e+02
   3.7982698e+02   1.9956116e+02
   2.7811388e+02   3.1757091e+02
   2.9456915e+02   3.1043056e+02
   3.1230516e+02   3.0875012e+02
   3.3002567e+02   3.1013121e+02
   3.4570172e+02   3.0773284e+02
   3.6146074e+02   3.0812235e+02
   3.7710254e+02   3.0939564e+02
   3.6281009e+02   3.1695996e+02
   3.4691207e+02   3.1971158e+02
   3.3082686e+02   3.2017436e+02
   3.1308642e+02   3.1998929e+02
   2.9564597e+02   3.1821169e+02
   2.9608514e+02   3.1376389e+02
   3.1293150e+02   3.1134325e+02
   3.2988320e+02   3.1138485e+02
   3.4826039e+02   3.0932616e+02
   3.6647124e+02   3.1029994e+02
   3.4803604e+02   3.0991085e+02
   3.2984548e+02   3.1223734e+02
   3.1284627e+02   3.1201322e+02
