   2.2649027e+02   2.4168554e+02
   2.2666466e+02   2.7027514e+02
   2.2997960e+02   2.9865430e+02
   2.3555138e+02   3.2657404e+02
   2.4651392e+02   3.5273902e+02
   2.6485750e+02   3.7458577e+02
   2.8754009e+02   3.9173743e+02
   3.1132473e+02   4.0722542e+02
   3.3892509e+02   4.1189518e+02
   3.6671204e+02   4.0827536e+02
   3.9105823e+02   3.9421017e+02
   4.1072130e+02   3.7407774e+02
   4.2842278e+02   3.5231120e+02
   4.3970586e+02   3.2632401e+02
   4.4552465e+02   2.9884806e+02
   4.4994639e+02   2.7095506e+02
   4.5234760e+02   2.4309326e+02
   2.4815694e+02   2.1610928e+02
   2.6215180e+02   2.0200324e+02
   2.8153064e+02   1.9734989e+02
   3.0125978e+02   2.0047461e+02
   3.1958743e+02   2.0824239e+02
   3.6153991e+02   2.0319433e+02
   3.8104156e+02   1.9718288e+02
   4.0108916e+02   1.9405305e+02
   4.1975971e+02   2.0172684e+02
   4.3262512e+02   2.1718139e+02
   3.4130303e+02   2.2239147e+02
   3.4174410e+02   2.4412246e+02
   3.4205007e+02   2.6588241e+02
   3.4223795e+02   2.8732243e+02
   3.1091797e+02   2.9143796e+02
   3.2344251e+02   3.0355778e+02
   3.4040656e+02   3.0706732e+02
   3.5747609e+02   3.0430965e+02
   3.7118969e+02   2.9378736e+02
   2.6636965e+02   2.3655137e+02
   2.7951144e+02   2.2466084e+02
   2.9733300e+02   2.2475140e+02
   3.1106388e+02   2.3575145e+02
   2.9622525e+02   2.3956281e+02
   2.8107844e+02   2.4009721e+02
   3.6685282e+02   2.3786345e+02
   3.7891028e+02   2.2546115e+02
   3.9629704e+02   2.2485277e+02
   4.0932634e+02   2.3605353e+02
   3.9545639e+02   2.4024675e+02
   3.8101155e+02   2.4017416e+02
   3.0155941e+02   3.3536517e+02
   3.1398550e+02   3.2826398e+02
   3.2638338e+02   3.2148786e+02
   3.3910323e+02   3.2616877e+02
   3.5315404e+02   3.2345406e+02
   3.6613785e+02   3.3077802e+02
   3.7899738e+02   3.3786524e+02
   3.6668861e+02   3.4815254e+02
   3.5315936e+02   3.5639201e+02
   3.3766883e+02   3.5814104e+02
   3.2345458e+02   3.5492251e+02
   3.1181775e+02   3.4582180e+02
   3.1010259e+02   3.3635203e+02
   3.2445431e+02   3.3107448e+02
   3.3935318e+02   3.3196518e+02
   3.5382549e+02   3.3156418e+02
   3.6672276e+02   3.3761926e+02
   3.5254199e+02   3.4060202e+02
   3.3835279e+02   3.4223760e+02
   3.2407788e+02   3.3957370e+02
