   2.1779878e+02   2.1708728e+02
   2.1689078e+02   2.5486311e+02
   2.2367206e+02   2.9207462e+02
   2.3823885e+02   3.2679248e+02
   2.5494789e+02   3.6061587e+02
   2.7953139e+02   3.8890414e+02
   3.1045043e+02   4.1042450e+02
   3.4537818e+02   4.2529204e+02
   3.8236266e+02   4.2851270e+02
   4.1806689e+02   4.2413911e+02
   4.4999561e+02   4.0856366e+02
   4.7742884e+02   3.8563278e+02
   4.9983194e+02   3.5772590e+02
   5.0949470e+02   3.2337268e+02
   5.1613174e+02   2.8786876e+02
   5.1815853e+02   2.5206194e+02
   5.1869634e+02   2.1655158e+02
   2.4762010e+02   1.8034162e+02
   2.6870792e+02   1.6539026e+02
   2.9356778e+02   1.5893545e+02
   3.1916937e+02   1.6078699e+02
   3.4348894e+02   1.6915112e+02
   3.9725624e+02   1.6428431e+02
   4.2026527e+02   1.5648688e+02
   4.4357508e+02   1.5079923e+02
   4.6719522e+02   1.5484270e+02
   4.8887233e+02   1.6542594e+02
   3.7277664e+02   1.9950671e+02
   3.7399586e+02   2.2336618e+02
   3.7557578e+02   2.4690136e+02
   3.7810595e+02   2.7034028e+02
   3.4561168e+02   2.9324677e+02
   3.6162731e+02   3.0003883e+02
   3.7863337e+02   3.0176439e+02
   3.9355789e+02   2.9857543e+02
   4.0685187e+02   2.9164665e+02
   2.8010863e+02   2.0643671e+02
   3.0022526e+02   1.9740182e+02
   3.2195062e+02   1.9523294e+02
   3.3975602e+02   2.0697070e+02
   3.1974604e+02   2.0954150e+02
   2.9969791e+02   2.1059487e+02
   4.0525688e+02   2.0323706e+02
   4.2024655e+02   1.8968711e+02
   4.4047753e+02   1.8893026e+02
   4.5957889e+02   1.9631247e+02
   4.4235281e+02   2.0382019e+02
   4.2365388e+02   2.0610059e+02
   3.2976923e+02   3.4009600e+02
   3.4493415e+02   3.2845414e+02
   3.5976855e+02   3.1654668e+02
   3.7756618e+02   3.1987236e+02
   3.9518127e+02   3.1447085e+02
   4.1121730e+02   3.2509745e+02
   4.2709559e+02   3.3585024e+02
   4.1575540e+02   3.4979882e+02
   3.9878054e+02   3.5602983e+02
   3.8076123e+02   3.5875053e+02
   3.6144337e+02   3.5876781e+02
   3.4308983e+02   3.5352445e+02
   3.4163086e+02   3.3500864e+02
   3.5349249e+02   3.3472611e+02
   3.7756554e+02   3.3691333e+02
   4.0231187e+02   3.3158481e+02
   4.1470373e+02   3.3184948e+02
   4.0178216e+02   3.3211416e+02
   3.7703251e+02   3.3744653e+02
   3.5300775e+02   3.3529117e+02
