   2.1780144e+02   2.1702170e+02
   2.1687290e+02   2.5480347e+02
   2.2362530e+02   2.9199390e+02
   2.3817247e+02   3.2672638e+02
   2.5486141e+02   3.6056799e+02
   2.7957368e+02   3.8874265e+02
   3.1048732e+02   4.1024967e+02
   3.4529142e+02   4.2533233e+02
   3.8227928e+02   4.2857197e+02
   4.1788265e+02   4.2396414e+02
   4.4973134e+02   4.0822836e+02
   4.7710217e+02   3.8527642e+02
   4.9961162e+02   3.5752617e+02
   5.0970835e+02   3.2335937e+02
   5.1618727e+02   2.8789021e+02
   5.1819401e+02   2.5213314e+02
   5.1875059e+02   2.1664828e+02
   2.4767604e+02   1.8008204e+02
   2.6887295e+02   1.6515403e+02
   2.9380305e+02   1.5876770e+02
   3.1943927e+02   1.6091637e+02
   3.4360140e+02   1.6970802e+02
   3.9678067e+02   1.6517810e+02
   4.1976838e+02   1.5678979e+02
   4.4322027e+02   1.5085814e+02
   4.6712321e+02   1.5475858e+02
   4.8894908e+02   1.6549783e+02
   3.7292408e+02   1.9996388e+02
   3.7405064e+02   2.2381653e+02
   3.7560321e+02   2.4734940e+02
   3.7784559e+02   2.7080561e+02
   3.4533890e+02   2.9297585e+02
   3.6137859e+02   2.9986921e+02
   3.7842694e+02   3.0183687e+02
   3.9375720e+02   2.9859187e+02
   4.0722920e+02   2.9122630e+02
   2.8002757e+02   2.0623373e+02
   3.0012681e+02   1.9740256e+02
   3.2174688e+02   1.9527542e+02
   3.3955017e+02   2.0683142e+02
   3.1959383e+02   2.0935488e+02
   2.9959829e+02   2.1027635e+02
   4.0563702e+02   2.0315736e+02
   4.2073387e+02   1.8984730e+02
   4.4091166e+02   1.8908675e+02
   4.5996707e+02   1.9635401e+02
   4.4267883e+02   2.0362132e+02
   4.2401932e+02   2.0600115e+02
   3.2987195e+02   3.3984665e+02
   3.4490314e+02   3.2813371e+02
   3.5981032e+02   3.1648857e+02
   3.7757912e+02   3.1978445e+02
   3.9514854e+02   3.1448984e+02
   4.1117067e+02   3.2497092e+02
   4.2696524e+02   3.3572133e+02
   4.1567840e+02   3.4967627e+02
   3.9869147e+02   3.5585628e+02
   3.8068586e+02   3.5841489e+02
   3.6130286e+02   3.5837938e+02
   3.4280716e+02   3.5353176e+02
   3.4174356e+02   3.3484332e+02
   3.5361517e+02   3.3456168e+02
   3.7768438e+02   3.3691832e+02
   4.0229602e+02   3.3134791e+02
   4.1463063e+02   3.3164858e+02
   4.0176624e+02   3.3194925e+02
   3.7712854e+02   3.3733623e+02
   3.5312110e+02   3.3512495e+02
