   2.1775754e+02   2.1702930e+02
   2.1686691e+02   2.5477540e+02
   2.2353967e+02   2.9158261e+02
   2.3806990e+02   3.2627650e+02
   2.5472439e+02   3.6010668e+02
   2.8097083e+02   3.8678447e+02
   3.1188547e+02   4.0787117e+02
   3.4534115e+02   4.2502997e+02
   3.8228337e+02   4.2821355e+02
   4.1664605e+02   4.2080702e+02
   4.4741720e+02   4.0313991e+02
   4.7386798e+02   3.7983439e+02
   4.9728909e+02   3.5372382e+02
   5.1187975e+02   3.2162395e+02
   5.1636321e+02   2.8659346e+02
   5.1789856e+02   2.5146977e+02
   5.1841487e+02   2.1636139e+02
   2.4787487e+02   1.7786209e+02
   2.7057818e+02   1.6672082e+02
   2.9517415e+02   1.6288148e+02
   3.1998555e+02   1.6655162e+02
   3.4101095e+02   1.7965518e+02
   3.9372218e+02   1.8076871e+02
   4.1453724e+02   1.6476585e+02
   4.3914699e+02   1.5573306e+02
   4.6523379e+02   1.5472590e+02
   4.8859211e+02   1.6528966e+02
   3.7391289e+02   2.0467947e+02
   3.7418481e+02   2.2838256e+02
   3.7559543e+02   2.5181269e+02
   3.7483897e+02   2.7537875e+02
   3.4396614e+02   2.8425396e+02
   3.5949554e+02   2.9391193e+02
   3.7698414e+02   2.9816441e+02
   3.9403862e+02   2.9389598e+02
   4.0818135e+02   2.8352219e+02
   2.7993521e+02   2.0622700e+02
   2.9794445e+02   1.9872176e+02
   3.1763673e+02   1.9833554e+02
   3.3603355e+02   2.0445487e+02
   3.1729180e+02   2.0500242e+02
   2.9853547e+02   2.0551935e+02
   4.0910038e+02   2.0175197e+02
   4.2628904e+02   1.9368609e+02
   4.4508997e+02   1.9171330e+02
   4.6331834e+02   1.9592243e+02
   4.4517061e+02   1.9793135e+02
   4.2702628e+02   1.9913758e+02
   3.2990826e+02   3.3364273e+02
   3.4114280e+02   3.1863214e+02
   3.5793562e+02   3.1064361e+02
   3.7558967e+02   3.1508014e+02
   3.9339291e+02   3.1077781e+02
   4.1049373e+02   3.1787582e+02
   4.2337518e+02   3.3095249e+02
   4.1427825e+02   3.4562122e+02
   3.9786658e+02   3.5192578e+02
   3.8029432e+02   3.5316941e+02
   3.6074832e+02   3.5248019e+02
   3.4215133e+02   3.4782350e+02
   3.4149972e+02   3.3020387e+02
   3.5309117e+02   3.2993278e+02
   3.7620304e+02   3.3164443e+02
   3.9991620e+02   3.2717633e+02
   4.1164569e+02   3.2746213e+02
   3.9956134e+02   3.2774792e+02
   3.7617074e+02   3.3156974e+02
   3.5284610e+02   3.3047497e+02
