   1.9228868e+02   1.8654035e+02
   1.9184873e+02   2.1681894e+02
   1.9275267e+02   2.4679512e+02
   1.9606618e+02   2.7675335e+02
   2.0333046e+02   3.0597338e+02
   2.1888645e+02   3.3180097e+02
   2.3818251e+02   3.5480707e+02
   2.6209357e+02   3.7298551e+02
   2.9091633e+02   3.8026823e+02
   3.2119902e+02   3.7675209e+02
   3.4667990e+02   3.5928141e+02
   3.6990325e+02   3.3881738e+02
   3.8871518e+02   3.1403778e+02
   4.0018704e+02   2.8538983e+02
   4.0474652e+02   2.5486364e+02
   4.0846935e+02   2.2403652e+02
   4.1050503e+02   1.9319994e+02
   2.1327849e+02   1.6261952e+02
   2.3080649e+02   1.5772835e+02
   2.4897939e+02   1.5926309e+02
   2.6665878e+02   1.6440741e+02
   2.8209834e+02   1.7383546e+02
   3.3017244e+02   1.7276497e+02
   3.4556953e+02   1.6812028e+02
   3.6165719e+02   1.6647768e+02
   3.7759940e+02   1.6719166e+02
   3.9350340e+02   1.6959241e+02
   3.0734374e+02   1.8613751e+02
   3.0586656e+02   2.0800258e+02
   3.0335586e+02   2.2957092e+02
   3.0189379e+02   2.5130850e+02
   2.7764703e+02   2.7223468e+02
   2.8852050e+02   2.7526091e+02
   2.9952598e+02   2.7671799e+02
   3.0988673e+02   2.7681855e+02
   3.1999709e+02   2.7461247e+02
   2.2906806e+02   1.9393862e+02
   2.4505942e+02   1.8570498e+02
   2.6295883e+02   1.8892201e+02
   2.7729342e+02   2.0008602e+02
   2.6058765e+02   2.0060491e+02
   2.4409640e+02   2.0041391e+02
   3.2863921e+02   2.0263442e+02
   3.4399592e+02   1.9169799e+02
   3.6265539e+02   1.9072193e+02
   3.7675963e+02   2.0249504e+02
   3.6104054e+02   2.0671864e+02
   3.4462946e+02   2.0533295e+02
   2.4582052e+02   2.9719963e+02
   2.6366513e+02   2.9564238e+02
   2.8131607e+02   2.9302562e+02
   2.9887155e+02   2.9440558e+02
   3.1694534e+02   2.9532524e+02
   3.3437587e+02   2.9996483e+02
   3.5228997e+02   3.0209301e+02
   3.3275912e+02   3.0824151e+02
   3.1620784e+02   3.2058938e+02
   2.9650876e+02   3.2099629e+02
   2.7763983e+02   3.1903416e+02
   2.6280088e+02   3.0660994e+02
   2.5894458e+02   3.0066168e+02
   2.7206863e+02   3.0067647e+02
   2.9829456e+02   3.0359292e+02
   3.2539998e+02   3.0294829e+02
   3.3884497e+02   3.0288916e+02
   3.2492796e+02   3.0283003e+02
   2.9800232e+02   3.0358235e+02
   2.7175465e+02   3.0064689e+02
