   1.9234148e+02   1.8664928e+02
   1.9191797e+02   2.1694136e+02
   1.9274524e+02   2.4692177e+02
   1.9607980e+02   2.7687227e+02
   2.0346561e+02   3.0605259e+02
   2.1892918e+02   3.3193879e+02
   2.3831868e+02   3.5485340e+02
   2.6235804e+02   3.7291938e+02
   2.9120734e+02   3.8029221e+02
   3.2140989e+02   3.7673292e+02
   3.4673631e+02   3.5904086e+02
   3.7006162e+02   3.3877618e+02
   3.8880052e+02   3.1393342e+02
   4.0028239e+02   2.8525332e+02
   4.0487869e+02   2.5480424e+02
   4.0853920e+02   2.2401837e+02
   4.1053936e+02   1.9319032e+02
   2.1331624e+02   1.6271953e+02
   2.3083983e+02   1.5781939e+02
   2.4901172e+02   1.5934416e+02
   2.6669210e+02   1.6447841e+02
   2.8213520e+02   1.7389716e+02
   3.3020385e+02   1.7280081e+02
   3.4560525e+02   1.6814668e+02
   3.6169837e+02   1.6649672e+02
   3.7764933e+02   1.6720503e+02
   3.9355782e+02   1.6961357e+02
   3.0738468e+02   1.8618433e+02
   3.0591947e+02   2.0804799e+02
   3.0342067e+02   2.2961551e+02
   3.0197050e+02   2.5135168e+02
   2.7773748e+02   2.7228883e+02
   2.8861149e+02   2.7530889e+02
   2.9961664e+02   2.7675987e+02
   3.0997640e+02   2.7685483e+02
   3.2008455e+02   2.7464350e+02
   2.2912114e+02   1.9402693e+02
   2.4510643e+02   1.8578549e+02
   2.6300577e+02   1.8899253e+02
   2.7734494e+02   2.0014766e+02
   2.6064114e+02   2.0067552e+02
   2.4415146e+02   2.0049345e+02
   3.2872268e+02   2.0267742e+02
   3.4402658e+02   1.9172809e+02
   3.6265531e+02   1.9072794e+02
   3.7678483e+02   2.0243099e+02
   3.6110043e+02   2.0671082e+02
   3.4470312e+02   2.0536166e+02
   2.4601416e+02   2.9677396e+02
   2.6376751e+02   2.9525095e+02
   2.8147192e+02   2.9295810e+02
   2.9896479e+02   2.9442934e+02
   3.1696933e+02   2.9527052e+02
   3.3436049e+02   2.9964089e+02
   3.5212498e+02   3.0187035e+02
   3.3280330e+02   3.0838406e+02
   3.1640675e+02   3.2113377e+02
   2.9662237e+02   3.2142117e+02
   2.7758018e+02   3.1942227e+02
   2.6273799e+02   3.0670204e+02
   2.5914258e+02   3.0045995e+02
   2.7227101e+02   3.0031011e+02
   2.9853611e+02   3.0315384e+02
   3.2544175e+02   3.0250212e+02
   3.3878337e+02   3.0262761e+02
   3.2488722e+02   3.0275311e+02
   2.9811133e+02   3.0356939e+02
   2.7189850e+02   3.0060980e+02
