   1.8522138e+02   2.4277924e+02
   1.8633177e+02   2.7111675e+02
   1.9085031e+02   2.9891334e+02
   1.9427820e+02   3.2698650e+02
   2.0824326e+02   3.5145050e+02
   2.2551126e+02   3.7372990e+02
   2.4375154e+02   3.9550879e+02
   2.6391613e+02   4.1501225e+02
   2.9094932e+02   4.1907260e+02
   3.1897163e+02   4.1341642e+02
   3.4251728e+02   3.9674714e+02
   3.6240559e+02   3.7595220e+02
   3.8150869e+02   3.5472239e+02
   3.9450956e+02   3.2893733e+02
   4.0082152e+02   3.0092079e+02
   4.0638477e+02   2.7254368e+02
   4.0952816e+02   2.4419740e+02
   1.9667326e+02   2.0249982e+02
   2.0977362e+02   1.9361318e+02
   2.2446651e+02   1.8781306e+02
   2.4024728e+02   1.8755531e+02
   2.5546613e+02   1.9117910e+02
   3.1845792e+02   1.8898296e+02
   3.3482326e+02   1.8644576e+02
   3.5115172e+02   1.8800663e+02
   3.6727033e+02   1.9213264e+02
   3.7994063e+02   2.0185321e+02
   2.8685384e+02   2.2202362e+02
   2.8638266e+02   2.4407497e+02
   2.8432494e+02   2.6596860e+02
   2.8151972e+02   2.8769101e+02
   2.5342376e+02   2.9698171e+02
   2.6784878e+02   3.0658086e+02
   2.8399076e+02   3.1218996e+02
   3.0121953e+02   3.0849793e+02
   3.1642505e+02   2.9960186e+02
   2.1727968e+02   2.3237351e+02
   2.2948233e+02   2.2045625e+02
   2.4673811e+02   2.2170387e+02
   2.5746348e+02   2.3478928e+02
   2.4376802e+02   2.3852071e+02
   2.2967198e+02   2.3851635e+02
   3.1871650e+02   2.3522696e+02
   3.3153246e+02   2.2183098e+02
   3.5013932e+02   2.2058352e+02
   3.6330672e+02   2.3322878e+02
   3.4892720e+02   2.3833474e+02
   3.3371131e+02   2.3825755e+02
   2.3633415e+02   3.3576868e+02
   2.5270222e+02   3.3528768e+02
   2.6906734e+02   3.3278302e+02
   2.8495832e+02   3.3536285e+02
   3.0409047e+02   3.3329762e+02
   3.2314171e+02   3.3580485e+02
   3.4210079e+02   3.3415263e+02
   3.2595302e+02   3.4835478e+02
   3.0715246e+02   3.5847567e+02
   2.8667583e+02   3.6363982e+02
   2.6658820e+02   3.6074115e+02
   2.4843751e+02   3.5176510e+02
   2.5763894e+02   3.4230901e+02
   2.7086757e+02   3.4606742e+02
   2.8438609e+02   3.4710955e+02
   3.0058363e+02   3.4658593e+02
   3.1645502e+02   3.4331376e+02
   3.0058083e+02   3.4691906e+02
   2.8441568e+02   3.4798802e+02
   2.7066146e+02   3.4636036e+02
