   1.8474261e+02   2.4137704e+02
   1.8561537e+02   2.6992444e+02
   1.9029935e+02   2.9788362e+02
   1.9510535e+02   3.2585643e+02
   2.0748650e+02   3.5137787e+02
   2.2333699e+02   3.7472818e+02
   2.4167623e+02   3.9662483e+02
   2.6312472e+02   4.1482887e+02
   2.9053933e+02   4.1904274e+02
   3.1874558e+02   4.1419532e+02
   3.4266548e+02   3.9778707e+02
   3.6243576e+02   3.7680168e+02
   3.8149335e+02   3.5523460e+02
   3.9447498e+02   3.2944311e+02
   4.0045124e+02   3.0119103e+02
   4.0605643e+02   2.7268806e+02
   4.0923344e+02   2.4423217e+02
   1.9617546e+02   2.0236503e+02
   2.0929504e+02   1.9347658e+02
   2.2400704e+02   1.8767888e+02
   2.3980484e+02   1.8743012e+02
   2.5503783e+02   1.9106673e+02
   3.1781128e+02   1.8804791e+02
   3.3436478e+02   1.8590335e+02
   3.5092228e+02   1.8729155e+02
   3.6703514e+02   1.9167668e+02
   3.7963915e+02   2.0182533e+02
   2.8644099e+02   2.2196265e+02
   2.8595636e+02   2.4403730e+02
   2.8388358e+02   2.6595313e+02
   2.8106261e+02   2.8769712e+02
   2.5370311e+02   2.9790172e+02
   2.6787125e+02   3.0686307e+02
   2.8352190e+02   3.1222371e+02
   3.0052984e+02   3.0863280e+02
   3.1577327e+02   3.0049893e+02
   2.1678637e+02   2.3228276e+02
   2.2894607e+02   2.2024557e+02
   2.4625096e+02   2.2157950e+02
   2.5701171e+02   2.3472470e+02
   2.4333291e+02   2.3888769e+02
   2.2907356e+02   2.3894081e+02
   3.1832996e+02   2.3519882e+02
   3.3116749e+02   2.2179604e+02
   3.4979497e+02   2.2055817e+02
   3.6296903e+02   2.3322468e+02
   3.4859800e+02   2.3853376e+02
   3.3331578e+02   2.3849521e+02
   2.3562748e+02   3.3483162e+02
   2.5226214e+02   3.3542503e+02
   2.6877581e+02   3.3255444e+02
   2.8461900e+02   3.3591113e+02
   3.0364288e+02   3.3358236e+02
   3.2271006e+02   3.3648554e+02
   3.4153891e+02   3.3412237e+02
   3.2599070e+02   3.4967996e+02
   3.0738136e+02   3.6116515e+02
   2.8652246e+02   3.6724756e+02
   2.6570676e+02   3.6347045e+02
   2.4802070e+02   3.5200777e+02
   2.5577598e+02   3.4293881e+02
   2.6941709e+02   3.4670197e+02
   2.8343375e+02   3.4771814e+02
   3.0011734e+02   3.4680278e+02
   3.1642648e+02   3.4393045e+02
   3.0003421e+02   3.4702840e+02
   2.8347531e+02   3.4829670e+02
   2.6929002e+02   3.4689243e+02
