   2.4915964e+02   2.1228366e+02
   2.4694601e+02   2.4443910e+02
   2.4927488e+02   2.7640092e+02
   2.5114647e+02   3.0847287e+02
   2.5771819e+02   3.3997153e+02
   2.7108454e+02   3.6913191e+02
   2.9391148e+02   3.9156445e+02
   3.2197076e+02   4.0659358e+02
   3.5278590e+02   4.1403367e+02
   3.8672650e+02   4.1154797e+02
   4.1909856e+02   4.0199984e+02
   4.4514527e+02   3.8027398e+02
   4.6581204e+02   3.5367920e+02
   4.7506182e+02   3.2112153e+02
   4.8023956e+02   2.8787469e+02
   4.8560394e+02   2.5429575e+02
   4.8658113e+02   2.2085116e+02
   2.7574833e+02   1.9326787e+02
   2.9111934e+02   1.8800629e+02
   3.0720347e+02   1.8578923e+02
   3.2284634e+02   1.8977196e+02
   3.3823556e+02   1.9450117e+02
   3.9532831e+02   1.9563445e+02
   4.1168074e+02   1.9293985e+02
   4.2837124e+02   1.9315902e+02
   4.4489322e+02   1.9219578e+02
   4.6082168e+02   1.9714449e+02
   3.6840098e+02   2.2054976e+02
   3.6896151e+02   2.3973693e+02
   3.6879489e+02   2.5882572e+02
   3.6725201e+02   2.7783581e+02
   3.4770510e+02   2.9053108e+02
   3.5766445e+02   2.9289770e+02
   3.6782387e+02   2.9331231e+02
   3.7615616e+02   2.9319938e+02
   3.8433023e+02   2.9224683e+02
   2.8969862e+02   2.1916526e+02
   3.0600705e+02   2.1207359e+02
   3.2350584e+02   2.1432574e+02
   3.3693418e+02   2.2558172e+02
   3.2022433e+02   2.2746461e+02
   3.0332872e+02   2.2779052e+02
   3.9477513e+02   2.2557849e+02
   4.0887568e+02   2.1546401e+02
   4.2585783e+02   2.1320264e+02
   4.4009697e+02   2.2245169e+02
   4.2608228e+02   2.2946180e+02
   4.1013179e+02   2.2892629e+02
   3.1661336e+02   3.3248934e+02
   3.3169025e+02   3.2743118e+02
   3.4715383e+02   3.2228069e+02
   3.6282152e+02   3.2451299e+02
   3.7818818e+02   3.2317757e+02
   3.9296673e+02   3.2791442e+02
   4.0714014e+02   3.3455639e+02
   3.9255962e+02   3.4332031e+02
   3.7639690e+02   3.4718168e+02
   3.6006771e+02   3.5077564e+02
   3.4396314e+02   3.4773288e+02
   3.2899352e+02   3.4253375e+02
   3.3433296e+02   3.3250225e+02
   3.4817211e+02   3.3228305e+02
   3.6172136e+02   3.3375825e+02
   3.7410481e+02   3.3250126e+02
   3.8688687e+02   3.3326535e+02
   3.7319588e+02   3.3237544e+02
   3.5979649e+02   3.3446522e+02
   3.4692784e+02   3.3221711e+02
