   2.5069378e+02   2.1578937e+02
   2.4845731e+02   2.4863379e+02
   2.5077192e+02   2.8124018e+02
   2.5279625e+02   3.1415867e+02
   2.5980774e+02   3.4600293e+02
   2.7451648e+02   3.7535790e+02
   2.9331198e+02   4.0205005e+02
   3.1793933e+02   4.2384360e+02
   3.4825235e+02   4.3231129e+02
   3.8376244e+02   4.3274232e+02
   4.1625535e+02   4.1810852e+02
   4.4321991e+02   3.9457726e+02
   4.6090985e+02   3.6359755e+02
   4.7410010e+02   3.3054822e+02
   4.8065164e+02   2.9544564e+02
   4.8702846e+02   2.6009826e+02
   4.8836310e+02   2.2471240e+02
   2.7454767e+02   1.7441333e+02
   2.8692215e+02   1.6084643e+02
   3.0383155e+02   1.5475943e+02
   3.2154233e+02   1.5921920e+02
   3.3869181e+02   1.6549060e+02
   4.0133180e+02   1.7096254e+02
   4.1887454e+02   1.6583300e+02
   4.3679573e+02   1.6317594e+02
   4.5434691e+02   1.6661723e+02
   4.6341449e+02   1.8135050e+02
   3.6902928e+02   2.1312856e+02
   3.6902720e+02   2.3264398e+02
   3.6855657e+02   2.5198107e+02
   3.6811091e+02   2.7118883e+02
   3.4863262e+02   2.8652703e+02
   3.5758727e+02   2.8764286e+02
   3.6653749e+02   2.8819008e+02
   3.7609682e+02   2.8923820e+02
   3.8552304e+02   2.8772100e+02
   2.9297461e+02   2.0613049e+02
   3.0972040e+02   1.9664540e+02
   3.2839819e+02   2.0213060e+02
   3.3921813e+02   2.1807264e+02
   3.2141300e+02   2.2291611e+02
   3.0332750e+02   2.2037410e+02
   3.9597684e+02   2.1910353e+02
   4.0970104e+02   2.0499293e+02
   4.2917148e+02   2.0295455e+02
   4.4379582e+02   2.1537630e+02
   4.2987958e+02   2.2596133e+02
   4.1233334e+02   2.2575557e+02
   3.2000017e+02   3.4418190e+02
   3.2869436e+02   3.2721680e+02
   3.4452136e+02   3.1721241e+02
   3.6314115e+02   3.1715123e+02
   3.7978763e+02   3.1756478e+02
   3.9194832e+02   3.2967803e+02
   3.9987293e+02   3.4493237e+02
   3.9018187e+02   3.6735181e+02
   3.7355187e+02   3.8503059e+02
   3.5063783e+02   3.9060871e+02
   3.3143920e+02   3.8364286e+02
   3.2178822e+02   3.6523584e+02
   3.2561426e+02   3.4484265e+02
   3.4019246e+02   3.2664244e+02
   3.6278840e+02   3.2491406e+02
   3.8366028e+02   3.2840665e+02
   3.9678515e+02   3.4526837e+02
   3.7718067e+02   3.6542715e+02
   3.5185372e+02   3.7559184e+02
   3.3327641e+02   3.6499871e+02
