   2.4942855e+02   2.1284013e+02
   2.4728285e+02   2.4600410e+02
   2.4970201e+02   2.7899947e+02
   2.5186282e+02   3.1212799e+02
   2.5938019e+02   3.4438350e+02
   2.7459249e+02   3.7372319e+02
   2.9408585e+02   4.0043447e+02
   3.2034403e+02   4.2046127e+02
   3.5183644e+02   4.2661964e+02
   3.8654946e+02   4.2709290e+02
   4.1794392e+02   4.1176998e+02
   4.4381432e+02   3.8810033e+02
   4.6098984e+02   3.5766751e+02
   4.7328707e+02   3.2503074e+02
   4.7921089e+02   2.9053288e+02
   4.8550477e+02   2.5598985e+02
   4.8666343e+02   2.2121965e+02
   2.7318285e+02   1.7153606e+02
   2.8584431e+02   1.5850347e+02
   3.0304400e+02   1.5401560e+02
   3.2083352e+02   1.5775209e+02
   3.3725845e+02   1.6510803e+02
   3.9780496e+02   1.6987993e+02
   4.1550317e+02   1.6432687e+02
   4.3361809e+02   1.6091719e+02
   4.5146779e+02   1.6460211e+02
   4.6091050e+02   1.7962094e+02
   3.6759693e+02   2.1099772e+02
   3.6769075e+02   2.3039925e+02
   3.6729747e+02   2.4958552e+02
   3.6688809e+02   2.6868840e+02
   3.4753255e+02   2.8342458e+02
   3.5640503e+02   2.8519381e+02
   3.6545745e+02   2.8571256e+02
   3.7509123e+02   2.8661080e+02
   3.8456429e+02   2.8509411e+02
   2.9169447e+02   2.0539694e+02
   3.0749868e+02   1.9518535e+02
   3.2594110e+02   2.0066490e+02
   3.3634612e+02   2.1658049e+02
   3.1942942e+02   2.2162751e+02
   3.0222958e+02   2.1874162e+02
   3.9359129e+02   2.1700373e+02
   4.0711854e+02   2.0259028e+02
   4.2666149e+02   2.0024510e+02
   4.4118129e+02   2.1286782e+02
   4.2745641e+02   2.2313569e+02
   4.1010111e+02   2.2255414e+02
   3.1857034e+02   3.4053284e+02
   3.2850468e+02   3.2491796e+02
   3.4390748e+02   3.1496015e+02
   3.6214972e+02   3.1449972e+02
   3.7845850e+02   3.1538821e+02
   3.9082853e+02   3.2641764e+02
   3.9887243e+02   3.4117464e+02
   3.8959804e+02   3.6109274e+02
   3.7370008e+02   3.7628983e+02
   3.5252317e+02   3.8057110e+02
   3.3370613e+02   3.7555463e+02
   3.2245855e+02   3.5970572e+02
   3.2549962e+02   3.4068392e+02
   3.4012581e+02   3.2469840e+02
   3.6155190e+02   3.2272993e+02
   3.8158830e+02   3.2568689e+02
   3.9474275e+02   3.4093448e+02
   3.7676776e+02   3.5746748e+02
   3.5378454e+02   3.6498055e+02
   3.3529469e+02   3.5752469e+02
