   1.8675207e+02   2.2527870e+02
   1.8877570e+02   2.6196576e+02
   1.9315811e+02   2.9801902e+02
   2.0085784e+02   3.3369939e+02
   2.1184256e+02   3.6834602e+02
   2.3062440e+02   3.9956364e+02
   2.6019318e+02   4.2078751e+02
   2.9449641e+02   4.3273952e+02
   3.3057235e+02   4.3521843e+02
   3.6599755e+02   4.3156227e+02
   3.9956569e+02   4.1998286e+02
   4.2803284e+02   3.9860530e+02
   4.4935301e+02   3.7039067e+02
   4.6134496e+02   3.3678594e+02
   4.6770370e+02   3.0183513e+02
   4.7044253e+02   2.6650378e+02
   4.7051170e+02   2.3091699e+02
   2.1760751e+02   1.8639613e+02
   2.3484832e+02   1.7499200e+02
   2.5566988e+02   1.7226306e+02
   2.7657652e+02   1.7196987e+02
   2.9735474e+02   1.7433901e+02
   3.5534729e+02   1.7669897e+02
   3.7555716e+02   1.7309923e+02
   3.9583607e+02   1.7252021e+02
   4.1628663e+02   1.7410572e+02
   4.3470669e+02   1.8197750e+02
   3.2735188e+02   1.8613023e+02
   3.2729890e+02   2.1265815e+02
   3.2730360e+02   2.3907938e+02
   3.2738830e+02   2.6524262e+02
   3.0078996e+02   2.9375783e+02
   3.1475811e+02   2.9407357e+02
   3.2865662e+02   2.9419708e+02
   3.4313823e+02   2.9385799e+02
   3.5738862e+02   2.9332352e+02
   2.3989137e+02   2.1368412e+02
   2.5537668e+02   2.0300971e+02
   2.7424561e+02   2.0576765e+02
   2.9025178e+02   2.1638667e+02
   2.7301160e+02   2.1914059e+02
   2.5566469e+02   2.2009193e+02
   3.6438487e+02   2.1553642e+02
   3.7996771e+02   2.0406555e+02
   3.9903858e+02   2.0260921e+02
   4.1470907e+02   2.1322863e+02
   3.9840633e+02   2.1836176e+02
   3.8128542e+02   2.1795173e+02
   2.7849894e+02   3.4213911e+02
   2.9347203e+02   3.3024507e+02
   3.1154780e+02   3.2397888e+02
   3.3050000e+02   3.2327834e+02
   3.4899256e+02   3.2206472e+02
   3.6671816e+02   3.2683825e+02
   3.8102649e+02   3.3813775e+02
   3.6404184e+02   3.3895180e+02
   3.4716506e+02   3.3908085e+02
   3.3029093e+02   3.3912717e+02
   3.1298526e+02   3.4064126e+02
   2.9565927e+02   3.4237820e+02
   2.9113563e+02   3.3393933e+02
   3.0377231e+02   3.3381273e+02
   3.3019532e+02   3.3256073e+02
   3.5612793e+02   3.3185182e+02
   3.6857721e+02   3.3203382e+02
   3.5585009e+02   3.3221581e+02
   3.3019530e+02   3.3313355e+02
   3.0367081e+02   3.3406593e+02
