   2.0636668e+02   2.4871919e+02
   2.0996014e+02   2.7186173e+02
   2.1514875e+02   2.9450964e+02
   2.2247716e+02   3.1669775e+02
   2.3159308e+02   3.3804220e+02
   2.4594652e+02   3.5642405e+02
   2.6415613e+02   3.7070080e+02
   2.8600941e+02   3.7865003e+02
   3.0915342e+02   3.7893470e+02
   3.3179028e+02   3.7668226e+02
   3.5247958e+02   3.6739755e+02
   3.6803104e+02   3.5095663e+02
   3.8112906e+02   3.3234113e+02
   3.8751551e+02   3.1059018e+02
   3.9246079e+02   2.8834739e+02
   3.9510478e+02   2.6584093e+02
   3.9715416e+02   2.4322540e+02
   2.2017419e+02   2.2101918e+02
   2.3385711e+02   2.1159720e+02
   2.5040580e+02   2.0858101e+02
   2.6721136e+02   2.0686962e+02
   2.8339279e+02   2.1050923e+02
   3.0345802e+02   2.0869094e+02
   3.2003521e+02   2.0267421e+02
   3.3748122e+02   2.0047396e+02
   3.5484453e+02   2.0340369e+02
   3.7056148e+02   2.1100369e+02
   2.9475275e+02   2.2987158e+02
   2.9532213e+02   2.4352328e+02
   2.9566428e+02   2.5706573e+02
   2.9621340e+02   2.7056987e+02
   2.7718966e+02   2.8599235e+02
   2.8796381e+02   2.8813137e+02
   2.9870685e+02   2.9006093e+02
   3.0979833e+02   2.8603368e+02
   3.1941660e+02   2.7953680e+02
   2.3583819e+02   2.3507008e+02
   2.4527125e+02   2.2706930e+02
   2.5766221e+02   2.2591694e+02
   2.6901611e+02   2.3085861e+02
   2.5813278e+02   2.3365107e+02
   2.4703966e+02   2.3487959e+02
   3.2165076e+02   2.2910322e+02
   3.3239470e+02   2.2286771e+02
   3.4486145e+02   2.2250434e+02
   3.5563958e+02   2.2832060e+02
   3.4428288e+02   2.2963763e+02
   3.3292481e+02   2.2966864e+02
   2.7186782e+02   3.2028412e+02
   2.7898303e+02   3.1184951e+02
   2.8933369e+02   3.0776926e+02
   3.0036513e+02   3.0651644e+02
   3.1188167e+02   3.0620847e+02
   3.2307920e+02   3.0861471e+02
   3.3172561e+02   3.1580094e+02
   3.2222809e+02   3.1859202e+02
   3.1250058e+02   3.2012505e+02
   3.0267529e+02   3.2094443e+02
   2.9235019e+02   3.2167006e+02
   2.8200261e+02   3.2181625e+02
   2.8241513e+02   3.1510674e+02
   2.9138163e+02   3.1250086e+02
   3.0058393e+02   3.1171963e+02
   3.1107079e+02   3.1105483e+02
   3.2140935e+02   3.1181824e+02
   3.1100864e+02   3.1232615e+02
   3.0081666e+02   3.1311022e+02
   2.9148220e+02   3.1359915e+02
