   2.0692373e+02   2.4790171e+02
   2.1033215e+02   2.7116780e+02
   2.1521203e+02   2.9403971e+02
   2.2223005e+02   3.1637081e+02
   2.3144977e+02   3.3780512e+02
   2.4558641e+02   3.5637657e+02
   2.6396527e+02   3.7069999e+02
   2.8589267e+02   3.7886177e+02
   3.0894568e+02   3.7911494e+02
   3.3137699e+02   3.7761652e+02
   3.5174305e+02   3.6765460e+02
   3.6784853e+02   3.5188917e+02
   3.8012348e+02   3.3301457e+02
   3.8768407e+02   3.1179093e+02
   3.9227823e+02   2.8960250e+02
   3.9510647e+02   2.6716192e+02
   3.9732631e+02   2.4467764e+02
   2.1987797e+02   2.1844031e+02
   2.3255591e+02   2.0776928e+02
   2.4924033e+02   2.0539326e+02
   2.6614747e+02   2.0479830e+02
   2.8238854e+02   2.0877859e+02
   3.0596650e+02   2.0532366e+02
   3.2254590e+02   1.9973992e+02
   3.3987368e+02   1.9756713e+02
   3.5681485e+02   2.0147236e+02
   3.7187944e+02   2.1013662e+02
   2.9520758e+02   2.3195083e+02
   2.9552470e+02   2.4539628e+02
   2.9578848e+02   2.5879415e+02
   2.9595767e+02   2.7216679e+02
   2.8041314e+02   2.9141395e+02
   2.8903260e+02   2.9230981e+02
   2.9761545e+02   2.9271108e+02
   3.0655805e+02   2.9214277e+02
   3.1514527e+02   2.8998494e+02
   2.3546992e+02   2.3564975e+02
   2.4499417e+02   2.2718209e+02
   2.5777937e+02   2.2614457e+02
   2.6943042e+02   2.3136013e+02
   2.5846966e+02   2.3503101e+02
   2.4694876e+02   2.3576103e+02
   3.2156273e+02   2.3024382e+02
   3.3268601e+02   2.2328659e+02
   3.4571643e+02   2.2300757e+02
   3.5693353e+02   2.2943456e+02
   3.4529375e+02   2.3240495e+02
   3.3331386e+02   2.3239713e+02
   2.7131032e+02   3.2388728e+02
   2.7917609e+02   3.1670531e+02
   2.8916949e+02   3.1306729e+02
   2.9975281e+02   3.1311802e+02
   3.1072447e+02   3.1247976e+02
   3.2123267e+02   3.1553038e+02
   3.3076121e+02   3.2085513e+02
   3.2181996e+02   3.2574479e+02
   3.1148660e+02   3.2615109e+02
   3.0121200e+02   3.2678296e+02
   2.9101496e+02   3.2691875e+02
   2.8090950e+02   3.2665056e+02
   2.8423059e+02   3.1933611e+02
   2.9215302e+02   3.1817493e+02
   3.0005204e+02   3.1803841e+02
   3.0842072e+02   3.1784769e+02
   3.1670572e+02   3.1820011e+02
   3.0843327e+02   3.1910774e+02
   3.0020865e+02   3.1921294e+02
   2.9218716e+02   3.1924831e+02
