   2.5356834e+02   2.2558904e+02
   2.5585413e+02   2.5061901e+02
   2.5965224e+02   2.7501406e+02
   2.6719185e+02   2.9884040e+02
   2.7788864e+02   3.2123728e+02
   2.9430612e+02   3.4003777e+02
   3.1326297e+02   3.5604288e+02
   3.3544975e+02   3.6699129e+02
   3.5986600e+02   3.7040002e+02
   3.8308961e+02   3.6739079e+02
   4.0334856e+02   3.5578266e+02
   4.2097760e+02   3.4007375e+02
   4.3513855e+02   3.2136240e+02
   4.4497387e+02   3.0008598e+02
   4.4995745e+02   2.7709761e+02
   4.5298610e+02   2.5363709e+02
   4.5527613e+02   2.3036038e+02
   2.7367235e+02   1.8946498e+02
   2.8765811e+02   1.7623694e+02
   3.0569700e+02   1.6935056e+02
   3.2481897e+02   1.7002352e+02
   3.4010792e+02   1.8095910e+02
   3.7587152e+02   1.8229468e+02
   3.9050744e+02   1.7083622e+02
   4.0899427e+02   1.6978324e+02
   4.2558838e+02   1.7843136e+02
   4.4028144e+02   1.9013969e+02
   3.5748632e+02   2.0889311e+02
   3.5782443e+02   2.2362951e+02
   3.5782754e+02   2.3825202e+02
   3.5816399e+02   2.5282316e+02
   3.3670471e+02   2.6919120e+02
   3.4711396e+02   2.7251065e+02
   3.5782442e+02   2.7396346e+02
   3.6834028e+02   2.7291316e+02
   3.7859747e+02   2.7054704e+02
   2.9445211e+02   2.0819959e+02
   3.0584073e+02   2.0008454e+02
   3.1975240e+02   1.9908857e+02
   3.3159096e+02   2.0614955e+02
   3.1941679e+02   2.0924087e+02
   3.0684369e+02   2.0923779e+02
   3.8031974e+02   2.0853414e+02
   3.9196338e+02   2.0057074e+02
   4.0607311e+02   2.0100066e+02
   4.1745247e+02   2.0921943e+02
   4.0496584e+02   2.1125273e+02
   3.9246057e+02   2.1125111e+02
   3.1947690e+02   3.0364489e+02
   3.3144855e+02   2.9638906e+02
   3.4451277e+02   2.9191751e+02
   3.5777773e+02   2.9483581e+02
   3.7006850e+02   2.9262392e+02
   3.8195632e+02   2.9689139e+02
   3.9253113e+02   3.0380827e+02
   3.8233801e+02   3.1074909e+02
   3.7105361e+02   3.1545390e+02
   3.5902216e+02   3.1676347e+02
   3.4496773e+02   3.1536886e+02
   3.3171808e+02   3.1047073e+02
   3.3292512e+02   3.0239777e+02
   3.4546616e+02   3.0178458e+02
   3.5793682e+02   3.0269977e+02
   3.6987120e+02   3.0169169e+02
   3.8173391e+02   3.0241298e+02
   3.6971733e+02   3.0288897e+02
   3.5793910e+02   3.0486928e+02
   3.4545924e+02   3.0316783e+02
