   2.5462729e+02   2.2719934e+02
   2.5636285e+02   2.5169210e+02
   2.6101603e+02   2.7569395e+02
   2.6718645e+02   2.9949868e+02
   2.7728336e+02   3.2181666e+02
   2.9322932e+02   3.4010776e+02
   3.1275176e+02   3.5482681e+02
   3.3516395e+02   3.6487981e+02
   3.5927156e+02   3.6685751e+02
   3.8268745e+02   3.6436617e+02
   4.0365002e+02   3.5364882e+02
   4.2049063e+02   3.3737568e+02
   4.3470107e+02   3.1851719e+02
   4.4544093e+02   2.9734221e+02
   4.5022564e+02   2.7437829e+02
   4.5304920e+02   2.5095728e+02
   4.5464292e+02   2.2749402e+02
   2.7529406e+02   1.8979448e+02
   2.9213829e+02   1.8069102e+02
   3.0985798e+02   1.7413079e+02
   3.2865423e+02   1.7410752e+02
   3.4321009e+02   1.8518959e+02
   3.7116922e+02   1.8570101e+02
   3.8610957e+02   1.7464444e+02
   4.0453044e+02   1.7333200e+02
   4.2097356e+02   1.8209511e+02
   4.3751788e+02   1.9025109e+02
   3.5766793e+02   2.0600134e+02
   3.5790415e+02   2.2155084e+02
   3.5827807e+02   2.3698998e+02
   3.5842207e+02   2.5240593e+02
   3.3622759e+02   2.6966202e+02
   3.4722190e+02   2.7235235e+02
   3.5840613e+02   2.7337314e+02
   3.6823139e+02   2.7275007e+02
   3.7766555e+02   2.7051872e+02
   2.9462688e+02   2.0792880e+02
   3.0641166e+02   2.0118283e+02
   3.1967343e+02   1.9943329e+02
   3.3160018e+02   2.0499260e+02
   3.1941590e+02   2.0816576e+02
   3.0707704e+02   2.0890370e+02
   3.7945526e+02   2.0765572e+02
   3.9126099e+02   2.0012673e+02
   4.0531054e+02   2.0180663e+02
   4.1711063e+02   2.0958683e+02
   4.0449692e+02   2.1059970e+02
   3.9181604e+02   2.0971590e+02
   3.1640805e+02   3.0140528e+02
   3.2964844e+02   2.9478357e+02
   3.4383912e+02   2.9053430e+02
   3.5839550e+02   2.9154370e+02
   3.7208595e+02   2.9066008e+02
   3.8527327e+02   2.9386354e+02
   3.9671436e+02   3.0108525e+02
   3.8465844e+02   3.0542039e+02
   3.7183517e+02   3.0602884e+02
   3.5922112e+02   3.0396893e+02
   3.4465172e+02   3.0578564e+02
   3.2990596e+02   3.0642501e+02
   3.3015241e+02   2.9799537e+02
   3.4409407e+02   2.9551248e+02
   3.5807653e+02   2.9618094e+02
   3.6983530e+02   2.9456413e+02
   3.8139247e+02   2.9608727e+02
   3.6978914e+02   2.9657200e+02
   3.5824674e+02   2.9732476e+02
   3.4411566e+02   2.9735078e+02
