   1.7814970e+02   1.5676188e+02
   1.8063125e+02   1.8845101e+02
   1.8339375e+02   2.1972834e+02
   1.9074272e+02   2.5052894e+02
   2.0149318e+02   2.8014131e+02
   2.1796552e+02   3.0676334e+02
   2.4352174e+02   3.2509550e+02
   2.7240763e+02   3.3769803e+02
   3.0326164e+02   3.4209494e+02
   3.3292144e+02   3.3695151e+02
   3.5847524e+02   3.2182945e+02
   3.7793716e+02   2.9898721e+02
   3.9551586e+02   2.7445236e+02
   4.0517835e+02   2.4619934e+02
   4.0918351e+02   2.1629781e+02
   4.1323670e+02   1.8650923e+02
   4.1419029e+02   1.5666376e+02
   2.0222622e+02   1.2680304e+02
   2.1625882e+02   1.1797961e+02
   2.3257003e+02   1.1437757e+02
   2.4926979e+02   1.1376792e+02
   2.6587853e+02   1.1515443e+02
   3.2421136e+02   1.1799967e+02
   3.4141714e+02   1.1403909e+02
   3.5901744e+02   1.1496855e+02
   3.7655052e+02   1.1723083e+02
   3.9106903e+02   1.2634016e+02
   2.9913749e+02   1.4652278e+02
   2.9829792e+02   1.6403821e+02
   2.9871186e+02   1.8149308e+02
   2.9873466e+02   1.9874057e+02
   2.7939632e+02   2.1853591e+02
   2.8961601e+02   2.1952819e+02
   2.9970703e+02   2.2048728e+02
   3.0875079e+02   2.1995627e+02
   3.1770941e+02   2.2037974e+02
   2.2627858e+02   1.5268863e+02
   2.4030888e+02   1.4811098e+02
   2.5588361e+02   1.4816704e+02
   2.6922986e+02   1.5228167e+02
   2.5478587e+02   1.5393429e+02
   2.4034319e+02   1.5462302e+02
   3.2630342e+02   1.5319196e+02
   3.3976238e+02   1.4856890e+02
   3.5502937e+02   1.4896418e+02
   3.6863410e+02   1.5405955e+02
   3.5450258e+02   1.5436517e+02
   3.4031654e+02   1.5397274e+02
   2.6250863e+02   2.5821012e+02
   2.7329242e+02   2.5040893e+02
   2.8471490e+02   2.4369199e+02
   2.9730187e+02   2.4582313e+02
   3.1156585e+02   2.4386988e+02
   3.2415805e+02   2.5284111e+02
   3.3736559e+02   2.6073764e+02
   3.2706736e+02   2.6901597e+02
   3.1507868e+02   2.7448295e+02
   3.0200285e+02   2.7504043e+02
   2.8724377e+02   2.7364747e+02
   2.7346154e+02   2.6813373e+02
   2.7774510e+02   2.5662470e+02
   2.8884214e+02   2.5502504e+02
   2.9982458e+02   2.5530491e+02
   3.0983057e+02   2.5465560e+02
   3.1926279e+02   2.5778967e+02
   3.0938357e+02   2.5540700e+02
   2.9940051e+02   2.5611895e+02
   2.8854239e+02   2.5577237e+02
