   1.7861500e+02   1.5672270e+02
   1.8099482e+02   1.8748655e+02
   1.8355341e+02   2.1836282e+02
   1.9046380e+02   2.4848320e+02
   2.0069349e+02   2.7764419e+02
   2.1599897e+02   3.0419629e+02
   2.4028550e+02   3.2322911e+02
   2.6761076e+02   3.3742934e+02
   2.9760284e+02   3.4195856e+02
   3.2817809e+02   3.3906380e+02
   3.5587181e+02   3.2613005e+02
   3.7559718e+02   3.0246264e+02
   3.9290610e+02   2.7724423e+02
   4.0285169e+02   2.4829783e+02
   4.0899838e+02   2.1811399e+02
   4.1320660e+02   1.8768350e+02
   4.1431318e+02   1.5705509e+02
   2.0387484e+02   1.2942860e+02
   2.1873282e+02   1.2015893e+02
   2.3620499e+02   1.1753575e+02
   2.5355618e+02   1.1497125e+02
   2.7114259e+02   1.1379012e+02
   3.2426359e+02   1.0966128e+02
   3.4123620e+02   1.1117195e+02
   3.5764924e+02   1.1535598e+02
   3.7405397e+02   1.2037974e+02
   3.8858603e+02   1.2879959e+02
   2.9944586e+02   1.4671906e+02
   2.9857557e+02   1.6420754e+02
   2.9895709e+02   1.8163782e+02
   2.9894841e+02   1.9886032e+02
   2.7540401e+02   2.1479939e+02
   2.8672045e+02   2.1908893e+02
   2.9863653e+02   2.1949618e+02
   3.0930910e+02   2.1991406e+02
   3.1945203e+02   2.1728489e+02
   2.2332181e+02   1.5718913e+02
   2.3850048e+02   1.5716933e+02
   2.5347222e+02   1.5609785e+02
   2.6827824e+02   1.5215075e+02
   2.5358472e+02   1.5625206e+02
   2.3855062e+02   1.5746674e+02
   3.2649496e+02   1.5203165e+02
   3.4076684e+02   1.5521699e+02
   3.5459468e+02   1.5817894e+02
   3.6887999e+02   1.5785113e+02
   3.5452848e+02   1.5796926e+02
   3.4021206e+02   1.5575927e+02
   2.4981001e+02   2.6092337e+02
   2.6344207e+02   2.4786807e+02
   2.7926326e+02   2.3774927e+02
   2.9763422e+02   2.3890807e+02
   3.1495358e+02   2.3879339e+02
   3.2821798e+02   2.5044879e+02
   3.4089493e+02   2.6279847e+02
   3.2633306e+02   2.6564134e+02
   3.1174095e+02   2.6703119e+02
   2.9712259e+02   2.6756128e+02
   2.8114537e+02   2.6697914e+02
   2.6536320e+02   2.6446631e+02
   2.6963452e+02   2.4894400e+02
   2.8309535e+02   2.4612286e+02
   2.9669336e+02   2.4606511e+02
   3.0902638e+02   2.4588747e+02
   3.2038665e+02   2.5040938e+02
   3.0852655e+02   2.4693576e+02
   2.9620666e+02   2.4657945e+02
   2.8274956e+02   2.4659888e+02
