   1.7832050e+02   1.5634837e+02
   1.8074857e+02   1.8728671e+02
   1.8336800e+02   2.1829035e+02
   1.9037271e+02   2.4855182e+02
   2.0071715e+02   2.7783475e+02
   2.1621122e+02   3.0444744e+02
   2.4072260e+02   3.2343564e+02
   2.6830596e+02   3.3746592e+02
   2.9847096e+02   3.4198627e+02
   3.2901929e+02   3.3879981e+02
   3.5655605e+02   3.2556191e+02
   3.7629291e+02   3.0190413e+02
   3.9362057e+02   2.7666794e+02
   4.0350442e+02   2.4769816e+02
   4.0946556e+02   2.1746297e+02
   4.1363439e+02   1.8702010e+02
   4.1469438e+02   1.5638552e+02
   2.0353440e+02   1.2874921e+02
   2.1836034e+02   1.1946962e+02
   2.3579203e+02   1.1674451e+02
   2.5313643e+02   1.1429916e+02
   2.7069288e+02   1.1328621e+02
   3.2433631e+02   1.0961705e+02
   3.4138277e+02   1.1070283e+02
   3.5793947e+02   1.1463759e+02
   3.7448364e+02   1.1945131e+02
   3.8906314e+02   1.2792973e+02
   2.9948497e+02   1.4616422e+02
   2.9863417e+02   1.6370390e+02
   2.9903868e+02   1.8118364e+02
   2.9905162e+02   1.9845550e+02
   2.7654374e+02   2.1609559e+02
   2.8755751e+02   2.1890739e+02
   2.9885675e+02   2.1923370e+02
   3.0952524e+02   2.1955773e+02
   3.1951592e+02   2.1643644e+02
   2.2578321e+02   1.5273082e+02
   2.3937407e+02   1.4589049e+02
   2.5476903e+02   1.4553430e+02
   2.6838440e+02   1.5168320e+02
   2.5416794e+02   1.5373821e+02
   2.3987359e+02   1.5433543e+02
   3.2668869e+02   1.5290196e+02
   3.3979561e+02   1.4499183e+02
   3.5577525e+02   1.4585944e+02
   3.6893119e+02   1.5403452e+02
   3.5480390e+02   1.5391499e+02
   3.4064369e+02   1.5359977e+02
   2.5208744e+02   2.6068768e+02
   2.6622401e+02   2.4909174e+02
   2.8092575e+02   2.3866730e+02
   2.9835723e+02   2.4022598e+02
   3.1504144e+02   2.3986788e+02
   3.2849722e+02   2.5068318e+02
   3.4088798e+02   2.6234260e+02
   3.2652620e+02   2.6750540e+02
   3.1158426e+02   2.6988526e+02
   2.9635598e+02   2.6993374e+02
   2.8112985e+02   2.6898676e+02
   2.6653850e+02   2.6470769e+02
   2.7260192e+02   2.5164641e+02
   2.8609598e+02   2.4803695e+02
   2.9994964e+02   2.4826904e+02
   3.0989776e+02   2.4885551e+02
   3.1933970e+02   2.5181485e+02
   3.0942774e+02   2.4978046e+02
   2.9949523e+02   2.4915660e+02
   2.8584075e+02   2.4879527e+02
