   1.7817671e+02   1.5664269e+02
   1.8063049e+02   1.8802382e+02
   1.8331744e+02   2.1909810e+02
   1.9052217e+02   2.4971399e+02
   2.0104519e+02   2.7907634e+02
   2.1710986e+02   3.0574600e+02
   2.4210552e+02   3.2435637e+02
   2.7034227e+02   3.3782481e+02
   3.0091656e+02   3.4193007e+02
   3.3118678e+02   3.3789393e+02
   3.5759900e+02   3.2374180e+02
   3.7699206e+02   3.0041289e+02
   3.9487512e+02   2.7561624e+02
   4.0504193e+02   2.4714711e+02
   4.0911526e+02   2.1695253e+02
   4.1323618e+02   1.8676928e+02
   4.1423497e+02   1.5663770e+02
   2.0223827e+02   1.2662801e+02
   2.1625509e+02   1.1782137e+02
   2.3254005e+02   1.1420241e+02
   2.4922484e+02   1.1364798e+02
   2.6580976e+02   1.1510477e+02
   3.2427153e+02   1.1814640e+02
   3.4148525e+02   1.1405920e+02
   3.5911480e+02   1.1491666e+02
   3.7667512e+02   1.1711905e+02
   3.9118988e+02   1.2625201e+02
   2.9917758e+02   1.4645057e+02
   2.9833103e+02   1.6396697e+02
   2.9873812e+02   1.8142330e+02
   2.9875412e+02   1.9867210e+02
   2.7855976e+02   2.1826404e+02
   2.8920445e+02   2.1941272e+02
   2.9974847e+02   2.2044725e+02
   3.0874609e+02   2.1989775e+02
   3.1768258e+02   2.2045482e+02
   2.2468111e+02   1.5412625e+02
   2.3937245e+02   1.5314737e+02
   2.5420239e+02   1.5251221e+02
   2.6852818e+02   1.5205208e+02
   2.5389746e+02   1.5366439e+02
   2.3926164e+02   1.5454263e+02
   3.2633921e+02   1.5306040e+02
   3.4017175e+02   1.5296977e+02
   3.5407259e+02   1.5350880e+02
   3.6772550e+02   1.5509328e+02
   3.5391812e+02   1.5446468e+02
   3.4003344e+02   1.5398861e+02
   2.6000849e+02   2.5766908e+02
   2.7150994e+02   2.5085364e+02
   2.8314855e+02   2.4423762e+02
   2.9608343e+02   2.4522985e+02
   3.1129909e+02   2.4356840e+02
   3.2428059e+02   2.5302494e+02
   3.3803193e+02   2.6106512e+02
   3.2729742e+02   2.6878606e+02
   3.1528847e+02   2.7439185e+02
   3.0221658e+02   2.7500509e+02
   2.8671117e+02   2.7345155e+02
   2.7229451e+02   2.6739536e+02
   2.7654101e+02   2.5674118e+02
   2.8818784e+02   2.5511027e+02
   2.9967690e+02   2.5532998e+02
   3.0980215e+02   2.5460950e+02
   3.1932796e+02   2.5782769e+02
   3.0935409e+02   2.5536165e+02
   2.9925174e+02   2.5612393e+02
   2.8784932e+02   2.5582312e+02
