   1.9182948e+02   1.8803837e+02
   1.9411748e+02   2.1984657e+02
   1.9969706e+02   2.5093444e+02
   2.0483452e+02   2.8235929e+02
   2.1585288e+02   3.1196594e+02
   2.3419806e+02   3.3796495e+02
   2.5649724e+02   3.6039017e+02
   2.8476032e+02   3.7452961e+02
   3.1588846e+02   3.7939514e+02
   3.4544865e+02   3.7565360e+02
   3.7170614e+02   3.6175878e+02
   3.9078041e+02   3.3873096e+02
   4.0751943e+02   3.1378359e+02
   4.1944653e+02   2.8648474e+02
   4.2714385e+02   2.5761450e+02
   4.3243267e+02   2.2810788e+02
   4.3626564e+02   1.9864720e+02
   2.1315651e+02   1.5378692e+02
   2.2809625e+02   1.4316538e+02
   2.4569709e+02   1.3846040e+02
   2.6393616e+02   1.4089213e+02
   2.8023065e+02   1.4888847e+02
   3.2964778e+02   1.5126927e+02
   3.4736251e+02   1.4253933e+02
   3.6697724e+02   1.4103882e+02
   3.8594123e+02   1.4681013e+02
   3.9955398e+02   1.6057585e+02
   3.0330684e+02   1.8171176e+02
   3.0355414e+02   2.0244529e+02
   3.0334625e+02   2.2294676e+02
   3.0315330e+02   2.4353231e+02
   2.8219107e+02   2.5148485e+02
   2.9161069e+02   2.5748805e+02
   3.0266478e+02   2.5933704e+02
   3.1537634e+02   2.5783308e+02
   3.2670420e+02   2.5224500e+02
   2.3980035e+02   1.8047387e+02
   2.5305620e+02   1.6890700e+02
   2.7076710e+02   1.7063828e+02
   2.8101900e+02   1.8452096e+02
   2.6677535e+02   1.8763448e+02
   2.5233091e+02   1.8734825e+02
   3.3180390e+02   1.8435208e+02
   3.4341828e+02   1.7092941e+02
   3.6134508e+02   1.6980314e+02
   3.7495191e+02   1.8105596e+02
   3.6173674e+02   1.8809398e+02
   3.4656350e+02   1.8770118e+02
   2.6614920e+02   2.9591337e+02
   2.7859794e+02   2.8917790e+02
   2.9002858e+02   2.8082950e+02
   3.0356049e+02   2.8075504e+02
   3.1801879e+02   2.7907945e+02
   3.3073186e+02   2.8717198e+02
   3.4378971e+02   2.9465671e+02
   3.3052925e+02   2.9963192e+02
   3.1813671e+02   3.0632570e+02
   3.0455281e+02   3.0808508e+02
   2.9117196e+02   3.0693357e+02
   2.7914725e+02   3.0033702e+02
   2.8214759e+02   2.9315880e+02
   2.9343399e+02   2.9038001e+02
   3.0476158e+02   2.9095226e+02
   3.1580205e+02   2.8998569e+02
   3.2694507e+02   2.9042235e+02
   3.1556348e+02   2.9052938e+02
   3.0469297e+02   2.9132957e+02
   2.9344807e+02   2.9171496e+02
