   1.9146580e+02   1.8609678e+02
   1.9409038e+02   2.2031608e+02
   2.0173640e+02   2.5368331e+02
   2.1508809e+02   2.8536750e+02
   2.2846013e+02   3.1672509e+02
   2.4112718e+02   3.4853903e+02
   2.5807510e+02   3.7821697e+02
   2.8052868e+02   4.0385462e+02
   3.1288200e+02   4.1103490e+02
   3.4516358e+02   4.0260614e+02
   3.7251686e+02   3.8398624e+02
   3.9135028e+02   3.5691375e+02
   4.0315978e+02   3.2562398e+02
   4.1488130e+02   2.9446364e+02
   4.2624810e+02   2.6302157e+02
   4.3016930e+02   2.3005164e+02
   4.3471991e+02   1.9727492e+02
   2.1713068e+02   1.3732833e+02
   2.2902738e+02   1.2206412e+02
   2.4550853e+02   1.1286580e+02
   2.6447347e+02   1.1493457e+02
   2.8231331e+02   1.2153304e+02
   3.3765085e+02   1.2648898e+02
   3.5648566e+02   1.2000403e+02
   3.7611732e+02   1.1964108e+02
   3.9386842e+02   1.2840359e+02
   4.0363360e+02   1.4516504e+02
   3.1133487e+02   1.6599713e+02
   3.0919374e+02   1.8687009e+02
   3.0811622e+02   2.0777763e+02
   3.0907440e+02   2.2843459e+02
   2.8598164e+02   2.3800990e+02
   2.9650412e+02   2.4295665e+02
   3.0788124e+02   2.4431508e+02
   3.2171784e+02   2.4418459e+02
   3.3412434e+02   2.3869138e+02
   2.4313441e+02   1.6403462e+02
   2.5698084e+02   1.4976064e+02
   2.7697013e+02   1.5259624e+02
   2.8835225e+02   1.6882193e+02
   2.7260998e+02   1.7446086e+02
   2.5611215e+02   1.7380337e+02
   3.3587383e+02   1.6797057e+02
   3.4935625e+02   1.5450839e+02
   3.6839658e+02   1.5314437e+02
   3.8044630e+02   1.6721667e+02
   3.6642697e+02   1.7453014e+02
   3.5050105e+02   1.7399403e+02
   2.7849102e+02   3.0588444e+02
   2.8255316e+02   2.8786960e+02
   2.9319054e+02   2.7305661e+02
   3.1046522e+02   2.6841253e+02
   3.2960129e+02   2.7102420e+02
   3.4037782e+02   2.8735873e+02
   3.4296869e+02   3.0704492e+02
   3.3789951e+02   3.3109480e+02
   3.2906062e+02   3.5333287e+02
   3.0731248e+02   3.6097876e+02
   2.8875022e+02   3.4951671e+02
   2.8195356e+02   3.2802271e+02
   2.8303971e+02   3.0587635e+02
   2.9107221e+02   2.8611878e+02
   3.0987195e+02   2.7668284e+02
   3.3099366e+02   2.8581103e+02
   3.3788684e+02   3.0766427e+02
   3.2964156e+02   3.3244989e+02
   3.0941646e+02   3.4827171e+02
   2.9171212e+02   3.2986416e+02
