   2.2491980e+02   2.0525240e+02
   2.2575276e+02   2.3465100e+02
   2.2643877e+02   2.6406108e+02
   2.2936568e+02   2.9313253e+02
   2.3668743e+02   3.2139201e+02
   2.5220849e+02   3.4605451e+02
   2.7474598e+02   3.6487710e+02
   3.0166181e+02   3.7629776e+02
   3.3028395e+02   3.8118035e+02
   3.6015225e+02   3.7884251e+02
   3.8901581e+02   3.6999876e+02
   4.1498529e+02   3.5552404e+02
   4.3127748e+02   3.3053504e+02
   4.4144819e+02   3.0224914e+02
   4.4606432e+02   2.7252517e+02
   4.4596343e+02   2.4248389e+02
   4.4508126e+02   2.1258996e+02
   2.4126216e+02   1.8192395e+02
   2.5840231e+02   1.7375691e+02
   2.7747990e+02   1.7468870e+02
   2.9628489e+02   1.7830845e+02
   3.1499917e+02   1.8142931e+02
   3.4258301e+02   1.8213595e+02
   3.6381253e+02   1.8051174e+02
   3.8459552e+02   1.7748047e+02
   4.0579007e+02   1.7669082e+02
   4.2342321e+02   1.8698963e+02
   3.3221402e+02   1.9458651e+02
   3.3005668e+02   2.1643271e+02
   3.2915281e+02   2.3829334e+02
   3.2795738e+02   2.6000636e+02
   3.0264341e+02   2.6735158e+02
   3.1542093e+02   2.7038628e+02
   3.2841440e+02   2.7124762e+02
   3.4184758e+02   2.7025425e+02
   3.5505705e+02   2.6793290e+02
   2.5687444e+02   2.0838149e+02
   2.7375847e+02   2.0172972e+02
   2.9188211e+02   2.0105735e+02
   3.0716919e+02   2.1012901e+02
   2.9018904e+02   2.1117121e+02
   2.7333586e+02   2.1153220e+02
   3.5298858e+02   2.1231965e+02
   3.6975592e+02   2.0457594e+02
   3.8810888e+02   2.0322630e+02
   4.0463672e+02   2.1061880e+02
   3.8778299e+02   2.1472974e+02
   3.7033276e+02   2.1350284e+02
   2.9077126e+02   3.0129440e+02
   3.0005483e+02   2.8843313e+02
   3.1492333e+02   2.8258847e+02
   3.3062883e+02   2.8414634e+02
   3.4646830e+02   2.8358972e+02
   3.6050833e+02   2.9102413e+02
   3.7068136e+02   3.0322309e+02
   3.5942638e+02   3.1581332e+02
   3.4366016e+02   3.2212137e+02
   3.2683524e+02   3.2254923e+02
   3.1193565e+02   3.2108295e+02
   2.9905234e+02   3.1354947e+02
   3.0026407e+02   2.9999403e+02
   3.0975688e+02   2.9989590e+02
   3.2851973e+02   3.0217819e+02
   3.4978272e+02   3.0066248e+02
   3.6023204e+02   3.0079161e+02
   3.4952234e+02   3.0092073e+02
   3.2840204e+02   3.0241397e+02
   3.0951218e+02   3.0009216e+02
