   2.2528592e+02   2.0518649e+02
   2.2608786e+02   2.3452569e+02
   2.2672894e+02   2.6359985e+02
   2.2961607e+02   2.9276089e+02
   2.3680292e+02   3.2085059e+02
   2.5207651e+02   3.4551301e+02
   2.7433334e+02   3.6422263e+02
   3.0121537e+02   3.7551463e+02
   3.2978663e+02   3.8030945e+02
   3.5994687e+02   3.7855005e+02
   3.8889282e+02   3.7056172e+02
   4.1507788e+02   3.5617255e+02
   4.3128906e+02   3.3086529e+02
   4.4145800e+02   3.0251557e+02
   4.4589081e+02   2.7276104e+02
   4.4584898e+02   2.4278154e+02
   4.4498926e+02   2.1272888e+02
   2.4103824e+02   1.8164032e+02
   2.5772506e+02   1.7193724e+02
   2.7731818e+02   1.7222041e+02
   2.9676420e+02   1.7440041e+02
   3.1618069e+02   1.7354951e+02
   3.4667737e+02   1.7415626e+02
   3.6755720e+02   1.7486537e+02
   3.8823161e+02   1.7433414e+02
   4.0892865e+02   1.7467681e+02
   4.2553812e+02   1.8586342e+02
   3.3264049e+02   1.9331269e+02
   3.3057098e+02   2.1540142e+02
   3.2951852e+02   2.3745534e+02
   3.2828229e+02   2.5943622e+02
   3.0229589e+02   2.6653553e+02
   3.1524741e+02   2.7011817e+02
   3.2858790e+02   2.7105671e+02
   3.4210341e+02   2.7021442e+02
   3.5534908e+02   2.6793874e+02
   2.5763124e+02   2.0891034e+02
   2.7390802e+02   1.9954126e+02
   2.9248307e+02   1.9942971e+02
   3.0736203e+02   2.1013524e+02
   2.9061382e+02   2.1255502e+02
   2.7384055e+02   2.1260021e+02
   3.5308542e+02   2.1236716e+02
   3.6971838e+02   2.0274653e+02
   3.8862326e+02   2.0109904e+02
   4.0462950e+02   2.1072136e+02
   3.8800133e+02   2.1603048e+02
   3.7049031e+02   2.1445811e+02
   2.8985163e+02   3.0115223e+02
   2.9987273e+02   2.8849883e+02
   3.1479637e+02   2.8248607e+02
   3.3069972e+02   2.8402445e+02
   3.4691455e+02   2.8359361e+02
   3.6110428e+02   2.9141954e+02
   3.7114778e+02   3.0417555e+02
   3.5918164e+02   3.1597607e+02
   3.4361872e+02   3.2194446e+02
   3.2687555e+02   3.2234492e+02
   3.1185440e+02   3.2062648e+02
   2.9884347e+02   3.1306148e+02
   2.9960347e+02   2.9980616e+02
   3.0935532e+02   2.9970989e+02
   3.2857694e+02   3.0201728e+02
   3.5014337e+02   3.0053337e+02
   3.6064558e+02   3.0066117e+02
   3.4983556e+02   3.0078896e+02
   3.2845925e+02   3.0225245e+02
   3.0911244e+02   2.9990242e+02
