   2.1758172e+02   2.3841389e+02
   2.1927036e+02   2.6825755e+02
   2.2229940e+02   2.9797209e+02
   2.3008356e+02   3.2685910e+02
   2.4036880e+02   3.5495357e+02
   2.5775580e+02   3.7884701e+02
   2.8102487e+02   3.9790078e+02
   3.0685823e+02   4.1257724e+02
   3.3589114e+02   4.1693464e+02
   3.6469655e+02   4.1188819e+02
   3.9020891e+02   3.9732131e+02
   4.1139143e+02   3.7686101e+02
   4.2861883e+02   3.5309113e+02
   4.3912627e+02   3.2579481e+02
   4.4412889e+02   2.9687132e+02
   4.4662432e+02   2.6773952e+02
   4.4770841e+02   2.3836515e+02
   2.3097876e+02   2.0154788e+02
   2.4251300e+02   1.9148389e+02
   2.5807829e+02   1.9013084e+02
   2.7359367e+02   1.9212610e+02
   2.8893554e+02   1.9432655e+02
   3.5519661e+02   1.9196623e+02
   3.7160992e+02   1.8820291e+02
   3.8792616e+02   1.8471058e+02
   4.0464798e+02   1.8469945e+02
   4.1976114e+02   1.9127856e+02
   3.2578904e+02   2.2287706e+02
   3.2593688e+02   2.3884930e+02
   3.2653166e+02   2.5464782e+02
   3.2657489e+02   2.7050867e+02
   3.1042430e+02   3.0067818e+02
   3.1918712e+02   2.9988085e+02
   3.2784903e+02   3.0049443e+02
   3.3702582e+02   2.9996235e+02
   3.4607063e+02   2.9947933e+02
   2.5388292e+02   2.3093696e+02
   2.6740387e+02   2.1943478e+02
   2.8525079e+02   2.2067719e+02
   2.9758155e+02   2.3328754e+02
   2.8250994e+02   2.3889952e+02
   2.6667032e+02   2.3975359e+02
   3.6025677e+02   2.2964371e+02
   3.7138971e+02   2.1597198e+02
   3.8944389e+02   2.1539939e+02
   4.0382481e+02   2.2585750e+02
   3.9109443e+02   2.3516046e+02
   3.7519906e+02   2.3516269e+02
   2.9157304e+02   3.4624646e+02
   3.0222582e+02   3.3524627e+02
   3.1535615e+02   3.2749355e+02
   3.3011235e+02   3.2849849e+02
   3.4558606e+02   3.2728672e+02
   3.5957823e+02   3.3461033e+02
   3.7238786e+02   3.4367410e+02
   3.5959861e+02   3.5038557e+02
   3.4600953e+02   3.5502231e+02
   3.3181437e+02   3.5604809e+02
   3.1787100e+02   3.5501541e+02
   3.0427946e+02   3.5174139e+02
   2.9997566e+02   3.4404515e+02
   3.1466552e+02   3.3840308e+02
   3.3041250e+02   3.3855556e+02
   3.4689564e+02   3.3747576e+02
   3.6271737e+02   3.4121408e+02
   3.4657934e+02   3.3812930e+02
   3.3031570e+02   3.3928190e+02
   3.1459531e+02   3.3926662e+02
