   2.0282234e+02   1.9343239e+02
   2.0784463e+02   2.2308220e+02
   2.1193377e+02   2.5275418e+02
   2.2065174e+02   2.8136963e+02
   2.2936590e+02   3.0987735e+02
   2.4438826e+02   3.3569169e+02
   2.6559957e+02   3.5653286e+02
   2.9139535e+02   3.7147750e+02
   3.2031361e+02   3.7873989e+02
   3.4968995e+02   3.7012627e+02
   3.7746038e+02   3.5797966e+02
   3.9839461e+02   3.3591256e+02
   4.1663464e+02   3.1145148e+02
   4.2583811e+02   2.8259575e+02
   4.2954504e+02   2.5221971e+02
   4.3181039e+02   2.2178527e+02
   4.3072930e+02   1.9152199e+02
   2.1919927e+02   1.7892218e+02
   2.3042717e+02   1.6825519e+02
   2.4563704e+02   1.6434429e+02
   2.6118189e+02   1.6533284e+02
   2.7676391e+02   1.6628896e+02
   3.3291202e+02   1.6253465e+02
   3.5065606e+02   1.5887286e+02
   3.6868283e+02   1.5764435e+02
   3.8665992e+02   1.5999271e+02
   4.0404982e+02   1.6485151e+02
   3.1233015e+02   1.9341390e+02
   3.1376164e+02   2.1442525e+02
   3.1456020e+02   2.3538545e+02
   3.1421266e+02   2.5612319e+02
   2.9547901e+02   2.6644111e+02
   3.0514432e+02   2.6930655e+02
   3.1514903e+02   2.7018165e+02
   3.2568746e+02   2.6922316e+02
   3.3570069e+02   2.6597097e+02
   2.4119822e+02   2.0138161e+02
   2.5432515e+02   1.9124475e+02
   2.7083953e+02   1.9060553e+02
   2.8378443e+02   2.0043845e+02
   2.7007704e+02   2.0665555e+02
   2.5525151e+02   2.0657091e+02
   3.4462139e+02   1.9621635e+02
   3.5570372e+02   1.8392582e+02
   3.7244908e+02   1.8279971e+02
   3.8674566e+02   1.9154433e+02
   3.7410764e+02   1.9997427e+02
   3.5889819e+02   2.0139038e+02
   2.8611626e+02   3.0762114e+02
   2.9400949e+02   2.9905154e+02
   3.0495530e+02   2.9496901e+02
   3.1655620e+02   2.9591656e+02
   3.3051253e+02   2.9413386e+02
   3.4398634e+02   2.9857971e+02
   3.5677353e+02   3.0476546e+02
   3.4360110e+02   3.1144804e+02
   3.3125752e+02   3.1953951e+02
   3.1704716e+02   3.2216174e+02
   3.0566905e+02   3.2022742e+02
   2.9576467e+02   3.1405965e+02
   2.9641629e+02   3.0622724e+02
   3.0681117e+02   3.0337901e+02
   3.1746757e+02   3.0478157e+02
   3.2896267e+02   3.0292121e+02
   3.4045199e+02   3.0289431e+02
   3.2888997e+02   3.0383916e+02
   3.1751955e+02   3.0579924e+02
   3.0685197e+02   3.0453921e+02
