   2.4522712e+02   2.4385483e+02
   2.4997641e+02   2.7456859e+02
   2.5801410e+02   3.0437339e+02
   2.6615585e+02   3.3414260e+02
   2.7645965e+02   3.6343937e+02
   2.9370875e+02   3.8882728e+02
   3.1858596e+02   4.0697284e+02
   3.4644802e+02   4.2045624e+02
   3.7654944e+02   4.2620234e+02
   4.0704069e+02   4.2040765e+02
   4.3404362e+02   4.0524819e+02
   4.5790259e+02   3.8555283e+02
   4.7578635e+02   3.6062871e+02
   4.8276230e+02   3.3038275e+02
   4.8839219e+02   2.9982729e+02
   4.9316032e+02   2.6919195e+02
   4.9750268e+02   2.3876156e+02
   2.6812120e+02   2.1776491e+02
   2.8884112e+02   2.0941061e+02
   3.1122722e+02   2.0758298e+02
   3.3363259e+02   2.0911161e+02
   3.5579175e+02   2.1125133e+02
   3.8456457e+02   2.0836985e+02
   4.0544837e+02   2.0249637e+02
   4.2716961e+02   2.0138351e+02
   4.4902073e+02   2.0249059e+02
   4.6980799e+02   2.0794537e+02
   3.6936229e+02   2.3875154e+02
   3.6979213e+02   2.5789802e+02
   3.7068076e+02   2.7680756e+02
   3.7098805e+02   2.9562890e+02
   3.4682863e+02   3.1489348e+02
   3.5977355e+02   3.1865823e+02
   3.7301863e+02   3.2064749e+02
   3.8614042e+02   3.1850469e+02
   3.9850822e+02   3.1372321e+02
   2.8364269e+02   2.4332374e+02
   3.0157349e+02   2.3148686e+02
   3.2308140e+02   2.3100942e+02
   3.4151561e+02   2.4158099e+02
   3.2222543e+02   2.4436344e+02
   3.0277014e+02   2.4523339e+02
   4.0012116e+02   2.4075263e+02
   4.1738626e+02   2.2735038e+02
   4.3932156e+02   2.2700744e+02
   4.5868637e+02   2.3707348e+02
   4.3924443e+02   2.4031871e+02
   4.1964484e+02   2.4027394e+02
   3.2231130e+02   3.6002437e+02
   3.3716976e+02   3.5244406e+02
   3.5343234e+02   3.4908264e+02
   3.7000046e+02   3.4852447e+02
   3.8697305e+02   3.4998072e+02
   4.0369682e+02   3.5320212e+02
   4.1995015e+02   3.5764286e+02
   4.0415744e+02   3.6378254e+02
   3.8775753e+02   3.6749640e+02
   3.7105538e+02   3.6640376e+02
   3.5456905e+02   3.6704735e+02
   3.3855911e+02   3.6241862e+02
   3.3846379e+02   3.5648344e+02
   3.5445028e+02   3.5612164e+02
   3.7026603e+02   3.5801876e+02
   3.8447393e+02   3.5692389e+02
   3.9854610e+02   3.5687874e+02
   3.8472027e+02   3.5776253e+02
   3.7107158e+02   3.5920340e+02
   3.5471337e+02   3.5735931e+02
