   2.4531740e+02   2.4372229e+02
   2.5008652e+02   2.7436688e+02
   2.5812529e+02   3.0403575e+02
   2.6633760e+02   3.3374342e+02
   2.7662345e+02   3.6292919e+02
   2.9371035e+02   3.8831457e+02
   3.1858033e+02   4.0631133e+02
   3.4641285e+02   4.1970153e+02
   3.7642024e+02   4.2560971e+02
   4.0685000e+02   4.1972392e+02
   4.3385006e+02   4.0476814e+02
   4.5753918e+02   3.8496889e+02
   4.7555792e+02   3.6026720e+02
   4.8256085e+02   3.3011898e+02
   4.8813139e+02   2.9959938e+02
   4.9289496e+02   2.6905883e+02
   4.9723011e+02   2.3874286e+02
   2.6828255e+02   2.1786512e+02
   2.8907685e+02   2.0960431e+02
   3.1151805e+02   2.0793247e+02
   3.3394291e+02   2.0943488e+02
   3.5610625e+02   2.1156186e+02
   3.8429918e+02   2.0867061e+02
   4.0516788e+02   2.0285145e+02
   4.2684984e+02   2.0176698e+02
   4.4871862e+02   2.0273176e+02
   4.6952222e+02   2.0803169e+02
   3.6935405e+02   2.3888187e+02
   3.6978688e+02   2.5793726e+02
   3.7072836e+02   2.7671646e+02
   3.7103490e+02   2.9542900e+02
   3.4696577e+02   3.1459112e+02
   3.5985199e+02   3.1838996e+02
   3.7304757e+02   3.2037364e+02
   3.8626408e+02   3.1824957e+02
   3.9873659e+02   3.1350676e+02
   2.8391633e+02   2.4326229e+02
   3.0179183e+02   2.3132926e+02
   3.2332575e+02   2.3090148e+02
   3.4174626e+02   2.4156640e+02
   3.2243959e+02   2.4421051e+02
   3.0302610e+02   2.4511942e+02
   4.0004393e+02   2.4072561e+02
   4.1726329e+02   2.2727529e+02
   4.3923508e+02   2.2699351e+02
   4.5857061e+02   2.3710826e+02
   4.3912015e+02   2.4017229e+02
   4.1953536e+02   2.4010161e+02
   3.2268852e+02   3.5968838e+02
   3.3735651e+02   3.5209174e+02
   3.5344877e+02   3.4879623e+02
   3.6986350e+02   3.4826340e+02
   3.8675130e+02   3.4971460e+02
   4.0341704e+02   3.5290965e+02
   4.1963182e+02   3.5717054e+02
   4.0391263e+02   3.6339811e+02
   3.8756133e+02   3.6708744e+02
   3.7088731e+02   3.6596103e+02
   3.5458551e+02   3.6660247e+02
   3.3874625e+02   3.6210471e+02
   3.3866000e+02   3.5616628e+02
   3.5443891e+02   3.5576347e+02
   3.7006076e+02   3.5769141e+02
   3.8404544e+02   3.5662180e+02
   3.9787630e+02   3.5653635e+02
   3.8433083e+02   3.5742995e+02
   3.7095367e+02   3.5887335e+02
   3.5474951e+02   3.5700421e+02
