   2.4471649e+02   2.4401864e+02
   2.4927481e+02   2.7512438e+02
   2.5710020e+02   3.0550690e+02
   2.6442784e+02   3.3595677e+02
   2.7350275e+02   3.6587036e+02
   2.9262482e+02   3.9059197e+02
   3.1791901e+02   4.0917907e+02
   3.4502199e+02   4.2457803e+02
   3.7558709e+02   4.2764110e+02
   4.0633342e+02   4.2291792e+02
   4.3335092e+02   4.0691611e+02
   4.5816801e+02   3.8799776e+02
   4.7521268e+02   3.6188939e+02
   4.8222222e+02   3.3131842e+02
   4.8800204e+02   3.0065037e+02
   4.9305612e+02   2.6968881e+02
   4.9737882e+02   2.3872740e+02
   2.6542362e+02   2.1392988e+02
   2.8325049e+02   2.0370469e+02
   3.0320538e+02   1.9895490e+02
   3.2378213e+02   1.9990115e+02
   3.4326234e+02   2.0601864e+02
   3.9131583e+02   2.0177876e+02
   4.1128909e+02   1.9474787e+02
   4.3225640e+02   1.9266291e+02
   4.5294505e+02   1.9657933e+02
   4.7219070e+02   2.0489927e+02
   3.6768433e+02   2.3906105e+02
   3.6767199e+02   2.5726545e+02
   3.6776327e+02   2.7547473e+02
   3.6777338e+02   2.9353390e+02
   3.4370426e+02   3.1646538e+02
   3.5631425e+02   3.2029192e+02
   3.6939957e+02   3.2130407e+02
   3.8236658e+02   3.1985167e+02
   3.9469732e+02   3.1605357e+02
   2.8171753e+02   2.4306832e+02
   2.9891432e+02   2.3105778e+02
   3.1985281e+02   2.3121635e+02
   3.3767593e+02   2.4203106e+02
   3.1912107e+02   2.4555988e+02
   3.0027841e+02   2.4575868e+02
   4.0065467e+02   2.4009275e+02
   4.1736768e+02   2.2675077e+02
   4.3881898e+02   2.2653306e+02
   4.5779662e+02   2.3664067e+02
   4.3911775e+02   2.4141993e+02
   4.1986587e+02   2.4103319e+02
   3.1930222e+02   3.6063445e+02
   3.3518379e+02   3.5303390e+02
   3.5229965e+02   3.4892159e+02
   3.6971986e+02   3.4826666e+02
   3.8711555e+02   3.4974839e+02
   4.0401140e+02   3.5353059e+02
   4.2032314e+02   3.5929323e+02
   4.0419536e+02   3.6510232e+02
   3.8757127e+02   3.6907285e+02
   3.7071289e+02   3.6845145e+02
   3.5325847e+02   3.6878701e+02
   3.3635522e+02   3.6355224e+02
   3.3665425e+02   3.5704947e+02
   3.5357148e+02   3.5680356e+02
   3.7024257e+02   3.5828997e+02
   3.8568711e+02   3.5724247e+02
   4.0109933e+02   3.5766671e+02
   3.8568144e+02   3.5829504e+02
   3.7046202e+02   3.5949912e+02
   3.5351810e+02   3.5802661e+02
