   2.4546982e+02   2.4353969e+02
   2.5014365e+02   2.7468676e+02
   2.5812291e+02   3.0492765e+02
   2.6555070e+02   3.3540528e+02
   2.7462838e+02   3.6526626e+02
   2.9374237e+02   3.8995609e+02
   3.1919855e+02   4.0836057e+02
   3.4631590e+02   4.2371553e+02
   3.7687457e+02   4.2712330e+02
   4.0745891e+02   4.2171886e+02
   4.3432056e+02   4.0576872e+02
   4.5879424e+02   3.8665789e+02
   4.7602703e+02   3.6095091e+02
   4.8285815e+02   3.3045285e+02
   4.8878898e+02   2.9993434e+02
   4.9355187e+02   2.6906126e+02
   4.9795563e+02   2.3832097e+02
   2.6620860e+02   2.1360118e+02
   2.8406717e+02   2.0357812e+02
   3.0400139e+02   1.9903793e+02
   3.2453266e+02   1.9965519e+02
   3.4373096e+02   2.0624402e+02
   3.9230284e+02   2.0167955e+02
   4.1221697e+02   1.9491252e+02
   4.3299252e+02   1.9286661e+02
   4.5361480e+02   1.9657128e+02
   4.7275030e+02   2.0463058e+02
   3.6844671e+02   2.3930121e+02
   3.6841133e+02   2.5717186e+02
   3.6859871e+02   2.7494782e+02
   3.6858997e+02   2.9263661e+02
   3.4463306e+02   3.1599124e+02
   3.5716873e+02   3.1987488e+02
   3.7021999e+02   3.2066424e+02
   3.8345750e+02   3.1936170e+02
   3.9604990e+02   3.1566366e+02
   2.8290259e+02   2.4277175e+02
   2.9990428e+02   2.3010987e+02
   3.2108569e+02   2.3046306e+02
   3.3888876e+02   2.4184118e+02
   3.2027583e+02   2.4523908e+02
   3.0147347e+02   2.4541188e+02
   4.0157409e+02   2.3968888e+02
   4.1815536e+02   2.2603979e+02
   4.3978733e+02   2.2593557e+02
   4.5869477e+02   2.3636615e+02
   4.4000778e+02   2.4092096e+02
   4.2074714e+02   2.4030195e+02
   3.2076474e+02   3.6007975e+02
   3.3637384e+02   3.5266011e+02
   3.5329214e+02   3.4912154e+02
   3.7042031e+02   3.4847486e+02
   3.8765685e+02   3.4997084e+02
   4.0454335e+02   3.5324418e+02
   4.2087869e+02   3.5841139e+02
   4.0484538e+02   3.6407779e+02
   3.8832720e+02   3.6782803e+02
   3.7161319e+02   3.6681553e+02
   3.5442149e+02   3.6749233e+02
   3.3776984e+02   3.6227984e+02
   3.3757317e+02   3.5649455e+02
   3.5439668e+02   3.5635525e+02
   3.7098649e+02   3.5816852e+02
   3.8607485e+02   3.5696051e+02
   4.0110563e+02   3.5707060e+02
   3.8615437e+02   3.5791984e+02
   3.7142134e+02   3.5935795e+02
   3.5445792e+02   3.5757210e+02
