   1.6996289e+02   2.1356986e+02
   1.6991675e+02   2.4675864e+02
   1.7287163e+02   2.7970442e+02
   1.7698263e+02   3.1265004e+02
   1.9015260e+02   3.4281287e+02
   2.0967189e+02   3.6942030e+02
   2.3546392e+02   3.8980714e+02
   2.6573988e+02   4.0343271e+02
   2.9815477e+02   4.0711976e+02
   3.2923950e+02   4.0081010e+02
   3.5686923e+02   3.8585729e+02
   3.8055131e+02   3.6487558e+02
   3.9987700e+02   3.3974760e+02
   4.1174092e+02   3.1073826e+02
   4.1522363e+02   2.7944911e+02
   4.1660377e+02   2.4765455e+02
   4.1652223e+02   2.1625167e+02
   1.8350964e+02   1.9746289e+02
   2.0025161e+02   1.8202146e+02
   2.2174908e+02   1.7510285e+02
   2.4425199e+02   1.7675663e+02
   2.6688135e+02   1.7850556e+02
   3.2429262e+02   1.7695404e+02
   3.4302840e+02   1.7365003e+02
   3.6214067e+02   1.7359425e+02
   3.8046359e+02   1.7798793e+02
   3.9735712e+02   1.8662209e+02
   2.9909499e+02   2.0746943e+02
   2.9908017e+02   2.2831595e+02
   2.9913284e+02   2.4881078e+02
   2.9909842e+02   2.6946099e+02
   2.5968061e+02   2.8721356e+02
   2.7907933e+02   2.8959383e+02
   2.9824795e+02   2.9046595e+02
   3.1542260e+02   2.8896211e+02
   3.3174097e+02   2.8430549e+02
   2.1841871e+02   2.1350139e+02
   2.3489122e+02   2.0426549e+02
   2.5349749e+02   2.0855524e+02
   2.6695340e+02   2.2192903e+02
   2.5078898e+02   2.1850371e+02
   2.3414561e+02   2.1783638e+02
   3.2309394e+02   2.2275105e+02
   3.3790479e+02   2.0909912e+02
   3.5771271e+02   2.0554348e+02
   3.7491425e+02   2.1514053e+02
   3.5788619e+02   2.1965295e+02
   3.4042669e+02   2.2097661e+02
   2.3542385e+02   3.1492184e+02
   2.5607326e+02   3.1231180e+02
   2.7586483e+02   3.0640130e+02
   2.9625381e+02   3.0783144e+02
   3.1661341e+02   3.0540765e+02
   3.3700180e+02   3.0846893e+02
   3.5726029e+02   3.1147458e+02
   3.4474857e+02   3.3444918e+02
   3.2248626e+02   3.4767917e+02
   2.9662245e+02   3.4927958e+02
   2.7010032e+02   3.4825725e+02
   2.4628696e+02   3.3791639e+02
   2.5075777e+02   3.2623878e+02
   2.6609168e+02   3.1859261e+02
   2.9679857e+02   3.1998031e+02
   3.2756183e+02   3.1734158e+02
   3.4241106e+02   3.2531425e+02
   3.3007870e+02   3.3328693e+02
   2.9607563e+02   3.3860067e+02
   2.6292371e+02   3.3388494e+02
