   1.7538567e+02   2.1424430e+02
   1.7461266e+02   2.4693529e+02
   1.7808729e+02   2.7950437e+02
   1.8337992e+02   3.1159853e+02
   1.9477384e+02   3.4197485e+02
   2.1354808e+02   3.6852744e+02
   2.3812760e+02   3.8957038e+02
   2.6667808e+02   4.0505801e+02
   2.9866611e+02   4.0932972e+02
   3.2923564e+02   4.0222083e+02
   3.5551026e+02   3.8560920e+02
   3.7849232e+02   3.6409035e+02
   3.9650442e+02   3.3859529e+02
   4.0806185e+02   3.0949113e+02
   4.1139353e+02   2.7806646e+02
   4.1758039e+02   2.4744277e+02
   4.1826403e+02   2.1642630e+02
   1.8805607e+02   1.9896675e+02
   2.0179504e+02   1.8112645e+02
   2.2331447e+02   1.7371180e+02
   2.4625390e+02   1.7395005e+02
   2.6875195e+02   1.7699850e+02
   3.2425098e+02   1.7698136e+02
   3.4329304e+02   1.7293298e+02
   3.6262052e+02   1.7168141e+02
   3.8113675e+02   1.7659984e+02
   3.9789717e+02   1.8623176e+02
   3.0032440e+02   2.0632769e+02
   3.0073018e+02   2.2736713e+02
   3.0103895e+02   2.4821872e+02
   3.0095572e+02   2.6913072e+02
   2.6268231e+02   2.9045480e+02
   2.8085892e+02   2.9050470e+02
   2.9873878e+02   2.9017379e+02
   3.1465955e+02   2.8960089e+02
   3.3036068e+02   2.8864890e+02
   2.1902655e+02   2.1301683e+02
   2.3591063e+02   2.0368953e+02
   2.5513333e+02   2.0674121e+02
   2.6906849e+02   2.2004619e+02
   2.5210012e+02   2.1883828e+02
   2.3512880e+02   2.1795316e+02
   3.2518480e+02   2.2226256e+02
   3.3934091e+02   2.0840727e+02
   3.5881417e+02   2.0573143e+02
   3.7589255e+02   2.1524121e+02
   3.5948299e+02   2.2068211e+02
   3.4231717e+02   2.2096366e+02
   2.4600728e+02   3.2909320e+02
   2.6287013e+02   3.1564119e+02
   2.7972615e+02   3.0252245e+02
   3.0020126e+02   3.0489482e+02
   3.1930599e+02   3.0280870e+02
   3.3510899e+02   3.1469252e+02
   3.4996748e+02   3.2777620e+02
   3.3793285e+02   3.4307706e+02
   3.1895865e+02   3.4882051e+02
   2.9923096e+02   3.4874859e+02
   2.7810855e+02   3.4929425e+02
   2.5764334e+02   3.4546372e+02
   2.5924411e+02   3.2668009e+02
   2.7248095e+02   3.2615020e+02
   2.9863866e+02   3.2146288e+02
   3.2425075e+02   3.2667216e+02
   3.3710912e+02   3.2737080e+02
   3.2360538e+02   3.2806944e+02
   2.9755383e+02   3.3053250e+02
   2.7150231e+02   3.2720998e+02
