   1.7882118e+02   1.7695974e+02
   1.8094892e+02   2.0596303e+02
   1.8587356e+02   2.3414821e+02
   1.9252463e+02   2.6222069e+02
   2.0296550e+02   2.8914884e+02
   2.1973345e+02   3.1235836e+02
   2.4180652e+02   3.3113636e+02
   2.6560809e+02   3.4705110e+02
   2.9349867e+02   3.5145081e+02
   3.2286600e+02   3.4812202e+02
   3.4852992e+02   3.3357417e+02
   3.6970621e+02   3.1290447e+02
   3.8840919e+02   2.9003806e+02
   3.9903739e+02   2.6228367e+02
   4.0505576e+02   2.3330138e+02
   4.0735173e+02   2.0390482e+02
   4.0827246e+02   1.7435601e+02
   1.9487028e+02   1.4444055e+02
   2.0238412e+02   1.3088246e+02
   2.1834902e+02   1.2794006e+02
   2.3485504e+02   1.2798371e+02
   2.5101308e+02   1.2663615e+02
   3.1918046e+02   1.2487465e+02
   3.3537653e+02   1.2311954e+02
   3.5144694e+02   1.2116057e+02
   3.6749773e+02   1.2124764e+02
   3.7807354e+02   1.3219235e+02
   2.8753750e+02   1.5783465e+02
   2.8794527e+02   1.7622589e+02
   2.8840792e+02   1.9444686e+02
   2.8885751e+02   2.1263585e+02
   2.5944869e+02   2.2421086e+02
   2.7378063e+02   2.2981876e+02
   2.8885170e+02   2.3179386e+02
   3.0567590e+02   2.2999252e+02
   3.2182318e+02   2.2556635e+02
   2.2025943e+02   1.6538838e+02
   2.3349433e+02   1.5320438e+02
   2.5164364e+02   1.5389220e+02
   2.6347578e+02   1.6718360e+02
   2.4877495e+02   1.7022807e+02
   2.3390488e+02   1.7074376e+02
   3.1649632e+02   1.6096217e+02
   3.2976919e+02   1.4907902e+02
   3.4747529e+02   1.4895824e+02
   3.5971307e+02   1.6142079e+02
   3.4530301e+02   1.6538467e+02
   3.3046732e+02   1.6538069e+02
   2.4976201e+02   2.7272626e+02
   2.5986698e+02   2.6176544e+02
   2.7327907e+02   2.5544391e+02
   2.8792037e+02   2.5664644e+02
   3.0482045e+02   2.5490538e+02
   3.2077738e+02   2.6110213e+02
   3.3428426e+02   2.7146022e+02
   3.2531665e+02   2.8760976e+02
   3.1089953e+02   2.9912605e+02
   2.9285001e+02   3.0175837e+02
   2.7461296e+02   2.9915708e+02
   2.5962007e+02   2.8836999e+02
   2.7270512e+02   2.7316559e+02
   2.8108162e+02   2.7033529e+02
   2.8990657e+02   2.6999518e+02
   2.9973896e+02   2.7027331e+02
   3.0909440e+02   2.7313303e+02
   3.0052752e+02   2.7668780e+02
   2.9144208e+02   2.7773474e+02
   2.8157908e+02   2.7723190e+02
