   1.7950090e+02   2.1624147e+02
   1.8410119e+02   2.4558811e+02
   1.9295854e+02   2.7387180e+02
   2.0112356e+02   3.0239184e+02
   2.1096156e+02   3.3021518e+02
   2.2715267e+02   3.5494199e+02
   2.4949659e+02   3.7446805e+02
   2.7614932e+02   3.8684169e+02
   3.0531954e+02   3.8981481e+02
   3.3241785e+02   3.8272369e+02
   3.5629626e+02   3.6822485e+02
   3.7740983e+02   3.4965693e+02
   3.9401541e+02   3.2740262e+02
   4.0324292e+02   3.0100261e+02
   4.0822516e+02   2.7339345e+02
   4.1355461e+02   2.4583518e+02
   4.1552377e+02   2.1809513e+02
   2.0169540e+02   1.7998041e+02
   2.1529725e+02   1.7313773e+02
   2.2967038e+02   1.6859422e+02
   2.4468084e+02   1.6834993e+02
   2.5941719e+02   1.7125997e+02
   3.2291728e+02   1.6748182e+02
   3.3881379e+02   1.6488865e+02
   3.5467614e+02   1.6404800e+02
   3.6995683e+02   1.6847359e+02
   3.8354430e+02   1.7648998e+02
   2.9009720e+02   2.0605377e+02
   2.8916096e+02   2.2699519e+02
   2.8877533e+02   2.4781822e+02
   2.8962223e+02   2.6854610e+02
   2.6991002e+02   2.8028517e+02
   2.8123790e+02   2.8329651e+02
   2.9261620e+02   2.8487808e+02
   3.0549628e+02   2.8164331e+02
   3.1712845e+02   2.7565557e+02
   2.2317088e+02   2.1088510e+02
   2.3459074e+02   1.9790705e+02
   2.5228061e+02   1.9934683e+02
   2.6482048e+02   2.1166597e+02
   2.5084238e+02   2.1672028e+02
   2.3623559e+02   2.1741328e+02
   3.2296115e+02   2.0913055e+02
   3.3551252e+02   1.9622026e+02
   3.5331693e+02   1.9398199e+02
   3.6517536e+02   2.0655023e+02
   3.5198223e+02   2.1329685e+02
   3.3713151e+02   2.1355908e+02
   2.5546805e+02   3.1707414e+02
   2.6906110e+02   3.1146953e+02
   2.8273946e+02   3.0647623e+02
   2.9644417e+02   3.0984537e+02
   3.0977633e+02   3.0423524e+02
   3.2414302e+02   3.0716119e+02
   3.3840478e+02   3.1113324e+02
   3.2510590e+02   3.1992799e+02
   3.1176071e+02   3.2867686e+02
   2.9643232e+02   3.3146445e+02
   2.8185894e+02   3.3034133e+02
   2.6870193e+02   3.2349523e+02
   2.7437197e+02   3.1690249e+02
   2.8531295e+02   3.1633794e+02
   2.9607556e+02   3.1748412e+02
   3.0766093e+02   3.1518057e+02
   3.1915302e+02   3.1355283e+02
   3.0769986e+02   3.1597522e+02
   2.9626777e+02   3.1807998e+02
   2.8524424e+02   3.1724182e+02
