   1.8155300e+02   1.6547035e+02
   1.8354873e+02   1.9690366e+02
   1.8892087e+02   2.2789672e+02
   1.9513051e+02   2.5852036e+02
   2.0524424e+02   2.8790257e+02
   2.2371431e+02   3.1325810e+02
   2.4782149e+02   3.3340008e+02
   2.7396719e+02   3.5034203e+02
   3.0436972e+02   3.5309253e+02
   3.3370765e+02   3.4836042e+02
   3.5818767e+02   3.3132334e+02
   3.7876455e+02   3.0930677e+02
   3.9536593e+02   2.8467430e+02
   4.0352126e+02   2.5580779e+02
   4.0937764e+02   2.2650923e+02
   4.1139564e+02   1.9663018e+02
   4.0950032e+02   1.6680563e+02
   1.9955336e+02   1.4461184e+02
   2.0941224e+02   1.3110860e+02
   2.2642266e+02   1.2889956e+02
   2.4383329e+02   1.2933086e+02
   2.6115467e+02   1.2894972e+02
   3.2844730e+02   1.2513299e+02
   3.4421219e+02   1.2453725e+02
   3.5989796e+02   1.2356619e+02
   3.7528742e+02   1.2575772e+02
   3.8518837e+02   1.3700024e+02
   2.9196961e+02   1.5879386e+02
   2.9287647e+02   1.7681674e+02
   2.9328514e+02   1.9485654e+02
   2.9246400e+02   2.1281849e+02
   2.6167416e+02   2.2849898e+02
   2.7717320e+02   2.3075930e+02
   2.9247136e+02   2.3224846e+02
   3.0666969e+02   2.3129731e+02
   3.2087326e+02   2.3038562e+02
   2.2325672e+02   1.6640234e+02
   2.3712438e+02   1.5495220e+02
   2.5529030e+02   1.5524069e+02
   2.6780560e+02   1.6780699e+02
   2.5296213e+02   1.7296748e+02
   2.3727389e+02   1.7313873e+02
   3.2040606e+02   1.6494380e+02
   3.3228859e+02   1.5189182e+02
   3.4998758e+02   1.5053751e+02
   3.6258242e+02   1.6255830e+02
   3.4919060e+02   1.6837709e+02
   3.3444505e+02   1.6876907e+02
   2.5031533e+02   2.7256568e+02
   2.6371927e+02   2.6401641e+02
   2.7818242e+02   2.5777080e+02
   2.9339879e+02   2.5975198e+02
   3.1016770e+02   2.5645532e+02
   3.2623393e+02   2.6264796e+02
   3.4218688e+02   2.6919431e+02
   3.2881156e+02   2.8347065e+02
   3.1303256e+02   2.9485107e+02
   2.9436321e+02   3.0002060e+02
   2.7634497e+02   2.9733114e+02
   2.6142596e+02   2.8697421e+02
   2.6745055e+02   2.7589207e+02
   2.8192374e+02   2.7492726e+02
   2.9622831e+02   2.7446081e+02
   3.0999650e+02   2.7297010e+02
   3.2360992e+02   2.7210133e+02
   3.0959562e+02   2.7392423e+02
   2.9579223e+02   2.7584149e+02
   2.8163149e+02   2.7632454e+02
