   2.2087918e+02   2.0762229e+02
   2.2140223e+02   2.3669622e+02
   2.2565879e+02   2.6555248e+02
   2.3330023e+02   2.9352972e+02
   2.4510595e+02   3.2002151e+02
   2.6261413e+02   3.4336741e+02
   2.8314930e+02   3.6386025e+02
   3.0701526e+02   3.8010692e+02
   3.3496619e+02   3.8713338e+02
   3.6429959e+02   3.8011889e+02
   3.9043569e+02   3.6487942e+02
   4.1182304e+02   3.4333048e+02
   4.2773550e+02   3.1762926e+02
   4.4094169e+02   2.9077353e+02
   4.4672489e+02   2.6092100e+02
   4.5265436e+02   2.3138272e+02
   4.5226195e+02   2.0137377e+02
   2.3844709e+02   1.8769597e+02
   2.5341832e+02   1.7882248e+02
   2.7116295e+02   1.7954597e+02
   2.8874730e+02   1.8224235e+02
   3.0450142e+02   1.8989848e+02
   3.4627431e+02   1.8774055e+02
   3.6123552e+02   1.7543911e+02
   3.8015484e+02   1.7014927e+02
   3.9958174e+02   1.6829320e+02
   4.1899225e+02   1.6990600e+02
   3.3014492e+02   2.0437823e+02
   3.3031589e+02   2.2701471e+02
   3.3007858e+02   2.4954992e+02
   3.2957848e+02   2.7209287e+02
   2.9870332e+02   2.7694836e+02
   3.1305500e+02   2.8594900e+02
   3.2951179e+02   2.8949122e+02
   3.4750416e+02   2.8631579e+02
   3.6168779e+02   2.7499236e+02
   2.5867520e+02   2.1046211e+02
   2.7247721e+02   2.0144674e+02
   2.8897459e+02   2.0509837e+02
   3.0388976e+02   2.1324359e+02
   2.8861347e+02   2.1311489e+02
   2.7360426e+02   2.1277394e+02
   3.6079289e+02   2.0817012e+02
   3.7315863e+02   1.9946744e+02
   3.8753978e+02   1.9538246e+02
   4.0160306e+02   1.9959679e+02
   3.8816174e+02   2.0361252e+02
   3.7441572e+02   2.0589823e+02
   2.8453571e+02   3.0256152e+02
   3.0117086e+02   3.0012261e+02
   3.1775984e+02   2.9961326e+02
   3.3433457e+02   3.0056035e+02
   3.5314711e+02   2.9854174e+02
   3.7180047e+02   2.9533531e+02
   3.9049248e+02   2.9679677e+02
   3.7752035e+02   3.1935292e+02
   3.5645304e+02   3.3424599e+02
   3.3115354e+02   3.3753883e+02
   3.1155225e+02   3.3197036e+02
   2.9567410e+02   3.1929834e+02
   2.8869873e+02   3.0350703e+02
   3.1133050e+02   3.0647345e+02
   3.3396991e+02   3.0847894e+02
   3.5983498e+02   3.0311801e+02
   3.8530303e+02   2.9845275e+02
   3.6290723e+02   3.1799209e+02
   3.3387099e+02   3.2302264e+02
   3.0896298e+02   3.1863563e+02
