   2.2145900e+02   2.0720158e+02
   2.2178349e+02   2.3688458e+02
   2.2736001e+02   2.6584039e+02
   2.3590438e+02   2.9419278e+02
   2.4774774e+02   3.2140347e+02
   2.6375143e+02   3.4634921e+02
   2.8456309e+02   3.6717324e+02
   3.0937137e+02   3.8335528e+02
   3.3806229e+02   3.8721975e+02
   3.6778918e+02   3.8220140e+02
   3.9331411e+02   3.6627376e+02
   4.1397216e+02   3.4424848e+02
   4.2834328e+02   3.1776734e+02
   4.3922366e+02   2.8956066e+02
   4.4708740e+02   2.6059574e+02
   4.5212340e+02   2.3061958e+02
   4.5166292e+02   2.0070687e+02
   2.3733920e+02   1.8811720e+02
   2.5262218e+02   1.7929498e+02
   2.7052381e+02   1.7970077e+02
   2.8808355e+02   1.8315426e+02
   3.0398527e+02   1.9102511e+02
   3.4615791e+02   1.8863378e+02
   3.6108208e+02   1.7665264e+02
   3.7968017e+02   1.7122099e+02
   3.9865475e+02   1.6902169e+02
   4.1770618e+02   1.7119323e+02
   3.2988259e+02   2.0520355e+02
   3.3001172e+02   2.2812219e+02
   3.2973225e+02   2.5067448e+02
   3.2913683e+02   2.7337143e+02
   3.0058750e+02   2.7450669e+02
   3.1367345e+02   2.8505879e+02
   3.2986396e+02   2.8860969e+02
   3.4704796e+02   2.8455517e+02
   3.6219498e+02   2.7603387e+02
   2.5951647e+02   2.1200775e+02
   2.7306539e+02   2.0338426e+02
   2.8937689e+02   2.0604220e+02
   3.0325621e+02   2.1466054e+02
   2.8850140e+02   2.1487135e+02
   2.7382416e+02   2.1468928e+02
   3.6090305e+02   2.0972240e+02
   3.7290289e+02   1.9921067e+02
   3.8832622e+02   1.9573633e+02
   4.0272302e+02   2.0192676e+02
   3.8925899e+02   2.0651611e+02
   3.7498485e+02   2.0768415e+02
   2.8954194e+02   3.0835493e+02
   3.0347520e+02   3.0398001e+02
   3.1798764e+02   3.0231140e+02
   3.3238376e+02   3.0208209e+02
   3.4961216e+02   3.0209602e+02
   3.6685502e+02   3.0243085e+02
   3.8398208e+02   3.0251406e+02
   3.7271074e+02   3.2227477e+02
   3.5546362e+02   3.3687605e+02
   3.3336565e+02   3.4191513e+02
   3.1394668e+02   3.3852063e+02
   2.9868265e+02   3.2573600e+02
   2.9429222e+02   3.1058036e+02
   3.1390937e+02   3.1167616e+02
   3.3345290e+02   3.1216559e+02
   3.5565517e+02   3.0935780e+02
   3.7742456e+02   3.0570692e+02
   3.5829365e+02   3.2167717e+02
   3.3447766e+02   3.2868424e+02
   3.1228257e+02   3.2386093e+02
