   2.2071256e+02   2.0750681e+02
   2.2123106e+02   2.3657919e+02
   2.2551273e+02   2.6543393e+02
   2.3314224e+02   2.9341501e+02
   2.4494874e+02   3.1990669e+02
   2.6244261e+02   3.4325782e+02
   2.8299160e+02   3.6374013e+02
   3.0686036e+02   3.7998503e+02
   3.3481145e+02   3.8700923e+02
   3.6414078e+02   3.7999229e+02
   3.9027583e+02   3.6476705e+02
   4.1164849e+02   3.4321803e+02
   4.2754882e+02   3.1751367e+02
   4.4074483e+02   2.9066042e+02
   4.4653821e+02   2.6081439e+02
   4.5243686e+02   2.3127966e+02
   4.5206026e+02   2.0127561e+02
   2.3830442e+02   1.8758627e+02
   2.5328339e+02   1.7875308e+02
   2.7101043e+02   1.7946186e+02
   2.8856825e+02   1.8219305e+02
   3.0431563e+02   1.8983016e+02
   3.4608573e+02   1.8767312e+02
   3.6108029e+02   1.7538945e+02
   3.8000952e+02   1.7009318e+02
   3.9945212e+02   1.6824627e+02
   4.1885472e+02   1.6993091e+02
   3.2995364e+02   2.0427051e+02
   3.3012400e+02   2.2690371e+02
   3.2988614e+02   2.4943459e+02
   3.2938534e+02   2.7197376e+02
   2.9856747e+02   2.7691419e+02
   3.1290015e+02   2.8591340e+02
   3.2934552e+02   2.8943164e+02
   3.4728886e+02   2.8625012e+02
   3.6144055e+02   2.7495727e+02
   2.5847216e+02   2.1044113e+02
   2.7228521e+02   2.0144191e+02
   2.8878832e+02   2.0506696e+02
   3.0369759e+02   2.1320425e+02
   2.8841579e+02   2.1310439e+02
   2.7339919e+02   2.1277301e+02
   3.6059584e+02   2.0814468e+02
   3.7295990e+02   1.9945070e+02
   3.8734148e+02   1.9535703e+02
   4.0141003e+02   1.9955574e+02
   3.8798424e+02   2.0361125e+02
   3.7423062e+02   2.0589836e+02
   2.8448030e+02   3.0264786e+02
   3.0106667e+02   3.0019693e+02
   3.1760757e+02   2.9966500e+02
   3.3413793e+02   3.0061059e+02
   3.5289965e+02   2.9859399e+02
   3.7150146e+02   2.9542252e+02
   3.9014058e+02   2.9690924e+02
   3.7716511e+02   3.1932597e+02
   3.5616988e+02   3.3413117e+02
   3.3098213e+02   3.3740001e+02
   3.1145923e+02   3.3186170e+02
   2.9562421e+02   3.1928022e+02
   2.8868148e+02   3.0358369e+02
   3.1122157e+02   3.0655596e+02
   3.3376809e+02   3.0855777e+02
   3.5956213e+02   3.0322635e+02
   3.8495743e+02   2.9855234e+02
   3.6257929e+02   3.1785763e+02
   3.3365531e+02   3.2280797e+02
   3.0888398e+02   3.1849413e+02
