   1.7558342e+02   2.2624405e+02
   1.7716414e+02   2.5617261e+02
   1.8196733e+02   2.8579102e+02
   1.8732574e+02   3.1529088e+02
   1.9280595e+02   3.4452107e+02
   2.0521550e+02   3.7145898e+02
   2.2652384e+02   3.9256195e+02
   2.5355912e+02   4.0473251e+02
   2.8244505e+02   4.1183803e+02
   3.1232661e+02   4.1124104e+02
   3.3979563e+02   3.9927286e+02
   3.6518499e+02   3.8315356e+02
   3.8100791e+02   3.5798910e+02
   3.9242828e+02   3.2992105e+02
   3.9946303e+02   3.0066633e+02
   4.0565723e+02   2.7136287e+02
   4.0865043e+02   2.4163337e+02
   1.8740466e+02   2.0821795e+02
   2.0014222e+02   1.9016220e+02
   2.2079104e+02   1.8276980e+02
   2.4132105e+02   1.9066204e+02
   2.6128366e+02   2.0027134e+02
   3.0706019e+02   2.0246171e+02
   3.2845729e+02   1.9630582e+02
   3.5020194e+02   1.9153452e+02
   3.7187555e+02   1.9579444e+02
   3.8580078e+02   2.1216967e+02
   2.8550893e+02   2.2055460e+02
   2.8462964e+02   2.4144800e+02
   2.8291445e+02   2.6237220e+02
   2.8151990e+02   2.8299818e+02
   2.5691051e+02   2.9619727e+02
   2.6909540e+02   2.9954337e+02
   2.8111066e+02   3.0324702e+02
   2.9307117e+02   2.9996601e+02
   3.0528265e+02   2.9839629e+02
   2.1203362e+02   2.2319461e+02
   2.2668744e+02   2.1236383e+02
   2.4498034e+02   2.1488852e+02
   2.5691976e+02   2.2848919e+02
   2.4154724e+02   2.2805300e+02
   2.2623173e+02   2.2823946e+02
   3.1407385e+02   2.3154419e+02
   3.2726045e+02   2.1830055e+02
   3.4579817e+02   2.1607240e+02
   3.5895832e+02   2.2844456e+02
   3.4495898e+02   2.3465334e+02
   3.2950153e+02   2.3278011e+02
   2.4124313e+02   3.3399599e+02
   2.5559420e+02   3.2779581e+02
   2.6976128e+02   3.2113603e+02
   2.8315090e+02   3.2723900e+02
   2.9706904e+02   3.2214742e+02
   3.1037612e+02   3.3018692e+02
   3.2404331e+02   3.3716561e+02
   3.1194579e+02   3.4449981e+02
   2.9836607e+02   3.4852301e+02
   2.8442240e+02   3.4898006e+02
   2.6920528e+02   3.4647038e+02
   2.5488844e+02   3.4100639e+02
   2.5182370e+02   3.3356402e+02
   2.6240427e+02   3.3345077e+02
   2.8287780e+02   3.3766034e+02
   3.0347286e+02   3.3389777e+02
   3.1375809e+02   3.3423355e+02
   3.0370759e+02   3.3456933e+02
   2.8364791e+02   3.3808625e+02
   2.6256221e+02   3.3367728e+02
