   1.7567940e+02   2.2662331e+02
   1.7664322e+02   2.5714198e+02
   1.8023262e+02   2.8711622e+02
   1.8349193e+02   3.1725041e+02
   1.8932043e+02   3.4677522e+02
   2.0280555e+02   3.7390706e+02
   2.2355231e+02   3.9578967e+02
   2.4980337e+02   4.1079528e+02
   2.7922510e+02   4.1615874e+02
   3.1004745e+02   4.1392309e+02
   3.3886122e+02   4.0377772e+02
   3.6388458e+02   3.8637337e+02
   3.8078419e+02   3.6060929e+02
   3.9216955e+02   3.3212248e+02
   4.0068913e+02   3.0252275e+02
   4.0671992e+02   2.7249379e+02
   4.0972506e+02   2.4202555e+02
   1.8829063e+02   2.1543541e+02
   2.0064692e+02   2.0134552e+02
   2.1902942e+02   1.9720153e+02
   2.3834260e+02   1.9788345e+02
   2.5752254e+02   1.9782217e+02
   3.0227589e+02   2.0202071e+02
   3.2279951e+02   2.0164406e+02
   3.4286248e+02   1.9973330e+02
   3.6250482e+02   2.0466552e+02
   3.7905037e+02   2.1629156e+02
   2.8184316e+02   2.2479626e+02
   2.8106639e+02   2.4529456e+02
   2.7940425e+02   2.6540996e+02
   2.7809144e+02   2.8566298e+02
   2.5476691e+02   2.9960122e+02
   2.6584641e+02   3.0266993e+02
   2.7699870e+02   3.0524916e+02
   2.9023970e+02   3.0353553e+02
   3.0331491e+02   3.0185494e+02
   2.1343812e+02   2.2746849e+02
   2.2795410e+02   2.1770751e+02
   2.4530560e+02   2.1926518e+02
   2.5551919e+02   2.3283253e+02
   2.4078268e+02   2.3299399e+02
   2.2618055e+02   2.3380162e+02
   3.1126048e+02   2.3374676e+02
   3.2466300e+02   2.2340700e+02
   3.4139913e+02   2.2261603e+02
   3.5453484e+02   2.3262072e+02
   3.4070610e+02   2.3829159e+02
   3.2580445e+02   2.3708086e+02
   2.3168730e+02   3.3368262e+02
   2.4843291e+02   3.2886783e+02
   2.6511203e+02   3.2447606e+02
   2.8133944e+02   3.2935187e+02
   2.9725727e+02   3.2392045e+02
   3.1411584e+02   3.2778170e+02
   3.3100366e+02   3.3064957e+02
   3.1840394e+02   3.4584461e+02
   3.0063127e+02   3.5431319e+02
   2.8109710e+02   3.5586919e+02
   2.6261818e+02   3.5378915e+02
   2.4609100e+02   3.4547791e+02
   2.4429748e+02   3.3522176e+02
   2.5690767e+02   3.3240310e+02
   2.8149115e+02   3.3671224e+02
   3.0603562e+02   3.3183751e+02
   3.1851964e+02   3.3600191e+02
   3.0667133e+02   3.4016632e+02
   2.8156209e+02   3.4389725e+02
   2.5674764e+02   3.3804041e+02
