   1.7503940e+02   2.2768404e+02
   1.7589543e+02   2.5817893e+02
   1.7925446e+02   2.8822524e+02
   1.8257126e+02   3.1832515e+02
   1.8808567e+02   3.4788065e+02
   2.0174222e+02   3.7490203e+02
   2.2245198e+02   3.9678390e+02
   2.4890359e+02   4.1117643e+02
   2.7835585e+02   4.1663658e+02
   3.0927916e+02   4.1526985e+02
   3.3801124e+02   4.0532623e+02
   3.6235341e+02   3.8688896e+02
   3.7923367e+02   3.6115145e+02
   3.9138575e+02   3.3292286e+02
   3.9961354e+02   3.0326561e+02
   4.0568301e+02   2.7330095e+02
   4.0813631e+02   2.4278413e+02
   1.8639577e+02   2.1657239e+02
   1.9861647e+02   2.0209195e+02
   2.1707056e+02   1.9758358e+02
   2.3638222e+02   1.9864952e+02
   2.5559026e+02   1.9834205e+02
   3.0098412e+02   2.0225121e+02
   3.2160904e+02   2.0196978e+02
   3.4190538e+02   2.0042058e+02
   3.6189411e+02   2.0480148e+02
   3.7791030e+02   2.1696191e+02
   2.8050372e+02   2.2619692e+02
   2.7972519e+02   2.4662304e+02
   2.7750680e+02   2.6666713e+02
   2.7622831e+02   2.8683935e+02
   2.5331799e+02   3.0088767e+02
   2.6454312e+02   3.0398414e+02
   2.7580063e+02   3.0673377e+02
   2.8877910e+02   3.0475847e+02
   3.0166251e+02   3.0309492e+02
   2.1158132e+02   2.2907737e+02
   2.2625321e+02   2.1910882e+02
   2.4381050e+02   2.2086497e+02
   2.5416793e+02   2.3465759e+02
   2.3924031e+02   2.3529981e+02
   2.2445177e+02   2.3555402e+02
   3.0946604e+02   2.3504789e+02
   3.2257978e+02   2.2426343e+02
   3.3954827e+02   2.2363410e+02
   3.5313085e+02   2.3338844e+02
   3.3933532e+02   2.3967260e+02
   3.2420709e+02   2.3872686e+02
   2.3027549e+02   3.3563091e+02
   2.4700437e+02   3.3075317e+02
   2.6360280e+02   3.2630996e+02
   2.7987517e+02   3.3097704e+02
   2.9633357e+02   3.2565002e+02
   3.1349174e+02   3.2963476e+02
   3.3082233e+02   3.3234603e+02
   3.1788978e+02   3.4677178e+02
   3.0010586e+02   3.5474191e+02
   2.8079865e+02   3.5662856e+02
   2.6213481e+02   3.5449065e+02
   2.4509393e+02   3.4700612e+02
   2.4280481e+02   3.3709542e+02
   2.5533413e+02   3.3439727e+02
   2.7989071e+02   3.3842706e+02
   3.0509718e+02   3.3303901e+02
   3.1795976e+02   3.3714172e+02
   3.0606778e+02   3.4124443e+02
   2.8028075e+02   3.4462227e+02
   2.5523038e+02   3.3979356e+02
