   1.7589943e+02   2.2730744e+02
   1.7673427e+02   2.5783439e+02
   1.8011504e+02   2.8788161e+02
   1.8334566e+02   3.1802197e+02
   1.8892255e+02   3.4759651e+02
   2.0248168e+02   3.7470047e+02
   2.2317349e+02   3.9663894e+02
   2.4953855e+02   4.1132444e+02
   2.7899065e+02   4.1679873e+02
   3.0990449e+02   4.1516913e+02
   3.3870938e+02   4.0521084e+02
   3.6334240e+02   3.8716997e+02
   3.8029383e+02   3.6143534e+02
   3.9223166e+02   3.3311748e+02
   4.0063229e+02   3.0347602e+02
   4.0674663e+02   2.7347734e+02
   4.0945573e+02   2.4295970e+02
   1.8773673e+02   2.1622040e+02
   2.0003845e+02   2.0191530e+02
   2.1847433e+02   1.9758677e+02
   2.3778949e+02   1.9851255e+02
   2.5699524e+02   1.9827571e+02
   3.0217507e+02   2.0238647e+02
   3.2277232e+02   2.0214103e+02
   3.4299142e+02   2.0051521e+02
   3.6284925e+02   2.0513697e+02
   3.7905609e+02   2.1711752e+02
   2.8166077e+02   2.2591591e+02
   2.8084484e+02   2.4637674e+02
   2.7878686e+02   2.6645004e+02
   2.7745812e+02   2.8665909e+02
   2.5436651e+02   3.0063794e+02
   2.6553460e+02   3.0374584e+02
   2.7675150e+02   3.0645108e+02
   2.8984256e+02   3.0460091e+02
   3.0281029e+02   3.0295364e+02
   2.1290355e+02   2.2859512e+02
   2.2754656e+02   2.1872792e+02
   2.4503256e+02   2.2044166e+02
   2.5530971e+02   2.3418138e+02
   2.4044358e+02   2.3462750e+02
   2.2571608e+02   2.3505555e+02
   3.1079165e+02   2.3485071e+02
   3.2403808e+02   2.2425904e+02
   3.4092522e+02   2.2361112e+02
   3.5433795e+02   2.3347330e+02
   3.4051128e+02   2.3951333e+02
   3.2545962e+02   2.3844766e+02
   2.3119101e+02   3.3510268e+02
   2.4795842e+02   3.3028319e+02
   2.6461802e+02   3.2589898e+02
   2.8089112e+02   3.3066710e+02
   2.9718722e+02   3.2532826e+02
   3.1426072e+02   3.2928025e+02
   3.3145610e+02   3.3205885e+02
   3.1860520e+02   3.4678755e+02
   3.0077666e+02   3.5493214e+02
   2.8134229e+02   3.5667190e+02
   2.6271923e+02   3.5452102e+02
   2.4585333e+02   3.4668895e+02
   2.4376921e+02   3.3665212e+02
   2.5634740e+02   3.3389447e+02
   2.8094370e+02   3.3807285e+02
   3.0596060e+02   3.3290583e+02
   3.1870835e+02   3.3705503e+02
   3.0679918e+02   3.4120422e+02
   2.8120469e+02   3.4466361e+02
   2.5621182e+02   3.3940976e+02
