   1.7579616e+02   2.2709851e+02
   1.7674668e+02   2.5762417e+02
   1.8029923e+02   2.8762018e+02
   1.8356782e+02   3.1775913e+02
   1.8935256e+02   3.4729741e+02
   2.0288359e+02   3.7441509e+02
   2.2363303e+02   3.9630193e+02
   2.4992724e+02   4.1121106e+02
   2.7936648e+02   4.1657715e+02
   3.1021860e+02   4.1447682e+02
   3.3902983e+02   4.0436446e+02
   3.6393556e+02   3.8676217e+02
   3.8083474e+02   3.6098812e+02
   3.9234935e+02   3.3253360e+02
   4.0081948e+02   3.0291140e+02
   4.0685002e+02   2.7288018e+02
   4.0975176e+02   2.4239037e+02
   1.8819290e+02   2.1594834e+02
   2.0052385e+02   2.0180124e+02
   2.1891280e+02   1.9760267e+02
   2.3822546e+02   1.9831357e+02
   2.5741197e+02   1.9815981e+02
   3.0228641e+02   2.0230676e+02
   3.2282958e+02   2.0196786e+02
   3.4293070e+02   2.0012763e+02
   3.6263127e+02   2.0496317e+02
   3.7910396e+02   2.1665928e+02
   2.8185038e+02   2.2531985e+02
   2.8107897e+02   2.4580980e+02
   2.7932486e+02   2.6591500e+02
   2.7802340e+02   2.8615835e+02
   2.5477405e+02   3.0012944e+02
   2.6587783e+02   3.0319976e+02
   2.7704828e+02   3.0580140e+02
   2.9025283e+02   3.0404521e+02
   3.0330183e+02   3.0236306e+02
   2.1335950e+02   2.2804702e+02
   2.2790373e+02   2.1824820e+02
   2.4529206e+02   2.1983202e+02
   2.5552922e+02   2.3343981e+02
   2.4075796e+02   2.3369174e+02
   2.2612286e+02   2.3440966e+02
   3.1120297e+02   2.3423821e+02
   3.2455745e+02   2.2382762e+02
   3.4133038e+02   2.2306696e+02
   3.5455036e+02   2.3301664e+02
   3.4072550e+02   2.3879731e+02
   3.2578222e+02   2.3763935e+02
   2.3166887e+02   3.3432526e+02
   2.4842615e+02   3.2949999e+02
   2.6510643e+02   3.2510392e+02
   2.8136069e+02   3.2993472e+02
   2.9738510e+02   3.2451434e+02
   3.1431794e+02   3.2837459e+02
   3.3130334e+02   3.3119267e+02
   3.1864417e+02   3.4629719e+02
   3.0084773e+02   3.5470647e+02
   2.8132219e+02   3.5633106e+02
   2.6279021e+02   3.5424720e+02
   2.4615594e+02   3.4606896e+02
   2.4427769e+02   3.3585408e+02
   2.5688651e+02   3.3304317e+02
   2.8149246e+02   3.3729865e+02
   3.0617648e+02   3.3232150e+02
   3.1873991e+02   3.3649392e+02
   3.0687511e+02   3.4066633e+02
   2.8161834e+02   3.4434422e+02
   2.5673653e+02   3.3866500e+02
