   2.0966503e+02   2.2701021e+02
   2.0735445e+02   2.5788645e+02
   2.1039126e+02   2.8849456e+02
   2.1526845e+02   3.1864184e+02
   2.2605529e+02   3.4737239e+02
   2.4208440e+02   3.7371291e+02
   2.6339097e+02   3.9619338e+02
   2.8731768e+02   4.1522777e+02
   3.1687628e+02   4.2019962e+02
   3.4634358e+02   4.1188785e+02
   3.7337923e+02   3.9815159e+02
   3.9620647e+02   3.7800979e+02
   4.1684628e+02   3.5615479e+02
   4.2892342e+02   3.2835094e+02
   4.3338340e+02   2.9811300e+02
   4.3859587e+02   2.6829621e+02
   4.3859474e+02   2.3817999e+02
   2.2375210e+02   1.9190851e+02
   2.3703159e+02   1.8029077e+02
   2.5458566e+02   1.7720026e+02
   2.7229976e+02   1.7918983e+02
   2.8993078e+02   1.7972013e+02
   3.5080398e+02   1.8416733e+02
   3.6864320e+02   1.8097543e+02
   3.8681221e+02   1.8036825e+02
   4.0450924e+02   1.8295538e+02
   4.1832047e+02   1.9394729e+02
   3.2837597e+02   2.1170997e+02
   3.2879620e+02   2.3215142e+02
   3.2899439e+02   2.5241114e+02
   3.2997435e+02   2.7268808e+02
   3.0466079e+02   2.8376256e+02
   3.1618456e+02   2.8721175e+02
   3.2798758e+02   2.8877574e+02
   3.3804005e+02   2.8782713e+02
   3.4738571e+02   2.8396461e+02
   2.4786403e+02   2.2010733e+02
   2.6250206e+02   2.0822619e+02
   2.8144580e+02   2.0932901e+02
   2.9777377e+02   2.1929438e+02
   2.8129553e+02   2.2292214e+02
   2.6439275e+02   2.2294839e+02
   3.5045987e+02   2.2155720e+02
   3.6498996e+02   2.1123238e+02
   3.8258184e+02   2.1154858e+02
   3.9509832e+02   2.2370791e+02
   3.8012253e+02   2.2426278e+02
   3.6517889e+02   2.2381763e+02
   2.6769602e+02   3.1346065e+02
   2.8689077e+02   3.1117792e+02
   3.0598541e+02   3.0833306e+02
   3.2480567e+02   3.1033528e+02
   3.4242478e+02   3.0706631e+02
   3.6024858e+02   3.0989712e+02
   3.7763786e+02   3.1426297e+02
   3.6542555e+02   3.3872201e+02
   3.4749284e+02   3.5857313e+02
   3.2201926e+02   3.6486675e+02
   2.9664760e+02   3.5642041e+02
   2.7747039e+02   3.3822410e+02
   2.7121502e+02   3.1569786e+02
   2.9808762e+02   3.1622455e+02
   3.2448005e+02   3.1818068e+02
   3.4846201e+02   3.1740252e+02
   3.7203730e+02   3.1809708e+02
   3.4909403e+02   3.3593592e+02
   3.2122479e+02   3.4191626e+02
   2.9379368e+02   3.3337607e+02
