   2.1076644e+02   2.2680574e+02
   2.0843846e+02   2.5777955e+02
   2.1016817e+02   2.8874404e+02
   2.1466245e+02   3.1919098e+02
   2.2685816e+02   3.4748576e+02
   2.4337970e+02   3.7356454e+02
   2.6477035e+02   3.9588677e+02
   2.8925523e+02   4.1464013e+02
   3.1881822e+02   4.2126208e+02
   3.4768944e+02   4.1192395e+02
   3.7407040e+02   3.9699066e+02
   3.9693704e+02   3.7714007e+02
   4.1797470e+02   3.5551954e+02
   4.3032193e+02   3.2821166e+02
   4.3518400e+02   2.9825780e+02
   4.3891323e+02   2.6819583e+02
   4.3893882e+02   2.3811404e+02
   2.2532268e+02   1.9244368e+02
   2.3801078e+02   1.8359750e+02
   2.5308403e+02   1.8035371e+02
   2.6862677e+02   1.8162320e+02
   2.8384000e+02   1.8410947e+02
   3.5243236e+02   1.8646933e+02
   3.6968629e+02   1.8430577e+02
   3.8699701e+02   1.8477797e+02
   4.0415635e+02   1.8557138e+02
   4.1876468e+02   1.9401052e+02
   3.2823776e+02   2.1486974e+02
   3.2870972e+02   2.3573665e+02
   3.2919493e+02   2.5643592e+02
   3.3010452e+02   2.7714006e+02
   3.0461356e+02   2.8568825e+02
   3.1570585e+02   2.9065780e+02
   3.2762954e+02   2.9232796e+02
   3.3975267e+02   2.9088332e+02
   3.5024081e+02   2.8470354e+02
   2.5094308e+02   2.2039290e+02
   2.6491354e+02   2.1128637e+02
   2.8161167e+02   2.1259326e+02
   2.9582118e+02   2.2156607e+02
   2.8075410e+02   2.2454015e+02
   2.6546798e+02   2.2450722e+02
   3.5176585e+02   2.2372504e+02
   3.6539585e+02   2.1362365e+02
   3.8232758e+02   2.1316393e+02
   3.9619095e+02   2.2264370e+02
   3.8162474e+02   2.2622059e+02
   3.6652023e+02   2.2593506e+02
   2.6583617e+02   3.1193754e+02
   2.8607892e+02   3.1090471e+02
   3.0610848e+02   3.1011955e+02
   3.2599770e+02   3.1240988e+02
   3.4458665e+02   3.0949485e+02
   3.6350128e+02   3.1002565e+02
   3.8185358e+02   3.1300227e+02
   3.6667542e+02   3.3611585e+02
   3.4841971e+02   3.5668426e+02
   3.2262792e+02   3.6352202e+02
   2.9707029e+02   3.5490976e+02
   2.7778474e+02   3.3595511e+02
   2.7292868e+02   3.1487442e+02
   2.9924247e+02   3.1647363e+02
   3.2516325e+02   3.1859145e+02
   3.4959888e+02   3.1663362e+02
   3.7392752e+02   3.1730718e+02
   3.5146568e+02   3.3677282e+02
   3.2240942e+02   3.4195559e+02
   2.9388030e+02   3.3488376e+02
