   1.8175910e+02   1.9187992e+02
   1.8463286e+02   2.2130604e+02
   1.8762820e+02   2.5037734e+02
   1.9208184e+02   2.7908466e+02
   2.0248072e+02   3.0656544e+02
   2.2063092e+02   3.2921786e+02
   2.4513709e+02   3.4524881e+02
   2.7180792e+02   3.5757868e+02
   3.0021122e+02   3.6272203e+02
   3.2935695e+02   3.5982610e+02
   3.5705507e+02   3.5131720e+02
   3.8175118e+02   3.3588845e+02
   3.9982387e+02   3.1320410e+02
   4.1310942e+02   2.8719553e+02
   4.2149925e+02   2.5938127e+02
   4.2836509e+02   2.3083359e+02
   4.3249548e+02   2.0229179e+02
   2.0884590e+02   1.4214141e+02
   2.2507245e+02   1.3687609e+02
   2.4173834e+02   1.3420102e+02
   2.5848267e+02   1.3638087e+02
   2.7467366e+02   1.4097122e+02
   3.4318289e+02   1.4272934e+02
   3.5973683e+02   1.4019598e+02
   3.7620055e+02   1.4167052e+02
   3.9223137e+02   1.4597679e+02
   4.0675579e+02   1.5389733e+02
   3.0631894e+02   1.7254346e+02
   3.0550844e+02   1.8725139e+02
   3.0335279e+02   2.0184912e+02
   3.0073723e+02   2.1623314e+02
   2.8297759e+02   2.4434689e+02
   2.9233094e+02   2.4527486e+02
   3.0150837e+02   2.4632413e+02
   3.1086392e+02   2.4657473e+02
   3.2009918e+02   2.4696072e+02
   2.2938627e+02   1.7444572e+02
   2.4279763e+02   1.6400540e+02
   2.5987111e+02   1.6536160e+02
   2.7190403e+02   1.7714990e+02
   2.5756763e+02   1.8130567e+02
   2.4282164e+02   1.8033666e+02
   3.3895532e+02   1.8104614e+02
   3.5309440e+02   1.7018734e+02
   3.7103272e+02   1.7049791e+02
   3.8432063e+02   1.8219830e+02
   3.6926077e+02   1.8757812e+02
   3.5337069e+02   1.8737608e+02
   2.6069271e+02   2.8632182e+02
   2.7222209e+02   2.7542944e+02
   2.8599400e+02   2.6819995e+02
   3.0002710e+02   2.7321300e+02
   3.1480359e+02   2.7185779e+02
   3.2762569e+02   2.7975865e+02
   3.3824090e+02   2.9046297e+02
   3.2638314e+02   2.9740654e+02
   3.1313638e+02   3.0050680e+02
   2.9943889e+02   3.0087535e+02
   2.8572812e+02   2.9841443e+02
   2.7289152e+02   2.9304457e+02
   2.6957092e+02   2.8600794e+02
   2.8488996e+02   2.8229976e+02
   3.0041644e+02   2.8349567e+02
   3.1477012e+02   2.8409552e+02
   3.2789432e+02   2.8955889e+02
   3.1463717e+02   2.8431809e+02
   3.0055207e+02   2.8389889e+02
   2.8474385e+02   2.8242649e+02
