   1.8168001e+02   1.9208629e+02
   1.8456571e+02   2.2152691e+02
   1.8757293e+02   2.5061247e+02
   1.9203908e+02   2.7933335e+02
   2.0245318e+02   3.0682495e+02
   2.2062097e+02   3.2948288e+02
   2.4514574e+02   3.4551361e+02
   2.7183500e+02   3.5784054e+02
   3.0025510e+02   3.6297654e+02
   3.2941101e+02   3.6004138e+02
   3.5711420e+02   3.5150916e+02
   3.8182454e+02   3.3608318e+02
   3.9989194e+02   3.1337787e+02
   4.1317683e+02   2.8735621e+02
   4.2156918e+02   2.5953095e+02
   4.2843120e+02   2.3096659e+02
   4.3255230e+02   2.0241486e+02
   2.0893194e+02   1.4266987e+02
   2.2513754e+02   1.3747290e+02
   2.4177811e+02   1.3492984e+02
   2.5847151e+02   1.3712842e+02
   2.7467048e+02   1.4152478e+02
   3.4322031e+02   1.4323478e+02
   3.5970629e+02   1.4082775e+02
   3.7609063e+02   1.4223965e+02
   3.9202574e+02   1.4654009e+02
   4.0660015e+02   1.5412853e+02
   3.0622698e+02   1.7295166e+02
   3.0534689e+02   1.8756746e+02
   3.0332455e+02   2.0208931e+02
   3.0077817e+02   2.1640715e+02
   2.8292814e+02   2.4474134e+02
   2.9224975e+02   2.4556628e+02
   3.0140851e+02   2.4647741e+02
   3.1076414e+02   2.4679455e+02
   3.2000925e+02   2.4721669e+02
   2.2938728e+02   1.7473187e+02
   2.4288188e+02   1.6441929e+02
   2.5991665e+02   1.6566562e+02
   2.7194167e+02   1.7741463e+02
   2.5757662e+02   1.8160899e+02
   2.4279862e+02   1.8071829e+02
   3.3899801e+02   1.8129956e+02
   3.5294316e+02   1.7026585e+02
   3.7085492e+02   1.7067539e+02
   3.8410676e+02   1.8239866e+02
   3.6915068e+02   1.8782121e+02
   3.5334450e+02   1.8762293e+02
   2.6050678e+02   2.8652398e+02
   2.7202743e+02   2.7549429e+02
   2.8586802e+02   2.6822266e+02
   2.9991723e+02   2.7339324e+02
   3.1471158e+02   2.7194610e+02
   3.2759426e+02   2.7982383e+02
   3.3823284e+02   2.9056906e+02
   3.2643828e+02   2.9786748e+02
   3.1309408e+02   3.0093987e+02
   2.9931861e+02   3.0120325e+02
   2.8556218e+02   2.9878820e+02
   2.7268445e+02   2.9341842e+02
   2.6944480e+02   2.8618959e+02
   2.8478471e+02   2.8257426e+02
   3.0031998e+02   2.8373339e+02
   3.1474135e+02   2.8434597e+02
   3.2794602e+02   2.8977487e+02
   3.1459886e+02   2.8459993e+02
   3.0044658e+02   2.8413883e+02
   2.8464773e+02   2.8271857e+02
