   1.8181918e+02   1.9214956e+02
   1.8470663e+02   2.2154753e+02
   1.8771535e+02   2.5059092e+02
   1.9218086e+02   2.7926987e+02
   2.0258556e+02   3.0672009e+02
   2.2073191e+02   3.2934202e+02
   2.4522483e+02   3.4534494e+02
   2.7187841e+02   3.5764893e+02
   3.0025892e+02   3.6277192e+02
   3.2939828e+02   3.6000078e+02
   3.5709986e+02   3.5152972e+02
   3.8173100e+02   3.3600206e+02
   3.9980921e+02   3.1334116e+02
   4.1306048e+02   2.8732183e+02
   4.2138705e+02   2.5949461e+02
   4.2821744e+02   2.3096486e+02
   4.3233500e+02   2.0241329e+02
   2.1104128e+02   1.4665506e+02
   2.2685872e+02   1.4248949e+02
   2.4301391e+02   1.4121121e+02
   2.5899769e+02   1.4359625e+02
   2.7495550e+02   1.4640893e+02
   3.4348800e+02   1.4779116e+02
   3.5915192e+02   1.4653191e+02
   3.7464166e+02   1.4744891e+02
   3.8960261e+02   1.5138466e+02
   4.0437927e+02   1.5609409e+02
   3.0545261e+02   1.7559033e+02
   3.0389743e+02   1.8944938e+02
   3.0308947e+02   2.0336768e+02
   3.0116785e+02   2.1714992e+02
   2.8279432e+02   2.4682645e+02
   2.9171870e+02   2.4668627e+02
   3.0058949e+02   2.4653957e+02
   3.0983328e+02   2.4741059e+02
   3.1903607e+02   2.4818715e+02
   2.3061146e+02   1.7642451e+02
   2.4449156e+02   1.6749101e+02
   2.6079027e+02   1.6795612e+02
   2.7260702e+02   1.7896202e+02
   2.5824089e+02   1.8332666e+02
   2.4344566e+02   1.8330521e+02
   3.3969614e+02   1.8256521e+02
   3.5192773e+02   1.7090496e+02
   3.6900967e+02   1.7206782e+02
   3.8154070e+02   1.8350412e+02
   3.6783472e+02   1.8930774e+02
   3.5303717e+02   1.8897598e+02
   2.5892197e+02   2.8603627e+02
   2.7079333e+02   2.7502864e+02
   2.8512112e+02   2.6782474e+02
   2.9924306e+02   2.7381528e+02
   3.1396676e+02   2.7158888e+02
   3.2730370e+02   2.7886694e+02
   3.3829795e+02   2.8937898e+02
   3.2680761e+02   2.9827950e+02
   3.1292003e+02   3.0119622e+02
   2.9878440e+02   3.0074572e+02
   2.8457198e+02   2.9881245e+02
   2.7122473e+02   2.9364590e+02
   2.6801458e+02   2.8542996e+02
   2.8384848e+02   2.8295703e+02
   2.9969125e+02   2.8384784e+02
   3.1488601e+02   2.8455708e+02
   3.2908940e+02   2.8926059e+02
   3.1464413e+02   2.8506187e+02
   2.9970387e+02   2.8424872e+02
   2.8376441e+02   2.8325481e+02
