   1.8205256e+02   1.9287047e+02
   1.8496787e+02   2.2224249e+02
   1.8800399e+02   2.5126009e+02
   1.9249538e+02   2.7991203e+02
   2.0292006e+02   3.0733013e+02
   2.2107539e+02   3.2991578e+02
   2.4556554e+02   3.4588110e+02
   2.7221088e+02   3.5814816e+02
   3.0057444e+02   3.6323807e+02
   3.2964119e+02   3.6013699e+02
   3.5723999e+02   3.5154477e+02
   3.8191049e+02   3.3622076e+02
   3.9987623e+02   3.1353068e+02
   4.1310771e+02   2.8757688e+02
   4.2148731e+02   2.5983597e+02
   4.2831254e+02   2.3133036e+02
   4.3238298e+02   2.0286957e+02
   2.0956609e+02   1.4440708e+02
   2.2560173e+02   1.3937287e+02
   2.4206569e+02   1.3717401e+02
   2.5851637e+02   1.3941950e+02
   2.7462801e+02   1.4330877e+02
   3.4331943e+02   1.4481480e+02
   3.5957771e+02   1.4276428e+02
   3.7569777e+02   1.4399221e+02
   3.9131591e+02   1.4830774e+02
   4.0599453e+02   1.5494355e+02
   3.0611920e+02   1.7428202e+02
   3.0505791e+02   1.8856924e+02
   3.0340227e+02   2.0280529e+02
   3.0105243e+02   2.1686772e+02
   2.8298965e+02   2.4576615e+02
   2.9219097e+02   2.4631473e+02
   3.0125852e+02   2.4683646e+02
   3.1060402e+02   2.4732394e+02
   3.1986180e+02   2.4784055e+02
   2.2970755e+02   1.7568403e+02
   2.4341028e+02   1.6573733e+02
   2.6032592e+02   1.6670362e+02
   2.7230130e+02   1.7833547e+02
   2.5788395e+02   1.8260119e+02
   2.4304581e+02   1.8190017e+02
   3.3906509e+02   1.8217361e+02
   3.5249501e+02   1.7081612e+02
   3.7024798e+02   1.7145498e+02
   3.8341319e+02   1.8308440e+02
   3.6875922e+02   1.8859587e+02
   3.5321546e+02   1.8843085e+02
   2.6029128e+02   2.8676068e+02
   2.7178871e+02   2.7560943e+02
   2.8571921e+02   2.6837625e+02
   2.9977381e+02   2.7367067e+02
   3.1459266e+02   2.7211914e+02
   3.2763418e+02   2.7980049e+02
   3.3835516e+02   2.9052460e+02
   3.2664744e+02   2.9842051e+02
   3.1308769e+02   3.0147784e+02
   2.9914593e+02   3.0148193e+02
   2.8533635e+02   2.9922967e+02
   2.7241679e+02   2.9387981e+02
   2.6935978e+02   2.8633233e+02
   2.8469045e+02   2.8297775e+02
   3.0019669e+02   2.8400496e+02
   3.1479119e+02   2.8462882e+02
   3.2822596e+02   2.8992738e+02
   3.1463464e+02   2.8494770e+02
   3.0030308e+02   2.8441435e+02
   2.8458557e+02   2.8316185e+02
