   1.8180164e+02   1.9195105e+02
   1.8468313e+02   2.2135088e+02
   1.8768599e+02   2.5039615e+02
   1.9214575e+02   2.7907724e+02
   2.0254523e+02   3.0653080e+02
   2.2068768e+02   3.2915745e+02
   2.4517834e+02   3.4516613e+02
   2.7183052e+02   3.5747615e+02
   3.0021119e+02   3.6260523e+02
   3.2935542e+02   3.5986717e+02
   3.5706603e+02   3.5141063e+02
   3.8169562e+02   3.3586775e+02
   3.9978588e+02   3.1321244e+02
   4.1304179e+02   2.8718942e+02
   4.2136688e+02   2.5935586e+02
   4.2820088e+02   2.3082540e+02
   4.3232610e+02   2.0226702e+02
   2.1132540e+02   1.4701149e+02
   2.2614148e+02   1.4317220e+02
   2.4126263e+02   1.4182845e+02
   2.5626086e+02   1.4431748e+02
   2.7108839e+02   1.4776262e+02
   3.4353861e+02   1.4826255e+02
   3.5909070e+02   1.4716859e+02
   3.7445655e+02   1.4802032e+02
   3.8928340e+02   1.5190694e+02
   4.0408723e+02   1.5621484e+02
   3.0534081e+02   1.7578316e+02
   3.0368546e+02   1.8954035e+02
   3.0304488e+02   2.0337730e+02
   3.0120712e+02   2.1708777e+02
   2.8275290e+02   2.4695449e+02
   2.9151727e+02   2.4668215e+02
   3.0013210e+02   2.4662022e+02
   3.0956943e+02   2.4732861e+02
   3.1888159e+02   2.4816688e+02
   2.3076735e+02   1.7647035e+02
   2.4451572e+02   1.6778096e+02
   2.6079624e+02   1.6885847e+02
   2.7269752e+02   1.7952097e+02
   2.5831963e+02   1.8338182e+02
   2.4351998e+02   1.8348197e+02
   3.3980222e+02   1.8257394e+02
   3.5288609e+02   1.7411635e+02
   3.6857064e+02   1.7454408e+02
   3.8118933e+02   1.8350252e+02
   3.6765733e+02   1.8935852e+02
   3.5300026e+02   1.8900295e+02
   2.5819967e+02   2.8312661e+02
   2.7172325e+02   2.7742139e+02
   2.8538600e+02   2.7274508e+02
   2.9972259e+02   2.7376641e+02
   3.1455757e+02   2.7338458e+02
   3.2850953e+02   2.7841994e+02
   3.4079382e+02   2.8650342e+02
   3.2689513e+02   2.8783514e+02
   3.1346995e+02   2.9197015e+02
   2.9975873e+02   2.9230996e+02
   2.8548890e+02   2.9098435e+02
   2.7200608e+02   2.8622704e+02
   2.6664076e+02   2.8174584e+02
   2.8322756e+02   2.7991232e+02
   2.9984095e+02   2.8049452e+02
   3.1623466e+02   2.8086734e+02
   3.3213195e+02   2.8442130e+02
   3.1610198e+02   2.8107972e+02
   2.9983717e+02   2.8084096e+02
   2.8317976e+02   2.8012232e+02
