   1.9287701e+02   1.7218777e+02
   1.9547273e+02   2.0617113e+02
   1.9711962e+02   2.3991871e+02
   2.0029820e+02   2.7362448e+02
   2.1562386e+02   3.0370242e+02
   2.3410644e+02   3.3237729e+02
   2.5544697e+02   3.5898622e+02
   2.7641021e+02   3.8592118e+02
   3.0744201e+02   3.9565551e+02
   3.3900290e+02   3.8925707e+02
   3.5990155e+02   3.6251054e+02
   3.8161829e+02   3.3691270e+02
   3.9793025e+02   3.0756993e+02
   4.1318165e+02   2.7760726e+02
   4.1972720e+02   2.4451904e+02
   4.2207062e+02   2.1097661e+02
   4.2445217e+02   1.7756400e+02
   2.1537807e+02   1.4307578e+02
   2.2968322e+02   1.3433593e+02
   2.4570540e+02   1.2958183e+02
   2.6231310e+02   1.3162129e+02
   2.7844685e+02   1.3621709e+02
   3.3523908e+02   1.3334147e+02
   3.5130434e+02   1.2868155e+02
   3.6794470e+02   1.2765132e+02
   3.8409315e+02   1.3240241e+02
   3.9905690e+02   1.3960866e+02
   3.0481513e+02   1.6653031e+02
   3.0656669e+02   1.8531044e+02
   3.0659361e+02   2.0413110e+02
   3.0630982e+02   2.2269754e+02
   2.8996568e+02   2.4141540e+02
   2.9854758e+02   2.4013690e+02
   3.0719631e+02   2.4016981e+02
   3.1624357e+02   2.4056339e+02
   3.2525862e+02   2.4062065e+02
   2.3591693e+02   1.7129152e+02
   2.4816720e+02   1.5833428e+02
   2.6614293e+02   1.5894655e+02
   2.7821323e+02   1.7197301e+02
   2.6415652e+02   1.7837214e+02
   2.4895121e+02   1.7879563e+02
   3.3374441e+02   1.7006512e+02
   3.4667185e+02   1.5673221e+02
   3.6532787e+02   1.5638840e+02
   3.7801272e+02   1.6941968e+02
   3.6433063e+02   1.7785325e+02
   3.4823572e+02   1.7713425e+02
   2.7175006e+02   3.0208305e+02
   2.7864821e+02   2.8471370e+02
   2.9002631e+02   2.7060802e+02
   3.0727586e+02   2.7140158e+02
   3.2522584e+02   2.6965816e+02
   3.3749187e+02   2.8424171e+02
   3.4537671e+02   3.0165233e+02
   3.4212270e+02   3.2642153e+02
   3.2997319e+02   3.4720631e+02
   3.0839053e+02   3.5525009e+02
   2.8698881e+02   3.4660279e+02
   2.7515621e+02   3.2602267e+02
   2.7841196e+02   3.0368756e+02
   2.8895973e+02   2.8573695e+02
   3.0700921e+02   2.7652751e+02
   3.2782322e+02   2.8487894e+02
   3.3873503e+02   3.0506892e+02
   3.2847255e+02   3.2742184e+02
   3.0775437e+02   3.3881170e+02
   2.8787367e+02   3.2599525e+02
