   2.2555938e+02   2.0745340e+02
   2.2827026e+02   2.3663496e+02
   2.3191986e+02   2.6541233e+02
   2.3513100e+02   2.9423085e+02
   2.4774637e+02   3.2054741e+02
   2.6378810e+02   3.4476120e+02
   2.8674446e+02   3.6247241e+02
   3.1369942e+02   3.7336673e+02
   3.4203794e+02   3.7869761e+02
   3.6924214e+02   3.7272230e+02
   3.9293662e+02   3.5798706e+02
   4.1234765e+02   3.3772827e+02
   4.2976129e+02   3.1571545e+02
   4.4062657e+02   2.8999217e+02
   4.4498645e+02   2.6248550e+02
   4.4612705e+02   2.3437566e+02
   4.4734744e+02   2.0664965e+02
   2.4749213e+02   1.8676657e+02
   2.6265424e+02   1.8214904e+02
   2.7833621e+02   1.8082827e+02
   2.9397387e+02   1.8201910e+02
   3.0893855e+02   1.8662566e+02
   3.6396401e+02   1.8254783e+02
   3.7770919e+02   1.7483546e+02
   3.9364054e+02   1.7528255e+02
   4.0949795e+02   1.7716554e+02
   4.2500589e+02   1.8099267e+02
   3.3645315e+02   2.0953422e+02
   3.3682900e+02   2.2560996e+02
   3.3808268e+02   2.4164972e+02
   3.3768934e+02   2.5753325e+02
   3.1337335e+02   2.6692450e+02
   3.2541876e+02   2.7414329e+02
   3.3934252e+02   2.7573990e+02
   3.5132471e+02   2.7360588e+02
   3.6245322e+02   2.6910111e+02
   2.7190314e+02   2.0745837e+02
   2.8418245e+02   2.0074988e+02
   2.9815246e+02   2.0063903e+02
   3.0997118e+02   2.0787624e+02
   2.9721997e+02   2.0901648e+02
   2.8434384e+02   2.0956923e+02
   3.6334916e+02   2.0870954e+02
   3.7420204e+02   1.9721399e+02
   3.9017996e+02   1.9654862e+02
   4.0224504e+02   2.0664480e+02
   3.8941933e+02   2.0957937e+02
   3.7634540e+02   2.0917129e+02
   3.0485743e+02   3.0218181e+02
   3.1194194e+02   2.9144518e+02
   3.2424805e+02   2.8835218e+02
   3.3640626e+02   2.9250945e+02
   3.4997526e+02   2.9049473e+02
   3.6249861e+02   2.9643747e+02
   3.7282690e+02   3.0563263e+02
   3.6356349e+02   3.1517757e+02
   3.5141563e+02   3.2082500e+02
   3.3844296e+02   3.2365544e+02
   3.2418247e+02   3.2163126e+02
   3.1183966e+02   3.1440455e+02
   3.1397267e+02   3.0322621e+02
   3.2504629e+02   2.9651599e+02
   3.3691582e+02   3.0167766e+02
   3.4775515e+02   3.0157378e+02
   3.5835975e+02   3.0375681e+02
   3.4774617e+02   3.0680800e+02
   3.3692185e+02   3.0733293e+02
   3.2509255e+02   3.0720840e+02
