   2.2584079e+02   2.0727765e+02
   2.2849978e+02   2.3643931e+02
   2.3180580e+02   2.6519095e+02
   2.3636333e+02   2.9365831e+02
   2.4877309e+02   3.1984634e+02
   2.6388636e+02   3.4466017e+02
   2.8660574e+02   3.6220464e+02
   3.1350816e+02   3.7316401e+02
   3.4188533e+02   3.7807004e+02
   3.6917654e+02   3.7262633e+02
   3.9282063e+02   3.5796533e+02
   4.1192310e+02   3.3754676e+02
   4.2929922e+02   3.1556241e+02
   4.4060375e+02   2.9005319e+02
   4.4499085e+02   2.6257461e+02
   4.4617439e+02   2.3454948e+02
   4.4744057e+02   2.0684923e+02
   2.4778973e+02   1.8664556e+02
   2.6263388e+02   1.8079997e+02
   2.7858764e+02   1.7890277e+02
   2.9455276e+02   1.7957410e+02
   3.0914381e+02   1.8560401e+02
   3.6421659e+02   1.8178413e+02
   3.7840520e+02   1.7454228e+02
   3.9430848e+02   1.7347914e+02
   4.1025454e+02   1.7553511e+02
   4.2516146e+02   1.8117645e+02
   3.3663622e+02   2.0954402e+02
   3.3698460e+02   2.2560665e+02
   3.3821011e+02   2.4163481e+02
   3.3779028e+02   2.5750409e+02
   3.1550205e+02   2.6729116e+02
   3.2643987e+02   2.7444949e+02
   3.3941129e+02   2.7569797e+02
   3.5106676e+02   2.7368128e+02
   3.6200694e+02   2.6971057e+02
   2.7214491e+02   2.0736091e+02
   2.8390310e+02   1.9812396e+02
   2.9900534e+02   1.9824253e+02
   3.1017970e+02   2.0784273e+02
   2.9744538e+02   2.0962039e+02
   2.8450452e+02   2.1009069e+02
   3.6351063e+02   2.0876548e+02
   3.7443899e+02   1.9727349e+02
   3.9046229e+02   1.9650316e+02
   4.0237674e+02   2.0676821e+02
   3.8964940e+02   2.1030142e+02
   3.7658162e+02   2.0999357e+02
   3.0476343e+02   3.0336018e+02
   3.1282920e+02   2.9288302e+02
   3.2537556e+02   2.8833818e+02
   3.3723005e+02   2.9361271e+02
   3.5067541e+02   2.9133837e+02
   3.6313632e+02   2.9768486e+02
   3.7417536e+02   3.0616277e+02
   3.6406891e+02   3.1479011e+02
   3.5205075e+02   3.2055213e+02
   3.3913634e+02   3.2333168e+02
   3.2494553e+02   3.2172398e+02
   3.1252041e+02   3.1487406e+02
   3.1507597e+02   3.0386009e+02
   3.2593065e+02   2.9842744e+02
   3.3770330e+02   3.0284661e+02
   3.4801151e+02   3.0249885e+02
   3.5814813e+02   3.0414150e+02
   3.4791403e+02   3.0681037e+02
   3.3752912e+02   3.0740380e+02
   3.2601797e+02   3.0703354e+02
