   2.2493490e+02   2.0782282e+02
   2.2770293e+02   2.3705471e+02
   2.3151304e+02   2.6588278e+02
   2.3549951e+02   2.9454916e+02
   2.4802922e+02   3.2085611e+02
   2.6357956e+02   3.4545333e+02
   2.8654962e+02   3.6304610e+02
   3.1357825e+02   3.7390577e+02
   3.4195461e+02   3.7936056e+02
   3.6916474e+02   3.7315691e+02
   3.9289723e+02   3.5834400e+02
   4.1242337e+02   3.3808601e+02
   4.2985183e+02   3.1600744e+02
   4.4054987e+02   2.9015501e+02
   4.4487452e+02   2.6258943e+02
   4.4596853e+02   2.3440367e+02
   4.4714191e+02   2.0662293e+02
   2.4687241e+02   1.8705777e+02
   2.6205781e+02   1.8215507e+02
   2.7792403e+02   1.8058002e+02
   2.9372548e+02   1.8160459e+02
   3.0844880e+02   1.8715970e+02
   3.6354065e+02   1.8291955e+02
   3.7738932e+02   1.7498824e+02
   3.9338493e+02   1.7438610e+02
   4.0935310e+02   1.7631420e+02
   4.2471235e+02   1.8095707e+02
   3.3604255e+02   2.0971029e+02
   3.3644772e+02   2.2581582e+02
   3.3773232e+02   2.4188376e+02
   3.3736649e+02   2.5779809e+02
   3.1361746e+02   2.6636699e+02
   3.2517737e+02   2.7446993e+02
   3.3905520e+02   2.7603631e+02
   3.5116862e+02   2.7384359e+02
   3.6237577e+02   2.6913113e+02
   2.7136650e+02   2.0774535e+02
   2.8349877e+02   2.0014766e+02
   2.9786446e+02   2.0010571e+02
   3.0950744e+02   2.0809628e+02
   2.9673152e+02   2.0902984e+02
   2.8385818e+02   2.0962770e+02
   3.6298808e+02   2.0883619e+02
   3.7381814e+02   1.9730815e+02
   3.8980480e+02   1.9665956e+02
   4.0195400e+02   2.0669833e+02
   3.8914163e+02   2.0990979e+02
   3.7605075e+02   2.0961686e+02
   3.0460397e+02   3.0213325e+02
   3.1148854e+02   2.9084959e+02
   3.2401406e+02   2.8715961e+02
   3.3586962e+02   2.9243409e+02
   3.4971405e+02   2.9053883e+02
   3.6252865e+02   2.9661552e+02
   3.7321792e+02   3.0586691e+02
   3.6355294e+02   3.1539893e+02
   3.5120800e+02   3.2119336e+02
   3.3799186e+02   3.2412803e+02
   3.2368189e+02   3.2197141e+02
   3.1133981e+02   3.1461565e+02
   3.1331476e+02   3.0335917e+02
   3.2429655e+02   2.9618688e+02
   3.3640363e+02   3.0159329e+02
   3.4744638e+02   3.0156209e+02
   3.5823452e+02   3.0392574e+02
   3.4747437e+02   3.0712842e+02
   3.3647928e+02   3.0764286e+02
   3.2451928e+02   3.0761829e+02
