   2.1014616e+02   1.6628098e+02
   2.1181136e+02   1.9359698e+02
   2.1805250e+02   2.2047114e+02
   2.2225685e+02   2.4755432e+02
   2.2919499e+02   2.7411731e+02
   2.4413733e+02   2.9693173e+02
   2.6543630e+02   3.1448175e+02
   2.8958792e+02   3.2709112e+02
   3.1647244e+02   3.3092559e+02
   3.4307291e+02   3.2628533e+02
   3.6749354e+02   3.1523533e+02
   3.8852630e+02   2.9848408e+02
   4.0412300e+02   2.7675936e+02
   4.1328500e+02   2.5140767e+02
   4.1972984e+02   2.2521425e+02
   4.2517719e+02   1.9880254e+02
   4.2981533e+02   1.7240427e+02
   2.3203897e+02   1.3222169e+02
   2.4189103e+02   1.2212162e+02
   2.5554147e+02   1.1747358e+02
   2.6962588e+02   1.1547970e+02
   2.8348408e+02   1.1858275e+02
   3.4283824e+02   1.1807719e+02
   3.5868371e+02   1.1514465e+02
   3.7460852e+02   1.1643996e+02
   3.8822974e+02   1.2469954e+02
   4.0007184e+02   1.3532865e+02
   3.1147182e+02   1.5062682e+02
   3.1041060e+02   1.6358602e+02
   3.0902254e+02   1.7642639e+02
   3.0804757e+02   1.8920946e+02
   2.9036417e+02   2.1577573e+02
   2.9939991e+02   2.1873247e+02
   3.0874254e+02   2.1964603e+02
   3.1830706e+02   2.1936891e+02
   3.2725954e+02   2.1643703e+02
   2.5199306e+02   1.5427448e+02
   2.6320785e+02   1.4528778e+02
   2.7755822e+02   1.4656993e+02
   2.8716189e+02   1.5700934e+02
   2.7507853e+02   1.6198241e+02
   2.6217844e+02   1.6178287e+02
   3.4264083e+02   1.5720511e+02
   3.5403408e+02   1.4704670e+02
   3.6944473e+02   1.4706164e+02
   3.8126086e+02   1.5652274e+02
   3.6891002e+02   1.6236292e+02
   3.5523869e+02   1.6227802e+02
   2.7552773e+02   2.5817483e+02
   2.8503532e+02   2.4899242e+02
   2.9612652e+02   2.4130127e+02
   3.0905909e+02   2.4237895e+02
   3.2378280e+02   2.4087532e+02
   3.3670394e+02   2.4829692e+02
   3.4714381e+02   2.5893398e+02
   3.3657105e+02   2.6720034e+02
   3.2420427e+02   2.7227003e+02
   3.1087364e+02   2.7343894e+02
   2.9784019e+02   2.7100019e+02
   2.8583578e+02   2.6568026e+02
   2.8531529e+02   2.5720723e+02
   2.9678703e+02   2.5178170e+02
   3.0970548e+02   2.5109155e+02
   3.2493918e+02   2.5038733e+02
   3.3790593e+02   2.5753319e+02
   3.2471596e+02   2.6065512e+02
   3.1115952e+02   2.6117639e+02
   2.9780972e+02   2.6067814e+02
