   2.0984781e+02   1.6642800e+02
   2.1145073e+02   1.9359242e+02
   2.1769519e+02   2.2031648e+02
   2.2190928e+02   2.4723859e+02
   2.2866497e+02   2.7375801e+02
   2.4367151e+02   2.9632115e+02
   2.6523242e+02   3.1341666e+02
   2.8954812e+02   3.2539841e+02
   3.1640787e+02   3.2876200e+02
   3.4301111e+02   3.2456084e+02
   3.6755796e+02   3.1405247e+02
   3.8859643e+02   2.9753035e+02
   4.0436465e+02   2.7608755e+02
   4.1344982e+02   2.5086092e+02
   4.2000566e+02   2.2481504e+02
   4.2538779e+02   1.9851391e+02
   4.2997112e+02   1.7223728e+02
   2.3170894e+02   1.3227559e+02
   2.4158161e+02   1.2214023e+02
   2.5527720e+02   1.1746724e+02
   2.6940149e+02   1.1546307e+02
   2.8329894e+02   1.1859704e+02
   3.4298847e+02   1.1781675e+02
   3.5882749e+02   1.1503734e+02
   3.7471592e+02   1.1637659e+02
   3.8828596e+02   1.2464249e+02
   4.0011198e+02   1.3524061e+02
   3.1133692e+02   1.5066541e+02
   3.1031111e+02   1.6346018e+02
   3.0895475e+02   1.7612373e+02
   3.0802264e+02   1.8872884e+02
   2.9025590e+02   2.1599500e+02
   2.9942351e+02   2.1887239e+02
   3.0886015e+02   2.1979365e+02
   3.1835128e+02   2.1957514e+02
   3.2720083e+02   2.1660009e+02
   2.5172618e+02   1.5435894e+02
   2.6300202e+02   1.4533056e+02
   2.7740961e+02   1.4654059e+02
   2.8705201e+02   1.5701612e+02
   2.7492775e+02   1.6206950e+02
   2.6194591e+02   1.6191561e+02
   3.4241150e+02   1.5730864e+02
   3.5392404e+02   1.4704125e+02
   3.6953241e+02   1.4706214e+02
   3.8155696e+02   1.5655995e+02
   3.6901834e+02   1.6233864e+02
   3.5520989e+02   1.6229004e+02
   2.7458061e+02   2.5702525e+02
   2.8507909e+02   2.4882540e+02
   2.9617417e+02   2.4153086e+02
   3.0888718e+02   2.4244728e+02
   3.2340811e+02   2.4083645e+02
   3.3647308e+02   2.4770770e+02
   3.4753959e+02   2.5763670e+02
   3.3655140e+02   2.6545518e+02
   3.2398179e+02   2.7005291e+02
   3.1063829e+02   2.7088682e+02
   2.9773650e+02   2.6870423e+02
   2.8577725e+02   2.6359526e+02
   2.8544679e+02   2.5578927e+02
   2.9732626e+02   2.5179826e+02
   3.0971934e+02   2.5127823e+02
   3.2418745e+02   2.5012794e+02
   3.3718778e+02   2.5598335e+02
   3.2401226e+02   2.5826198e+02
   3.1086430e+02   2.5874354e+02
   2.9794071e+02   2.5845137e+02
