   1.5153619e+02   1.8838575e+02
   1.5604214e+02   2.2404166e+02
   1.6059732e+02   2.5929047e+02
   1.6887515e+02   2.9414704e+02
   1.7940838e+02   3.2811383e+02
   2.0044758e+02   3.5711241e+02
   2.2510461e+02   3.8270002e+02
   2.5408178e+02   4.0325518e+02
   2.8868906e+02   4.0881255e+02
   3.2173497e+02   3.9897614e+02
   3.4987808e+02   3.7900656e+02
   3.7151456e+02   3.5242287e+02
   3.8863279e+02   3.2234039e+02
   3.9878600e+02   2.8948786e+02
   4.0272901e+02   2.5514280e+02
   4.0620065e+02   2.2091561e+02
   4.0679913e+02   1.8654556e+02
   1.7587549e+02   1.6722253e+02
   1.9223502e+02   1.5641782e+02
   2.1157491e+02   1.5265544e+02
   2.3125462e+02   1.5273991e+02
   2.5080050e+02   1.5491331e+02
   3.0124848e+02   1.5399633e+02
   3.2040442e+02   1.4877555e+02
   3.4022498e+02   1.4785249e+02
   3.5978835e+02   1.5049830e+02
   3.7839198e+02   1.5692213e+02
   2.7521068e+02   1.8239989e+02
   2.7444091e+02   2.0371919e+02
   2.7378924e+02   2.2500021e+02
   2.7472830e+02   2.4626429e+02
   2.5481156e+02   2.6404120e+02
   2.6514946e+02   2.6871276e+02
   2.7631396e+02   2.6905990e+02
   2.8874675e+02   2.6810315e+02
   3.0079951e+02   2.6569157e+02
   2.0210273e+02   1.9566410e+02
   2.1648235e+02   1.8407792e+02
   2.3477339e+02   1.8310038e+02
   2.4963832e+02   1.9361222e+02
   2.3402932e+02   1.9813705e+02
   2.1784304e+02   1.9935496e+02
   3.0925527e+02   1.9061463e+02
   3.2286318e+02   1.7840063e+02
   3.4109128e+02   1.7824064e+02
   3.5436084e+02   1.9036486e+02
   3.3956011e+02   1.9409869e+02
   3.2442982e+02   1.9235116e+02
   2.4330216e+02   3.2080007e+02
   2.5097637e+02   3.0517515e+02
   2.6487804e+02   2.9447125e+02
   2.8139302e+02   2.9828362e+02
   2.9888214e+02   2.9406644e+02
   3.1489027e+02   3.0288831e+02
   3.2528566e+02   3.1759702e+02
   3.1345836e+02   3.3056594e+02
   2.9958884e+02   3.4127955e+02
   2.8267248e+02   3.4525302e+02
   2.6744238e+02   3.4059661e+02
   2.5393252e+02   3.3226805e+02
   2.5506343e+02   3.1849970e+02
   2.6725270e+02   3.0920351e+02
   2.8275361e+02   3.0875382e+02
   2.9842437e+02   3.0907409e+02
   3.1179629e+02   3.1649682e+02
   2.9831413e+02   3.2354148e+02
   2.8331670e+02   3.2585536e+02
   2.6882168e+02   3.2294509e+02
