   1.5147336e+02   1.8687355e+02
   1.5593754e+02   2.2198818e+02
   1.6171775e+02   2.5664631e+02
   1.6931500e+02   2.9095404e+02
   1.8003563e+02   3.2414293e+02
   2.0063199e+02   3.5277478e+02
   2.2764287e+02   3.7503762e+02
   2.5750255e+02   3.9301841e+02
   2.9186605e+02   3.9710999e+02
   3.2328734e+02   3.8743471e+02
   3.4993876e+02   3.6790919e+02
   3.7233527e+02   3.4351569e+02
   3.8947467e+02   3.1551541e+02
   3.9878141e+02   2.8386996e+02
   4.0303244e+02   2.5085001e+02
   4.0632995e+02   2.1819485e+02
   4.0684511e+02   1.8522946e+02
   1.7365413e+02   1.6299154e+02
   1.9084021e+02   1.5202047e+02
   2.1069008e+02   1.4784586e+02
   2.3116351e+02   1.4757682e+02
   2.5127541e+02   1.4981288e+02
   3.0028226e+02   1.4927868e+02
   3.1979283e+02   1.4484300e+02
   3.3979059e+02   1.4454910e+02
   3.5977503e+02   1.4625472e+02
   3.7864214e+02   1.5223826e+02
   2.7519784e+02   1.7953420e+02
   2.7445727e+02   2.0132591e+02
   2.7374818e+02   2.2311857e+02
   2.7467266e+02   2.4487145e+02
   2.5347980e+02   2.6114364e+02
   2.6395640e+02   2.6357553e+02
   2.7468084e+02   2.6367578e+02
   2.8751226e+02   2.6395382e+02
   3.0007861e+02   2.6196522e+02
   2.0436969e+02   1.9590295e+02
   2.1803196e+02   1.8775557e+02
   2.3388402e+02   1.8592523e+02
   2.4882598e+02   1.8997496e+02
   2.3410109e+02   1.9327879e+02
   2.1903155e+02   1.9469421e+02
   3.0642245e+02   1.8646019e+02
   3.2081300e+02   1.8213163e+02
   3.3632435e+02   1.8210131e+02
   3.4987000e+02   1.8864570e+02
   3.3536799e+02   1.8912149e+02
   3.2082136e+02   1.8834977e+02
   2.4081067e+02   3.1346039e+02
   2.5088018e+02   2.9924251e+02
   2.6519631e+02   2.8979534e+02
   2.8120199e+02   2.9425616e+02
   2.9793697e+02   2.8976751e+02
   3.1343292e+02   2.9839233e+02
   3.2659148e+02   3.1015559e+02
   3.1258098e+02   3.1923862e+02
   2.9819229e+02   3.2773599e+02
   2.8203180e+02   3.3055726e+02
   2.6707018e+02   3.2819450e+02
   2.5356647e+02   3.2139618e+02
   2.5520765e+02   3.0903837e+02
   2.6825440e+02   3.0543560e+02
   2.8186786e+02   3.0635610e+02
   2.9465115e+02   3.0550048e+02
   3.0699880e+02   3.0655698e+02
   2.9476578e+02   3.1071147e+02
   2.8202598e+02   3.1190398e+02
   2.6843214e+02   3.1092309e+02
