   1.5145639e+02   1.8890460e+02
   1.5597185e+02   2.2463306e+02
   1.6051397e+02   2.5993056e+02
   1.6881490e+02   2.9483309e+02
   1.7930578e+02   3.2887664e+02
   2.0026118e+02   3.5804973e+02
   2.2453039e+02   3.8407487e+02
   2.5341437e+02   4.0490844e+02
   2.8800673e+02   4.1088046e+02
   3.2128826e+02   4.0102721e+02
   3.4958761e+02   3.8095844e+02
   3.7113926e+02   3.5407856e+02
   3.8824994e+02   3.2373768e+02
   3.9861291e+02   2.9073452e+02
   4.0254912e+02   2.5620406e+02
   4.0606039e+02   2.2177342e+02
   4.0669390e+02   1.8720113e+02
   1.7595524e+02   1.6794433e+02
   1.9231491e+02   1.5722256e+02
   2.1158842e+02   1.5343722e+02
   2.3121179e+02   1.5356082e+02
   2.5069627e+02   1.5574020e+02
   3.0124026e+02   1.5482646e+02
   3.2039528e+02   1.4966701e+02
   3.4017443e+02   1.4869974e+02
   3.5969608e+02   1.5143322e+02
   3.7829253e+02   1.5779517e+02
   2.7512147e+02   1.8339129e+02
   2.7432802e+02   2.0457774e+02
   2.7367704e+02   2.2571509e+02
   2.7460480e+02   2.4684305e+02
   2.5483557e+02   2.6474286e+02
   2.6513191e+02   2.6955367e+02
   2.7628604e+02   2.7003812e+02
   2.8868310e+02   2.6887982e+02
   3.0070868e+02   2.6644487e+02
   2.0193937e+02   1.9640911e+02
   2.1640939e+02   1.8485384e+02
   2.3472195e+02   1.8378799e+02
   2.4959996e+02   1.9433466e+02
   2.3397293e+02   1.9892938e+02
   2.1774861e+02   2.0007911e+02
   3.0935344e+02   1.9140778e+02
   3.2299894e+02   1.7921576e+02
   3.4121468e+02   1.7902359e+02
   3.5439214e+02   1.9121978e+02
   3.3959515e+02   1.9490152e+02
   3.2449732e+02   1.9320719e+02
   2.4350310e+02   3.2242132e+02
   2.5059879e+02   3.0640428e+02
   2.6450875e+02   2.9542086e+02
   2.8124800e+02   2.9904387e+02
   2.9897987e+02   2.9494139e+02
   3.1509796e+02   3.0399019e+02
   3.2503769e+02   3.1924147e+02
   3.1349389e+02   3.3269533e+02
   2.9972781e+02   3.4378966e+02
   2.8268066e+02   3.4786886e+02
   2.6739602e+02   3.4288321e+02
   2.5387190e+02   3.3429005e+02
   2.5469056e+02   3.2024967e+02
   2.6675854e+02   3.1008466e+02
   2.8265004e+02   3.0940177e+02
   2.9889990e+02   3.0999849e+02
   3.1255668e+02   3.1823273e+02
   2.9883074e+02   3.2579589e+02
   2.8345076e+02   3.2841783e+02
   2.6865524e+02   3.2526013e+02
