   1.5125526e+02   1.8791951e+02
   1.5576334e+02   2.2342954e+02
   1.6057935e+02   2.5857257e+02
   1.6873507e+02   2.9332874e+02
   1.7930174e+02   3.2710814e+02
   2.0045619e+02   3.5584201e+02
   2.2610225e+02   3.8028735e+02
   2.5538383e+02   4.0008294e+02
   2.9004100e+02   4.0478421e+02
   3.2242680e+02   3.9480999e+02
   3.5009457e+02   3.7501135e+02
   3.7198464e+02   3.4921301e+02
   3.8913401e+02   3.1984554e+02
   3.9881549e+02   2.8741639e+02
   4.0273526e+02   2.5350712e+02
   4.0613186e+02   2.1986275e+02
   4.0667809e+02   1.8599888e+02
   1.7514351e+02   1.6616025e+02
   1.9167352e+02   1.5529935e+02
   2.1113433e+02   1.5144719e+02
   2.3099198e+02   1.5144766e+02
   2.5067128e+02   1.5362628e+02
   3.0084244e+02   1.5276530e+02
   3.2003355e+02   1.4747940e+02
   3.3996123e+02   1.4670535e+02
   3.5964585e+02   1.4912087e+02
   3.7828522e+02   1.5566352e+02
   2.7500237e+02   1.8094067e+02
   2.7426860e+02   2.0257869e+02
   2.7359597e+02   2.2420405e+02
   2.7454279e+02   2.4579617e+02
   2.5421040e+02   2.6320715e+02
   2.6464646e+02   2.6744810e+02
   2.7580711e+02   2.6749753e+02
   2.8834757e+02   2.6705597e+02
   3.0049757e+02   2.6472995e+02
   2.0232925e+02   1.9550555e+02
   2.1655273e+02   1.8459641e+02
   2.3436018e+02   1.8344947e+02
   2.4925537e+02   1.9265462e+02
   2.3382068e+02   1.9693321e+02
   2.1785666e+02   1.9820754e+02
   3.0847759e+02   1.8951789e+02
   3.2223481e+02   1.7887866e+02
   3.3992702e+02   1.7873976e+02
   3.5327981e+02   1.8973093e+02
   3.3853506e+02   1.9282335e+02
   3.2350816e+02   1.9127104e+02
   2.4206033e+02   3.1799432e+02
   2.5113415e+02   3.0317551e+02
   2.6509741e+02   2.9303503e+02
   2.8120769e+02   2.9728545e+02
   2.9825674e+02   2.9284556e+02
   3.1405360e+02   3.0129937e+02
   3.2558826e+02   3.1481937e+02
   3.1291664e+02   3.2642478e+02
   2.9874253e+02   3.3614824e+02
   2.8209193e+02   3.3966256e+02
   2.6700625e+02   3.3584159e+02
   2.5352802e+02   3.2816008e+02
   2.5535110e+02   3.1504383e+02
   2.6785630e+02   3.0790186e+02
   2.8242733e+02   3.0810383e+02
   2.9669183e+02   3.0777872e+02
   3.0939395e+02   3.1308805e+02
   2.9652399e+02   3.1904317e+02
   2.8247244e+02   3.2064639e+02
   2.6864032e+02   3.1836552e+02
