   1.9657235e+02   2.0680182e+02
   1.9751867e+02   2.3884163e+02
   2.0141047e+02   2.7071450e+02
   2.0579121e+02   3.0224462e+02
   2.1411583e+02   3.3313310e+02
   2.3251868e+02   3.5943276e+02
   2.5445988e+02   3.8259478e+02
   2.8139381e+02   3.9934436e+02
   3.1240450e+02   4.0634582e+02
   3.4223945e+02   4.0175873e+02
   3.6808769e+02   3.8700737e+02
   3.8695042e+02   3.6348426e+02
   4.0258966e+02   3.3804529e+02
   4.1139997e+02   3.0932707e+02
   4.1590581e+02   2.7950865e+02
   4.1953869e+02   2.4973146e+02
   4.2387540e+02   2.2015123e+02
   2.1941866e+02   1.9694899e+02
   2.3229351e+02   1.8550144e+02
   2.4954344e+02   1.8305356e+02
   2.6689191e+02   1.8488402e+02
   2.8284117e+02   1.9181545e+02
   3.5256834e+02   1.9534725e+02
   3.6710894e+02   1.8993465e+02
   3.8243634e+02   1.8737184e+02
   3.9782661e+02   1.8777038e+02
   4.1165834e+02   1.9415391e+02
   3.1653952e+02   2.2184001e+02
   3.1715104e+02   2.4149653e+02
   3.1799983e+02   2.6092492e+02
   3.1870655e+02   2.8044380e+02
   2.9227506e+02   2.8469234e+02
   3.0406828e+02   2.9226352e+02
   3.1741455e+02   2.9581861e+02
   3.3037931e+02   2.9285615e+02
   3.4091879e+02   2.8510650e+02
   2.4108984e+02   2.2136872e+02
   2.5456276e+02   2.1162299e+02
   2.7146483e+02   2.1222568e+02
   2.8482688e+02   2.2199838e+02
   2.7010306e+02   2.2508314e+02
   2.5531666e+02   2.2557257e+02
   3.4784681e+02   2.2449936e+02
   3.6093883e+02   2.1422627e+02
   3.7751947e+02   2.1382565e+02
   3.9000341e+02   2.2445018e+02
   3.7601146e+02   2.2660943e+02
   3.6175780e+02   2.2644925e+02
   2.5966350e+02   3.1269832e+02
   2.7801927e+02   3.0908573e+02
   2.9687730e+02   3.0973111e+02
   3.1534572e+02   3.1190258e+02
   3.3199484e+02   3.1046102e+02
   3.4864028e+02   3.1062645e+02
   3.6529034e+02   3.1149328e+02
   3.5427973e+02   3.3071747e+02
   3.3595466e+02   3.4322092e+02
   3.1408664e+02   3.4486239e+02
   2.9180392e+02   3.4268894e+02
   2.7301303e+02   3.3062034e+02
   2.7083771e+02   3.1558740e+02
   2.9208906e+02   3.1816245e+02
   3.1327867e+02   3.2095740e+02
   3.3564605e+02   3.2035791e+02
   3.5698096e+02   3.1481699e+02
   3.3795411e+02   3.2952036e+02
   3.1408719e+02   3.3083797e+02
   2.9021153e+02   3.2932993e+02
