   2.2449237e+02   2.2229517e+02
   2.2471461e+02   2.5112720e+02
   2.2747687e+02   2.7986044e+02
   2.3340583e+02   3.0781112e+02
   2.4400304e+02   3.3458493e+02
   2.5984258e+02   3.5854758e+02
   2.8240386e+02   3.7599239e+02
   3.0912037e+02   3.8643362e+02
   3.3742899e+02   3.8967121e+02
   3.6478621e+02   3.8562005e+02
   3.8973680e+02   3.7440192e+02
   4.0972865e+02   3.5594678e+02
   4.2249565e+02   3.3167260e+02
   4.3029134e+02   3.0533809e+02
   4.3394538e+02   2.7815369e+02
   4.3804442e+02   2.5087904e+02
   4.3795629e+02   2.2364217e+02
   2.4486589e+02   1.7772368e+02
   2.5545423e+02   1.6679974e+02
   2.6952365e+02   1.6110354e+02
   2.8461546e+02   1.5953019e+02
   2.9981592e+02   1.6063465e+02
   3.6248972e+02   1.6070315e+02
   3.7788125e+02   1.6024005e+02
   3.9312096e+02   1.6217572e+02
   4.0775811e+02   1.6683880e+02
   4.1677022e+02   1.7866827e+02
   3.3598078e+02   2.1186413e+02
   3.3613496e+02   2.2525230e+02
   3.3629930e+02   2.3856349e+02
   3.3608893e+02   2.5182782e+02
   3.0729943e+02   2.7225270e+02
   3.2068048e+02   2.7731802e+02
   3.3489258e+02   2.7880303e+02
   3.4894691e+02   2.7734220e+02
   3.6218408e+02   2.7267290e+02
   2.6459222e+02   2.1295134e+02
   2.7740115e+02   2.0386964e+02
   2.9271863e+02   2.0428292e+02
   3.0480493e+02   2.1404735e+02
   2.9136732e+02   2.1757888e+02
   2.7754995e+02   2.1765925e+02
   3.6552383e+02   2.1365467e+02
   3.7779099e+02   2.0569109e+02
   3.9216444e+02   2.0496229e+02
   4.0397082e+02   2.1321083e+02
   3.9161298e+02   2.1848499e+02
   3.7808307e+02   2.1854322e+02
   2.8752170e+02   3.0731144e+02
   2.9916621e+02   2.9271121e+02
   3.1759080e+02   2.8788137e+02
   3.3636579e+02   2.9010064e+02
   3.5407368e+02   2.8774652e+02
   3.7035743e+02   2.9465402e+02
   3.8159225e+02   3.0835450e+02
   3.7452469e+02   3.2868583e+02
   3.5697142e+02   3.4111320e+02
   3.3557330e+02   3.4410439e+02
   3.1385516e+02   3.3900852e+02
   2.9516078e+02   3.2741679e+02
   2.9169762e+02   3.0769832e+02
   3.1421239e+02   3.0406360e+02
   3.3652720e+02   3.0557852e+02
   3.5705171e+02   3.0465503e+02
   3.7703035e+02   3.0890423e+02
   3.5865095e+02   3.2361881e+02
   3.3533109e+02   3.2475223e+02
   3.1136843e+02   3.2159593e+02
