   2.2433847e+02   2.2135571e+02
   2.2439386e+02   2.5045700e+02
   2.2699607e+02   2.7915179e+02
   2.3284039e+02   3.0739677e+02
   2.4337445e+02   3.3420309e+02
   2.5907603e+02   3.5822948e+02
   2.8197812e+02   3.7577027e+02
   3.0857202e+02   3.8640539e+02
   3.3703562e+02   3.8984299e+02
   3.6433255e+02   3.8565191e+02
   3.8900454e+02   3.7432740e+02
   4.0932509e+02   3.5579812e+02
   4.2182127e+02   3.3155880e+02
   4.3192490e+02   3.0593136e+02
   4.3883458e+02   2.7946375e+02
   4.4252860e+02   2.5220161e+02
   4.4179793e+02   2.2495528e+02
   2.4474935e+02   1.8684467e+02
   2.5688396e+02   1.7772661e+02
   2.7133914e+02   1.7332803e+02
   2.8651002e+02   1.7382261e+02
   3.0115490e+02   1.7756684e+02
   3.6321383e+02   1.7733516e+02
   3.7824465e+02   1.7676676e+02
   3.9306991e+02   1.7728166e+02
   4.0778228e+02   1.7940014e+02
   4.1838222e+02   1.8924408e+02
   3.3632920e+02   2.1062415e+02
   3.3691677e+02   2.2446551e+02
   3.3700002e+02   2.3824394e+02
   3.3699776e+02   2.5192502e+02
   3.1202313e+02   2.7617847e+02
   3.2395172e+02   2.7882402e+02
   3.3592588e+02   2.7964098e+02
   3.4838757e+02   2.7890255e+02
   3.6045917e+02   2.7677065e+02
   2.6589601e+02   2.1406277e+02
   2.7724602e+02   2.0478558e+02
   2.9204104e+02   2.0526362e+02
   3.0370535e+02   2.1426151e+02
   2.9169072e+02   2.2034005e+02
   2.7829165e+02   2.1947751e+02
   3.6576850e+02   2.1549694e+02
   3.7843650e+02   2.0605747e+02
   3.9459709e+02   2.0696139e+02
   4.0749562e+02   2.1650159e+02
   3.9369113e+02   2.2103842e+02
   3.7923031e+02   2.2076820e+02
   2.9354034e+02   3.1181972e+02
   3.0611741e+02   3.0012938e+02
   3.2096941e+02   2.9155174e+02
   3.3750774e+02   2.9314486e+02
   3.5333458e+02   2.9162316e+02
   3.6762370e+02   2.9912171e+02
   3.7981191e+02   3.0960467e+02
   3.6919796e+02   3.2266228e+02
   3.5410710e+02   3.3041011e+02
   3.3752648e+02   3.3345449e+02
   3.2057957e+02   3.3133046e+02
   3.0546773e+02   3.2382054e+02
   3.0353535e+02   3.1330296e+02
   3.1991855e+02   3.1181211e+02
   3.3632087e+02   3.1145655e+02
   3.5291100e+02   3.1199384e+02
   3.6937002e+02   3.1234232e+02
   3.5302565e+02   3.1311618e+02
   3.3673610e+02   3.1305221e+02
   3.2003296e+02   3.1294634e+02
