   2.0167487e+02   1.8473656e+02
   2.0267390e+02   2.1368784e+02
   2.0414455e+02   2.4265268e+02
   2.0843984e+02   2.7098185e+02
   2.1965603e+02   2.9745734e+02
   2.3522510e+02   3.2184693e+02
   2.5455434e+02   3.4287451e+02
   2.7953143e+02   3.5731117e+02
   3.0753702e+02   3.6302959e+02
   3.3459300e+02   3.5826820e+02
   3.5874721e+02   3.4583048e+02
   3.7772676e+02   3.2662575e+02
   3.9522106e+02   3.0559985e+02
   4.0600660e+02   2.8061613e+02
   4.1404726e+02   2.5460195e+02
   4.2027231e+02   2.2786071e+02
   4.2623272e+02   2.0140095e+02
   2.2827026e+02   1.2825274e+02
   2.4003070e+02   1.1857919e+02
   2.5459257e+02   1.1458793e+02
   2.6990098e+02   1.1367484e+02
   2.8477049e+02   1.1639644e+02
   3.4885963e+02   1.2353342e+02
   3.6505026e+02   1.2203481e+02
   3.8090405e+02   1.2468200e+02
   3.9561755e+02   1.3133791e+02
   4.0867508e+02   1.4063046e+02
   3.1514632e+02   1.5532710e+02
   3.1481984e+02   1.7481847e+02
   3.1301413e+02   1.9408154e+02
   3.1228508e+02   2.1324583e+02
   2.9092459e+02   2.2369264e+02
   3.0012641e+02   2.2658469e+02
   3.0943047e+02   2.2843653e+02
   3.2035151e+02   2.2891436e+02
   3.3127296e+02   2.2939881e+02
   2.4477224e+02   1.6035120e+02
   2.5855300e+02   1.6036561e+02
   2.7207216e+02   1.5984612e+02
   2.8571105e+02   1.5911861e+02
   2.7207887e+02   1.6147730e+02
   2.5842108e+02   1.6187962e+02
   3.4600332e+02   1.6292987e+02
   3.6010974e+02   1.6410837e+02
   3.7353079e+02   1.6792342e+02
   3.8721619e+02   1.7110320e+02
   3.7315838e+02   1.6949428e+02
   3.5976747e+02   1.6534539e+02
   2.7027570e+02   2.7062166e+02
   2.8137323e+02   2.5948423e+02
   2.9471253e+02   2.5163187e+02
   3.0959818e+02   2.5380056e+02
   3.2553764e+02   2.5458083e+02
   3.3709324e+02   2.6596027e+02
   3.4584519e+02   2.7982585e+02
   3.3293727e+02   2.8715777e+02
   3.1907947e+02   2.9198392e+02
   3.0447915e+02   2.9307436e+02
   2.9145850e+02   2.8839143e+02
   2.8007380e+02   2.8037713e+02
   2.8202846e+02   2.7112890e+02
   2.9365562e+02   2.6233325e+02
   3.0805702e+02   2.6145930e+02
   3.2408870e+02   2.6555635e+02
   3.3459665e+02   2.7828648e+02
   3.2077685e+02   2.7927965e+02
   3.0704107e+02   2.7775997e+02
   2.9414688e+02   2.7556099e+02
