   2.0180590e+02   1.8458394e+02
   2.0280505e+02   2.1371220e+02
   2.0354968e+02   2.4250616e+02
   2.0821957e+02   2.7097392e+02
   2.1858307e+02   2.9790849e+02
   2.3285062e+02   3.2302890e+02
   2.5126299e+02   3.4533627e+02
   2.7549784e+02   3.6058569e+02
   3.0308857e+02   3.6882623e+02
   3.3108731e+02   3.6486172e+02
   3.5632342e+02   3.5232164e+02
   3.7669102e+02   3.3282920e+02
   3.9266806e+02   3.0973685e+02
   4.0438106e+02   2.8399698e+02
   4.1334954e+02   2.5716805e+02
   4.1992107e+02   2.2958660e+02
   4.2425610e+02   2.0194298e+02
   2.2935332e+02   1.2591240e+02
   2.4081356e+02   1.1649444e+02
   2.5526712e+02   1.1309563e+02
   2.7018492e+02   1.1249923e+02
   2.8486106e+02   1.1416379e+02
   3.4900992e+02   1.2065824e+02
   3.6546218e+02   1.2006147e+02
   3.8143157e+02   1.2340449e+02
   3.9634833e+02   1.2999070e+02
   4.0872400e+02   1.4052848e+02
   3.1523314e+02   1.5520448e+02
   3.1490382e+02   1.7468744e+02
   3.1309593e+02   1.9394197e+02
   3.1236426e+02   2.1309791e+02
   2.8862543e+02   2.2101220e+02
   2.9919721e+02   2.2602218e+02
   3.1060518e+02   2.2842931e+02
   3.2075374e+02   2.2871155e+02
   3.3050208e+02   2.2645611e+02
   2.4477828e+02   1.5764402e+02
   2.5663589e+02   1.4572266e+02
   2.7413746e+02   1.4684553e+02
   2.8580993e+02   1.5898986e+02
   2.7196682e+02   1.6148977e+02
   2.5793419e+02   1.6178797e+02
   3.4607573e+02   1.6280872e+02
   3.5936360e+02   1.5117354e+02
   3.7753521e+02   1.5408714e+02
   3.8719340e+02   1.6886828e+02
   3.7318764e+02   1.6941171e+02
   3.5943520e+02   1.6689293e+02
   2.7107196e+02   2.7413112e+02
   2.8070442e+02   2.6147917e+02
   2.9290152e+02   2.5168764e+02
   3.0813421e+02   2.5270045e+02
   3.2577500e+02   2.5324565e+02
   3.3759155e+02   2.6674641e+02
   3.4355157e+02   2.8376671e+02
   3.3266274e+02   2.9256386e+02
   3.1962655e+02   2.9764363e+02
   3.0589301e+02   2.9997816e+02
   2.9159586e+02   2.9545842e+02
   2.8022944e+02   2.8580407e+02
   2.8049186e+02   2.7528195e+02
   2.9157090e+02   2.6178228e+02
   3.0909994e+02   2.6105598e+02
   3.2705797e+02   2.6578502e+02
   3.3628423e+02   2.8154416e+02
   3.2041114e+02   2.8523843e+02
   3.0438605e+02   2.8290518e+02
   2.9157004e+02   2.8140801e+02
