   2.0694783e+02   2.4553347e+02
   2.0952348e+02   2.6901071e+02
   2.1395952e+02   2.9227038e+02
   2.2074771e+02   3.1478674e+02
   2.2971026e+02   3.3647974e+02
   2.4235025e+02   3.5631757e+02
   2.6168691e+02   3.6955198e+02
   2.8323057e+02   3.7863335e+02
   3.0651275e+02   3.7984023e+02
   3.3035474e+02   3.7732661e+02
   3.5207477e+02   3.6760267e+02
   3.6851412e+02   3.5035070e+02
   3.8139790e+02   3.3040538e+02
   3.8854234e+02   3.0767838e+02
   3.9200879e+02   2.8403003e+02
   3.9530403e+02   2.6027779e+02
   3.9702397e+02   2.3662735e+02
   2.1844604e+02   2.1907790e+02
   2.2948044e+02   2.0669060e+02
   2.4590743e+02   2.0266818e+02
   2.6274545e+02   2.0287188e+02
   2.7866001e+02   2.0800021e+02
   3.0753058e+02   2.0348302e+02
   3.2427137e+02   1.9745635e+02
   3.4159251e+02   1.9565825e+02
   3.5853980e+02   2.0031440e+02
   3.7290431e+02   2.1034643e+02
   2.9572863e+02   2.3071529e+02
   2.9606117e+02   2.4432342e+02
   2.9633796e+02   2.5804254e+02
   2.9666163e+02   2.7155116e+02
   2.8045849e+02   2.9011549e+02
   2.8900788e+02   2.9138336e+02
   2.9754116e+02   2.9195128e+02
   3.0662244e+02   2.9122620e+02
   3.1552025e+02   2.8929453e+02
   2.3530842e+02   2.3385627e+02
   2.4561993e+02   2.2595686e+02
   2.5854819e+02   2.2527149e+02
   2.6983362e+02   2.3153174e+02
   2.5838087e+02   2.3398077e+02
   2.4682373e+02   2.3524632e+02
   3.2192792e+02   2.2978346e+02
   3.3266170e+02   2.2264258e+02
   3.4567836e+02   2.2239514e+02
   3.5651083e+02   2.2919478e+02
   3.4511431e+02   2.3178053e+02
   3.3342099e+02   2.3176778e+02
   2.6854762e+02   3.2246983e+02
   2.7790421e+02   3.1630812e+02
   2.8838845e+02   3.1238432e+02
   2.9940241e+02   3.1254011e+02
   3.1105885e+02   3.1224059e+02
   3.2231141e+02   3.1512742e+02
   3.3294461e+02   3.1957443e+02
   3.2343024e+02   3.2568120e+02
   3.1226432e+02   3.2751648e+02
   3.0104995e+02   3.2838175e+02
   2.8988177e+02   3.2839075e+02
   2.7890790e+02   3.2649948e+02
   2.7855631e+02   3.2019885e+02
   2.8900343e+02   3.1747382e+02
   2.9973953e+02   3.1692709e+02
   3.1036003e+02   3.1676814e+02
   3.2087106e+02   3.1807313e+02
   3.1027546e+02   3.1778628e+02
   2.9984108e+02   3.1845091e+02
   2.8907325e+02   3.1849239e+02
