   2.0615222e+02   2.4558117e+02
   2.0874516e+02   2.6978663e+02
   2.1352215e+02   2.9352516e+02
   2.1992151e+02   3.1681779e+02
   2.2668665e+02   3.3992085e+02
   2.4166210e+02   3.5869124e+02
   2.6161376e+02   3.7230254e+02
   2.8436084e+02   3.8008535e+02
   3.0834091e+02   3.8074797e+02
   3.3231065e+02   3.7706323e+02
   3.5453162e+02   3.6764293e+02
   3.7231287e+02   3.5157247e+02
   3.8422427e+02   3.3063142e+02
   3.9020541e+02   3.0745030e+02
   3.9345354e+02   2.8355866e+02
   3.9579710e+02   2.5943575e+02
   3.9654170e+02   2.3540964e+02
   2.1921936e+02   2.2030371e+02
   2.3257531e+02   2.1044040e+02
   2.4868852e+02   2.0600542e+02
   2.6530880e+02   2.0535154e+02
   2.8142893e+02   2.0887700e+02
   3.0333465e+02   2.0713783e+02
   3.2080755e+02   2.0165781e+02
   3.3889629e+02   1.9899158e+02
   3.5659591e+02   2.0263907e+02
   3.7212344e+02   2.1191838e+02
   2.9405642e+02   2.2953839e+02
   2.9473919e+02   2.4371327e+02
   2.9544636e+02   2.5773155e+02
   2.9595616e+02   2.7172062e+02
   2.7867214e+02   2.9066645e+02
   2.8796908e+02   2.9160462e+02
   2.9714122e+02   2.9186696e+02
   3.0631894e+02   2.9090528e+02
   3.1537826e+02   2.8925657e+02
   2.3528059e+02   2.3430136e+02
   2.4498178e+02   2.2631774e+02
   2.5764312e+02   2.2507594e+02
   2.6865801e+02   2.3094636e+02
   2.5757769e+02   2.3326803e+02
   2.4649138e+02   2.3490912e+02
   3.2056184e+02   2.2910835e+02
   3.3197483e+02   2.2266186e+02
   3.4507507e+02   2.2242055e+02
   3.5621194e+02   2.2911283e+02
   3.4423675e+02   2.3054506e+02
   3.3229825e+02   2.3089422e+02
   2.6158809e+02   3.1793493e+02
   2.7358356e+02   3.1205895e+02
   2.8706342e+02   3.1085359e+02
   3.0046204e+02   3.1058268e+02
   3.1407510e+02   3.1082674e+02
   3.2763989e+02   3.1121819e+02
   3.4074596e+02   3.1436832e+02
   3.3340699e+02   3.2809167e+02
   3.1883340e+02   3.3406083e+02
   3.0304663e+02   3.3448582e+02
   2.8713094e+02   3.3461103e+02
   2.7228966e+02   3.2924757e+02
   2.6754845e+02   3.1839487e+02
   2.8400740e+02   3.1549457e+02
   3.0046405e+02   3.1532443e+02
   3.1829037e+02   3.1482950e+02
   3.3575701e+02   3.1625799e+02
   3.1945560e+02   3.2172124e+02
   3.0233652e+02   3.2262884e+02
   2.8451674e+02   3.2297272e+02
