   1.9152635e+02   1.6968970e+02
   1.9724661e+02   2.0412359e+02
   2.0480074e+02   2.3801524e+02
   2.1074914e+02   2.7204096e+02
   2.1929511e+02   3.0576891e+02
   2.3412334e+02   3.3702157e+02
   2.5190942e+02   3.6664481e+02
   2.7756281e+02   3.8979725e+02
   3.1053960e+02   3.9824315e+02
   3.4407176e+02   3.9280390e+02
   3.7012493e+02   3.7084640e+02
   3.8796631e+02   3.4153984e+02
   4.0207209e+02   3.1019261e+02
   4.1279965e+02   2.7751745e+02
   4.2101910e+02   2.4420895e+02
   4.2454238e+02   2.1013984e+02
   4.2572756e+02   1.7585028e+02
   2.1752524e+02   1.1016519e+02
   2.2731522e+02   9.4988102e+01
   2.4354726e+02   8.6763183e+01
   2.6154250e+02   8.5223428e+01
   2.7923446e+02   8.9172679e+01
   3.4018566e+02   9.3489450e+01
   3.6070316e+02   8.8652530e+01
   3.8162854e+02   9.0145565e+01
   4.0035564e+02   9.9428075e+01
   4.0881951e+02   1.1792397e+02
   3.1383949e+02   1.5200092e+02
   3.1357706e+02   1.7342407e+02
   3.1401203e+02   1.9481146e+02
   3.1359620e+02   2.1604293e+02
   2.9007338e+02   2.2695736e+02
   3.0153773e+02   2.2872908e+02
   3.1295105e+02   2.2966522e+02
   3.2382079e+02   2.2975518e+02
   3.3461370e+02   2.2923486e+02
   2.3942273e+02   1.4737430e+02
   2.5430698e+02   1.3839684e+02
   2.7168694e+02   1.3915137e+02
   2.8503051e+02   1.4993655e+02
   2.6981735e+02   1.5647265e+02
   2.5323268e+02   1.5596271e+02
   3.4031388e+02   1.5397474e+02
   3.5519078e+02   1.4333130e+02
   3.7343961e+02   1.4370635e+02
   3.8737665e+02   1.5498902e+02
   3.7234643e+02   1.6128647e+02
   3.5598605e+02   1.5908815e+02
   2.7634947e+02   2.8913259e+02
   2.7984457e+02   2.7043912e+02
   2.9422317e+02   2.5811035e+02
   3.1303933e+02   2.5628840e+02
   3.3210127e+02   2.5692760e+02
   3.4492347e+02   2.7182386e+02
   3.4949880e+02   2.9076934e+02
   3.4714270e+02   3.1471945e+02
   3.3570493e+02   3.3539457e+02
   3.1452144e+02   3.4490256e+02
   2.9284146e+02   3.3407042e+02
   2.7993228e+02   3.1320775e+02
   2.8125174e+02   2.8898077e+02
   2.9199199e+02   2.7077647e+02
   3.1205635e+02   2.6518405e+02
   3.3359077e+02   2.7182767e+02
   3.4532231e+02   2.9092233e+02
   3.3538541e+02   3.1490578e+02
   3.1439322e+02   3.2915870e+02
   2.9053174e+02   3.1479525e+02
