   1.9147520e+02   1.6992111e+02
   1.9718098e+02   2.0416882e+02
   2.0464690e+02   2.3791671e+02
   2.1061744e+02   2.7179405e+02
   2.1907686e+02   3.0535739e+02
   2.3437539e+02   3.3622043e+02
   2.5230632e+02   3.6557194e+02
   2.7801249e+02   3.8839816e+02
   3.1086404e+02   3.9674709e+02
   3.4412720e+02   3.9112985e+02
   3.7000705e+02   3.6934044e+02
   3.8789269e+02   3.4038348e+02
   4.0216751e+02   3.0938464e+02
   4.1294251e+02   2.7699528e+02
   4.2071833e+02   2.4386460e+02
   4.2418944e+02   2.1002342e+02
   4.2564815e+02   1.7600943e+02
   2.1701390e+02   1.1070860e+02
   2.2684720e+02   9.5617350e+01
   2.4301259e+02   8.7392585e+01
   2.6097723e+02   8.5955527e+01
   2.7865675e+02   8.9684113e+01
   3.4018140e+02   9.4103394e+01
   3.6073249e+02   8.9427964e+01
   3.8164352e+02   9.0612959e+01
   4.0017705e+02   1.0016332e+02
   4.0853077e+02   1.1874864e+02
   3.1372755e+02   1.5342964e+02
   3.1350876e+02   1.7469173e+02
   3.1398717e+02   1.9593544e+02
   3.1355136e+02   2.1700326e+02
   2.8985594e+02   2.2780374e+02
   3.0129512e+02   2.2957472e+02
   3.1268741e+02   2.3056548e+02
   3.2368268e+02   2.3069004e+02
   3.3458018e+02   2.3000760e+02
   2.3937704e+02   1.4825207e+02
   2.5417542e+02   1.3935821e+02
   2.7142680e+02   1.4013042e+02
   2.8469090e+02   1.5083356e+02
   2.6953739e+02   1.5727359e+02
   2.5308096e+02   1.5680786e+02
   3.3999894e+02   1.5487865e+02
   3.5485954e+02   1.4432405e+02
   3.7303928e+02   1.4466945e+02
   3.8708846e+02   1.5573316e+02
   3.7206168e+02   1.6210214e+02
   3.5568102e+02   1.5997111e+02
   2.7634041e+02   2.8861010e+02
   2.8003325e+02   2.7029846e+02
   2.9444797e+02   2.5857291e+02
   3.1296979e+02   2.5704005e+02
   3.3163309e+02   2.5742466e+02
   3.4435156e+02   2.7184620e+02
   3.4914136e+02   2.9031798e+02
   3.4670499e+02   3.1390824e+02
   3.3498498e+02   3.3397884e+02
   3.1394259e+02   3.4297799e+02
   2.9265583e+02   3.3246612e+02
   2.7980042e+02   3.1219027e+02
   2.8114089e+02   2.8841893e+02
   2.9218723e+02   2.7091192e+02
   3.1199641e+02   2.6600437e+02
   3.3319292e+02   2.7199085e+02
   3.4496668e+02   2.9051203e+02
   3.3491945e+02   3.1395194e+02
   3.1394741e+02   3.2727118e+02
   2.9062056e+02   3.1343294e+02
