   2.4321314e+02   2.4628023e+02
   2.4578452e+02   2.7417281e+02
   2.4848817e+02   3.0171900e+02
   2.5017130e+02   3.2943252e+02
   2.6113288e+02   3.5469819e+02
   2.7977787e+02   3.7509306e+02
   3.0314573e+02   3.8982568e+02
   3.2807459e+02   4.0199216e+02
   3.5523991e+02   4.0643234e+02
   3.8015589e+02   4.0235499e+02
   4.0256881e+02   3.9113687e+02
   4.2359504e+02   3.7701501e+02
   4.3905522e+02   3.5728861e+02
   4.4696127e+02   3.3327820e+02
   4.5356856e+02   3.0903255e+02
   4.5941202e+02   2.8438939e+02
   4.6456445e+02   2.5989951e+02
   2.6745480e+02   2.0296572e+02
   2.8125100e+02   1.9459012e+02
   2.9751590e+02   1.9274918e+02
   3.1366890e+02   1.9323970e+02
   3.2963806e+02   1.9629474e+02
   3.8922286e+02   2.0516036e+02
   4.0451943e+02   2.0061837e+02
   4.2048324e+02   1.9980396e+02
   4.3567548e+02   2.0402227e+02
   4.5057134e+02   2.0975139e+02
   3.6053056e+02   2.2917201e+02
   3.6031150e+02   2.4549444e+02
   3.6000061e+02   2.6169053e+02
   3.5967212e+02   2.7776477e+02
   3.4034854e+02   2.8928799e+02
   3.4976084e+02   2.9136452e+02
   3.5934735e+02   2.9137394e+02
   3.7075970e+02   2.9073109e+02
   3.8161316e+02   2.8772137e+02
   2.8747196e+02   2.3325341e+02
   2.9926107e+02   2.2113136e+02
   3.1624029e+02   2.2020481e+02
   3.2893625e+02   2.3090973e+02
   3.1494839e+02   2.3031802e+02
   3.0131778e+02   2.3415178e+02
   3.8682548e+02   2.3238393e+02
   4.0154688e+02   2.2296040e+02
   4.1898904e+02   2.2473888e+02
   4.3009564e+02   2.3782099e+02
   4.1553555e+02   2.3721499e+02
   4.0124299e+02   2.3428035e+02
   3.1699844e+02   3.2605112e+02
   3.2662809e+02   3.1415273e+02
   3.4211878e+02   3.1199629e+02
   3.5779798e+02   3.1357892e+02
   3.7209423e+02   3.1177621e+02
   3.8579120e+02   3.1600886e+02
   3.9455765e+02   3.2704698e+02
   3.8465164e+02   3.3905817e+02
   3.7071932e+02   3.4555863e+02
   3.5532351e+02   3.4558657e+02
   3.4008915e+02   3.4391043e+02
   3.2615732e+02   3.3793821e+02
   3.3158397e+02   3.2553826e+02
   3.4429285e+02   3.2577550e+02
   3.5687485e+02   3.2645319e+02
   3.6832979e+02   3.2708191e+02
   3.7971803e+02   3.2683951e+02
   3.6809296e+02   3.2778753e+02
   3.5648444e+02   3.2694973e+02
   3.4393802e+02   3.2656140e+02
