   2.3901154e+02   2.1173115e+02
   2.3891876e+02   2.4694455e+02
   2.4171751e+02   2.8181830e+02
   2.4912367e+02   3.1576777e+02
   2.5949695e+02   3.4946271e+02
   2.7536384e+02   3.8034420e+02
   3.0102935e+02   4.0400586e+02
   3.3117617e+02   4.2154043e+02
   3.6519312e+02   4.2629018e+02
   4.0187779e+02   4.2253780e+02
   4.3565462e+02   4.0813108e+02
   4.6558346e+02   3.8628652e+02
   4.8699594e+02   3.5651246e+02
   5.0017513e+02   3.2212600e+02
   5.0744586e+02   2.8598967e+02
   5.1301804e+02   2.4947975e+02
   5.1382096e+02   2.1280079e+02
   2.5390502e+02   1.9754835e+02
   2.6895532e+02   1.7733648e+02
   2.9192644e+02   1.6695028e+02
   3.1706624e+02   1.6394532e+02
   3.4246653e+02   1.6307648e+02
   3.8549366e+02   1.5870913e+02
   4.1222168e+02   1.6138582e+02
   4.3858610e+02   1.6492571e+02
   4.6388108e+02   1.7337661e+02
   4.8340980e+02   1.9074744e+02
   3.6574087e+02   2.0281853e+02
   3.6388035e+02   2.2685713e+02
   3.6150481e+02   2.5082741e+02
   3.5954362e+02   2.7455460e+02
   3.2750052e+02   3.0235695e+02
   3.4494390e+02   3.0359195e+02
   3.6215586e+02   3.0415145e+02
   3.8154899e+02   3.0376213e+02
   4.0044054e+02   3.0105194e+02
   2.7259315e+02   2.2056535e+02
   2.9301364e+02   2.0600094e+02
   3.1814032e+02   2.0931422e+02
   3.3752612e+02   2.2572821e+02
   3.1464336e+02   2.2861296e+02
   2.9186923e+02   2.3158736e+02
   3.9889879e+02   2.2378271e+02
   4.1533377e+02   2.0495634e+02
   4.4084719e+02   2.0473497e+02
   4.6268550e+02   2.1793681e+02
   4.4220073e+02   2.2570942e+02
   4.2039045e+02   2.2714216e+02
   3.0399870e+02   3.4447756e+02
   3.1953763e+02   3.2962322e+02
   3.3847537e+02   3.1964515e+02
   3.5935255e+02   3.2134553e+02
   3.8346549e+02   3.1773045e+02
   4.0477234e+02   3.3085124e+02
   4.2371040e+02   3.4707015e+02
   4.0692372e+02   3.6385827e+02
   3.8452409e+02   3.7101403e+02
   3.6072316e+02   3.7231301e+02
   3.3797497e+02   3.7139975e+02
   3.1725064e+02   3.6254443e+02
   3.1793214e+02   3.4325349e+02
   3.3186557e+02   3.3859291e+02
   3.6004693e+02   3.3749118e+02
   3.9274724e+02   3.3761336e+02
   4.0822882e+02   3.4411358e+02
   3.9183539e+02   3.5061380e+02
   3.6029713e+02   3.5226244e+02
   3.3198151e+02   3.4791407e+02
