   2.3755300e+02   2.1256004e+02
   2.3700700e+02   2.4774385e+02
   2.3990262e+02   2.8270573e+02
   2.4752774e+02   3.1670571e+02
   2.5792717e+02   3.5031076e+02
   2.7453642e+02   3.8088010e+02
   3.0001085e+02   4.0484236e+02
   3.2961223e+02   4.2325229e+02
   3.6371433e+02   4.2747535e+02
   4.0038794e+02   4.2313346e+02
   4.3409153e+02   4.0820763e+02
   4.6368641e+02   3.8599510e+02
   4.8591141e+02   3.5656323e+02
   4.9905873e+02   3.2219250e+02
   5.0621641e+02   2.8607997e+02
   5.1180386e+02   2.4939738e+02
   5.1240967e+02   2.1272281e+02
   2.5063495e+02   1.9992510e+02
   2.6549677e+02   1.7883333e+02
   2.8861531e+02   1.6806252e+02
   3.1447260e+02   1.6780335e+02
   3.4001235e+02   1.6986055e+02
   3.8714363e+02   1.6739274e+02
   4.1391766e+02   1.6542526e+02
   4.4076261e+02   1.6739074e+02
   4.6649054e+02   1.7557655e+02
   4.8485926e+02   1.9464872e+02
   3.6384110e+02   2.0750419e+02
   3.6201092e+02   2.3157470e+02
   3.5984964e+02   2.5564026e+02
   3.5810263e+02   2.7937399e+02
   3.2699165e+02   3.0599640e+02
   3.4403817e+02   3.0705423e+02
   3.6087693e+02   3.0743779e+02
   3.7922902e+02   3.0707146e+02
   3.9741660e+02   3.0574513e+02
   2.7047463e+02   2.2369723e+02
   2.9088447e+02   2.0914010e+02
   3.1594531e+02   2.1285202e+02
   3.3535386e+02   2.2914753e+02
   3.1239740e+02   2.3224213e+02
   2.8959547e+02   2.3495276e+02
   3.9732458e+02   2.2802333e+02
   4.1412029e+02   2.0931798e+02
   4.3950318e+02   2.0804156e+02
   4.6112187e+02   2.2129878e+02
   4.4088579e+02   2.2969253e+02
   4.1901155e+02   2.3054571e+02
   3.0291575e+02   3.4737397e+02
   3.1935719e+02   3.3437138e+02
   3.3732338e+02   3.2401545e+02
   3.5744233e+02   3.2614192e+02
   3.7979356e+02   3.2219260e+02
   3.9957286e+02   3.3418761e+02
   4.1769507e+02   3.4867524e+02
   4.0220955e+02   3.6460479e+02
   3.8145979e+02   3.7227001e+02
   3.5925572e+02   3.7374014e+02
   3.3714080e+02   3.7283279e+02
   3.1707706e+02   3.6404413e+02
   3.1668948e+02   3.4587306e+02
   3.3046321e+02   3.4292492e+02
   3.5828658e+02   3.4202850e+02
   3.8855111e+02   3.4238593e+02
   4.0312309e+02   3.4644055e+02
   3.8782360e+02   3.5049518e+02
   3.5816387e+02   3.5311866e+02
   3.3050965e+02   3.4882120e+02
