   2.3976609e+02   2.1171738e+02
   2.4025842e+02   2.4686267e+02
   2.4283086e+02   2.8145296e+02
   2.4989822e+02   3.1542553e+02
   2.6025374e+02   3.4895527e+02
   2.7513597e+02   3.8016386e+02
   3.0063600e+02   4.0354058e+02
   3.3174919e+02   4.1943312e+02
   3.6563571e+02   4.2483470e+02
   4.0242359e+02   4.2221450e+02
   4.3605891e+02   4.0750361e+02
   4.6634874e+02   3.8612445e+02
   4.8800273e+02   3.5669964e+02
   5.0097127e+02   3.2215319e+02
   5.0823467e+02   2.8578717e+02
   5.1325966e+02   2.4933127e+02
   5.1438978e+02   2.1260857e+02
   2.5471826e+02   1.9861475e+02
   2.6944245e+02   1.7842092e+02
   2.9272213e+02   1.6850064e+02
   3.1763764e+02   1.6454248e+02
   3.4282693e+02   1.6420644e+02
   3.8658338e+02   1.5942906e+02
   4.1292707e+02   1.6233291e+02
   4.3906685e+02   1.6507948e+02
   4.6399178e+02   1.7375737e+02
   4.8434311e+02   1.9016382e+02
   3.6659847e+02   2.0283952e+02
   3.6471917e+02   2.2651952e+02
   3.6261686e+02   2.5007725e+02
   3.6047968e+02   2.7346852e+02
   3.2865254e+02   3.0121184e+02
   3.4559532e+02   3.0265409e+02
   3.6230720e+02   3.0320925e+02
   3.8274723e+02   3.0292898e+02
   4.0244369e+02   2.9909409e+02
   2.7315678e+02   2.2045578e+02
   2.9398690e+02   2.0645167e+02
   3.1915710e+02   2.0888766e+02
   3.3864383e+02   2.2496991e+02
   3.1582667e+02   2.2795827e+02
   2.9307246e+02   2.3053536e+02
   3.9974775e+02   2.2275401e+02
   4.1645767e+02   2.0464834e+02
   4.4161100e+02   2.0434893e+02
   4.6355875e+02   2.1680335e+02
   4.4305588e+02   2.2459943e+02
   4.2117587e+02   2.2613347e+02
   3.0461250e+02   3.4266366e+02
   3.1944725e+02   3.2676880e+02
   3.3954067e+02   3.1816838e+02
   3.6093624e+02   3.1957206e+02
   3.8620942e+02   3.1718957e+02
   4.0893845e+02   3.2958543e+02
   4.2813742e+02   3.4670230e+02
   4.1003424e+02   3.6288445e+02
   3.8606366e+02   3.6713209e+02
   3.6149219e+02   3.6795115e+02
   3.3890310e+02   3.6700676e+02
   3.1764860e+02   3.6023535e+02
   3.1874936e+02   3.4137410e+02
   3.3288622e+02   3.3685353e+02
   3.6128324e+02   3.3639652e+02
   3.9569704e+02   3.3611478e+02
   4.1191723e+02   3.4246937e+02
   3.9477288e+02   3.4882396e+02
   3.6173147e+02   3.4792313e+02
   3.3284424e+02   3.4589468e+02
