   2.3820877e+02   2.1203908e+02
   2.3863632e+02   2.4726507e+02
   2.4130849e+02   2.8197617e+02
   2.4850297e+02   3.1599310e+02
   2.5892606e+02   3.4961234e+02
   2.7407018e+02   3.8079646e+02
   2.9969610e+02   4.0423239e+02
   3.3069069e+02   4.2044977e+02
   3.6467224e+02   4.2568932e+02
   4.0149983e+02   4.2278043e+02
   4.3521284e+02   4.0809208e+02
   4.6546101e+02   3.8654267e+02
   4.8701920e+02   3.5693769e+02
   5.0001456e+02   3.2234680e+02
   5.0724879e+02   2.8595661e+02
   5.1235911e+02   2.4942300e+02
   5.1337491e+02   2.1264188e+02
   2.5324292e+02   1.9856758e+02
   2.6805105e+02   1.7835475e+02
   2.9128098e+02   1.6829541e+02
   3.1625386e+02   1.6438492e+02
   3.4152998e+02   1.6375007e+02
   3.8499367e+02   1.5890907e+02
   4.1147680e+02   1.6195241e+02
   4.3769750e+02   1.6492748e+02
   4.6274450e+02   1.7354727e+02
   4.8302067e+02   1.9009753e+02
   3.6525670e+02   2.0277878e+02
   3.6340933e+02   2.2658595e+02
   3.6126197e+02   2.5028053e+02
   3.5918341e+02   2.7379473e+02
   3.2724167e+02   3.0170258e+02
   3.4435214e+02   3.0308459e+02
   3.6122891e+02   3.0362712e+02
   3.8151340e+02   3.0329236e+02
   4.0108821e+02   2.9961771e+02
   2.7174770e+02   2.2065928e+02
   2.9250212e+02   2.0647137e+02
   3.1771488e+02   2.0906138e+02
   3.3723477e+02   2.2522885e+02
   3.1436839e+02   2.2821975e+02
   2.9157319e+02   2.3093721e+02
   3.9848044e+02   2.2294868e+02
   4.1511482e+02   2.0461479e+02
   4.4040339e+02   2.0434903e+02
   4.6239364e+02   2.1696653e+02
   4.4185619e+02   2.2476959e+02
   4.1995769e+02   2.2634060e+02
   3.0336695e+02   3.4345284e+02
   3.1832680e+02   3.2766061e+02
   3.3822372e+02   3.1871668e+02
   3.5957664e+02   3.2014203e+02
   3.8470815e+02   3.1745163e+02
   4.0724015e+02   3.3006119e+02
   4.2647615e+02   3.4705826e+02
   4.0860475e+02   3.6347574e+02
   3.8488186e+02   3.6841211e+02
   3.6036863e+02   3.6936902e+02
   3.3766989e+02   3.6846084e+02
   3.1645755e+02   3.6122046e+02
   3.1748603e+02   3.4215090e+02
   3.3160512e+02   3.3750751e+02
   3.6002020e+02   3.3685187e+02
   3.9421673e+02   3.3660513e+02
   4.1034644e+02   3.4312301e+02
   3.9330324e+02   3.4964090e+02
   3.6045907e+02   3.4932653e+02
   3.3161601e+02   3.4679428e+02
