   2.3869561e+02   2.1231525e+02
   2.3869975e+02   2.4755082e+02
   2.4149404e+02   2.8241803e+02
   2.4888339e+02   3.1639209e+02
   2.5928245e+02   3.5009274e+02
   2.7505296e+02   3.8103427e+02
   3.0074037e+02   4.0466088e+02
   3.3104262e+02   4.2198872e+02
   3.6507368e+02   4.2680767e+02
   4.0179776e+02   4.2317028e+02
   4.3558017e+02   4.0871220e+02
   4.6556901e+02   3.8689283e+02
   4.8698632e+02   3.5711102e+02
   5.0013370e+02   3.2267068e+02
   5.0739120e+02   2.8647465e+02
   5.1288596e+02   2.4994206e+02
   5.1370894e+02   2.1322770e+02
   2.5364723e+02   1.9818933e+02
   2.6866717e+02   1.7797730e+02
   2.9168088e+02   1.6763032e+02
   3.1679572e+02   1.6443078e+02
   3.4218924e+02   1.6352705e+02
   3.8522006e+02   1.5903565e+02
   4.1192845e+02   1.6184672e+02
   4.3827928e+02   1.6532869e+02
   4.6354792e+02   1.7380348e+02
   4.8322374e+02   1.9102608e+02
   3.6554611e+02   2.0322194e+02
   3.6369542e+02   2.2724114e+02
   3.6135640e+02   2.5118470e+02
   3.5938267e+02   2.7489546e+02
   3.2732885e+02   3.0276438e+02
   3.4474286e+02   3.0401746e+02
   3.6192431e+02   3.0457139e+02
   3.8147545e+02   3.0418158e+02
   4.0048770e+02   3.0129798e+02
   2.7230634e+02   2.2106523e+02
   2.9278010e+02   2.0653806e+02
   3.1793582e+02   2.0973243e+02
   3.3735766e+02   2.2611516e+02
   3.1446701e+02   2.2902160e+02
   2.9167896e+02   2.3197533e+02
   3.9873403e+02   2.2408038e+02
   4.1519187e+02   2.0530473e+02
   4.4069008e+02   2.0508748e+02
   4.6257190e+02   2.1820378e+02
   4.4206635e+02   2.2598098e+02
   4.2023317e+02   2.2745426e+02
   3.0378897e+02   3.4487967e+02
   3.1923061e+02   3.2984086e+02
   3.3833040e+02   3.2000446e+02
   3.5930259e+02   3.2165002e+02
   3.8360702e+02   3.1816163e+02
   4.0513556e+02   3.3123085e+02
   4.2414903e+02   3.4759613e+02
   4.0717978e+02   3.6436429e+02
   3.8455011e+02   3.7120687e+02
   3.6060367e+02   3.7246392e+02
   3.3783698e+02   3.7155984e+02
   3.1701477e+02   3.6293627e+02
   3.1775856e+02   3.4363823e+02
   3.3172815e+02   3.3894384e+02
   3.5996502e+02   3.3788976e+02
   3.9294458e+02   3.3794206e+02
   4.0854680e+02   3.4449674e+02
   3.9203376e+02   3.5105141e+02
   3.6025606e+02   3.5241477e+02
   3.3183444e+02   3.4833263e+02
