   1.7992738e+02   2.1952410e+02
   1.8158977e+02   2.5133620e+02
   1.8783116e+02   2.8282579e+02
   1.9344868e+02   3.1406595e+02
   2.0633223e+02   3.4322358e+02
   2.2336510e+02   3.7016118e+02
   2.4608240e+02   3.9264598e+02
   2.7362935e+02   4.0841980e+02
   3.0479149e+02   4.1278065e+02
   3.3374076e+02   4.0209544e+02
   3.5643474e+02   3.8134748e+02
   3.7358027e+02   3.5577136e+02
   3.8796153e+02   3.2814341e+02
   3.9654700e+02   2.9856532e+02
   3.9950972e+02   2.6781496e+02
   4.0003352e+02   2.3674123e+02
   3.9966094e+02   2.0597213e+02
   1.9914474e+02   1.9226553e+02
   2.1095767e+02   1.8217711e+02
   2.2656346e+02   1.7928065e+02
   2.4232513e+02   1.7963157e+02
   2.5704043e+02   1.8463061e+02
   3.1774125e+02   1.7766227e+02
   3.3186038e+02   1.7311550e+02
   3.4629379e+02   1.7055488e+02
   3.6052318e+02   1.7425527e+02
   3.7372658e+02   1.8104402e+02
   2.9062872e+02   2.0015858e+02
   2.9255015e+02   2.1886367e+02
   2.9371637e+02   2.3777117e+02
   2.9472018e+02   2.5636885e+02
   2.7306624e+02   2.8337249e+02
   2.8383333e+02   2.8513366e+02
   2.9465791e+02   2.8548069e+02
   3.0533329e+02   2.8378532e+02
   3.1552868e+02   2.8083379e+02
   2.2101539e+02   2.1547672e+02
   2.3132282e+02   2.0723949e+02
   2.4446698e+02   2.0655689e+02
   2.5574946e+02   2.1321291e+02
   2.4460242e+02   2.1797502e+02
   2.3248240e+02   2.1883017e+02
   3.2228702e+02   2.0644027e+02
   3.3337980e+02   1.9904730e+02
   3.4668614e+02   1.9987749e+02
   3.5816420e+02   2.0663511e+02
   3.4633937e+02   2.1117011e+02
   3.3369533e+02   2.1150936e+02
   2.5802601e+02   3.2485986e+02
   2.6885860e+02   3.1539999e+02
   2.8077358e+02   3.0765778e+02
   2.9444757e+02   3.0879435e+02
   3.0806852e+02   3.0527351e+02
   3.2118590e+02   3.1174112e+02
   3.3356899e+02   3.1933299e+02
   3.2360130e+02   3.2933334e+02
   3.1080679e+02   3.3548997e+02
   2.9699870e+02   3.3775514e+02
   2.8286789e+02   3.3687170e+02
   2.6914650e+02   3.3330013e+02
   2.6502271e+02   3.2461776e+02
   2.7978940e+02   3.2088573e+02
   2.9507677e+02   3.2030230e+02
   3.1063427e+02   3.1904042e+02
   3.2614231e+02   3.2023570e+02
   3.1078467e+02   3.2227730e+02
   2.9559672e+02   3.2310181e+02
   2.8039469e+02   3.2392115e+02
