   1.7964396e+02   2.1718341e+02
   1.8179435e+02   2.5144942e+02
   1.8526612e+02   2.8544863e+02
   1.9200615e+02   3.1920180e+02
   2.0077677e+02   3.5216194e+02
   2.1547082e+02   3.8289324e+02
   2.3676139e+02   4.0973727e+02
   2.6362100e+02   4.3025513e+02
   2.9674178e+02   4.3584209e+02
   3.2945826e+02   4.2590840e+02
   3.5481390e+02   4.0263004e+02
   3.7210322e+02   3.7297992e+02
   3.8480567e+02   3.4132630e+02
   3.9334831e+02   3.0800908e+02
   3.9968984e+02   2.7392995e+02
   3.9929714e+02   2.3981399e+02
   3.9884076e+02   2.0544612e+02
   1.9731941e+02   1.7331249e+02
   2.0586956e+02   1.5938224e+02
   2.1916735e+02   1.4980438e+02
   2.3536366e+02   1.5001419e+02
   2.5120662e+02   1.5403149e+02
   3.1542982e+02   1.4972390e+02
   3.3185096e+02   1.4562396e+02
   3.4846769e+02   1.4322739e+02
   3.6337704e+02   1.5047330e+02
   3.7265983e+02   1.6422934e+02
   2.8944903e+02   1.9032581e+02
   2.9060155e+02   2.0826382e+02
   2.9184450e+02   2.2597152e+02
   2.9269898e+02   2.4378352e+02
   2.7015129e+02   2.7306571e+02
   2.8055037e+02   2.7449528e+02
   2.9093736e+02   2.7371118e+02
   3.0184721e+02   2.7410047e+02
   3.1227585e+02   2.7100966e+02
   2.1921416e+02   2.0394801e+02
   2.2943518e+02   1.9603727e+02
   2.4236207e+02   1.9513887e+02
   2.5321742e+02   2.0175844e+02
   2.4273313e+02   2.0899909e+02
   2.3025910e+02   2.0992741e+02
   3.2121357e+02   1.9586382e+02
   3.3232531e+02   1.8775348e+02
   3.4602486e+02   1.8902084e+02
   3.5677132e+02   1.9776850e+02
   3.4488696e+02   2.0294952e+02
   3.3216507e+02   2.0248883e+02
   2.5415572e+02   3.3162217e+02
   2.6259421e+02   3.1381678e+02
   2.7319335e+02   2.9755369e+02
   2.9137504e+02   2.9695664e+02
   3.0970927e+02   2.9671900e+02
   3.2304670e+02   3.1049181e+02
   3.3434461e+02   3.2577952e+02
   3.2690072e+02   3.4643935e+02
   3.1565027e+02   3.6491694e+02
   2.9605948e+02   3.7229762e+02
   2.7618096e+02   3.6565428e+02
   2.6096595e+02   3.5120593e+02
   2.5963659e+02   3.3194618e+02
   2.7282764e+02   3.1512859e+02
   2.9197070e+02   3.0649014e+02
   3.1344634e+02   3.1089302e+02
   3.2865073e+02   3.2681392e+02
   3.1458199e+02   3.4316797e+02
   2.9641501e+02   3.5412724e+02
   2.7480163e+02   3.4834145e+02
