   2.4408623e+02   2.4707233e+02
   2.4899872e+02   2.7736106e+02
   2.5661942e+02   3.0710401e+02
   2.6372860e+02   3.3672414e+02
   2.7207087e+02   3.6610468e+02
   2.9165600e+02   3.8956753e+02
   3.1611726e+02   4.0775342e+02
   3.4279121e+02   4.2274528e+02
   3.7264694e+02   4.2680889e+02
   4.0349963e+02   4.2144613e+02
   4.3126771e+02   4.0707891e+02
   4.5560945e+02   3.8776739e+02
   4.7324809e+02   3.6216284e+02
   4.8086801e+02   3.3188711e+02
   4.8661693e+02   3.0105451e+02
   4.9251677e+02   2.7038432e+02
   4.9399519e+02   2.3927918e+02
   2.6685713e+02   2.1671947e+02
   2.8570208e+02   2.0600149e+02
   3.0719557e+02   2.0246236e+02
   3.2887757e+02   2.0136327e+02
   3.5024266e+02   1.9828636e+02
   3.8361107e+02   1.9902550e+02
   4.0482952e+02   1.9676647e+02
   4.2605670e+02   1.9636362e+02
   4.4694819e+02   2.0005657e+02
   4.6622549e+02   2.0851504e+02
   3.6572406e+02   2.3813365e+02
   3.6620940e+02   2.5650100e+02
   3.6669594e+02   2.7491710e+02
   3.6667743e+02   2.9317907e+02
   3.3993425e+02   3.1716226e+02
   3.5353604e+02   3.2024781e+02
   3.6724191e+02   3.2149599e+02
   3.8027547e+02   3.2042487e+02
   3.9286270e+02   3.1777239e+02
   2.8140713e+02   2.4599849e+02
   2.9898248e+02   2.4086121e+02
   3.1779854e+02   2.3914523e+02
   3.3565265e+02   2.4074996e+02
   3.1778835e+02   2.4502020e+02
   2.9959121e+02   2.4634880e+02
   4.0200227e+02   2.3905094e+02
   4.2013717e+02   2.3625566e+02
   4.3901116e+02   2.3731340e+02
   4.5635108e+02   2.4071995e+02
   4.3809293e+02   2.4274300e+02
   4.1988617e+02   2.4210614e+02
   3.1160266e+02   3.6719078e+02
   3.2668256e+02   3.5129261e+02
   3.4653303e+02   3.4235641e+02
   3.6824811e+02   3.4186742e+02
   3.8916257e+02   3.4391448e+02
   4.0810904e+02   3.5339740e+02
   4.2490093e+02   3.6569349e+02
   4.0671859e+02   3.6821943e+02
   3.8840527e+02   3.7019276e+02
   3.7013628e+02   3.7036344e+02
   3.5055037e+02   3.6974539e+02
   3.3108504e+02   3.6784215e+02
   3.3378778e+02   3.5482433e+02
   3.5126561e+02   3.5071600e+02
   3.6893777e+02   3.5071146e+02
   3.8521052e+02   3.5149508e+02
   4.0057332e+02   3.5592064e+02
   3.8468748e+02   3.5329796e+02
   3.6883673e+02   3.5245683e+02
   3.5109370e+02   3.5246867e+02
