   2.4391782e+02   2.4691785e+02
   2.4883857e+02   2.7679210e+02
   2.5717059e+02   3.0612737e+02
   2.6445814e+02   3.3544446e+02
   2.7363058e+02   3.6429793e+02
   2.9255353e+02   3.8787347e+02
   3.1595853e+02   4.0710707e+02
   3.4279178e+02   4.2135233e+02
   3.7240933e+02   4.2409618e+02
   4.0371151e+02   4.1929370e+02
   4.3216367e+02   4.0662081e+02
   4.5545560e+02   3.8553649e+02
   4.7345294e+02   3.5994175e+02
   4.8154842e+02   3.2967742e+02
   4.8720231e+02   2.9850239e+02
   4.9337887e+02   2.6795763e+02
   4.9487448e+02   2.3664499e+02
   2.6631732e+02   2.1397730e+02
   2.8550219e+02   2.0581429e+02
   3.0599203e+02   2.0317851e+02
   3.2696623e+02   2.0224706e+02
   3.4725126e+02   2.0560047e+02
   3.8502853e+02   2.0267092e+02
   4.0614574e+02   1.9666133e+02
   4.2777875e+02   1.9393722e+02
   4.4930848e+02   1.9608496e+02
   4.6888192e+02   2.0518783e+02
   3.6613170e+02   2.3622014e+02
   3.6656712e+02   2.5496558e+02
   3.6670341e+02   2.7374017e+02
   3.6655060e+02   2.9243027e+02
   3.4349652e+02   3.1759088e+02
   3.5613366e+02   3.2106988e+02
   3.6906624e+02   3.2178365e+02
   3.8128267e+02   3.2043481e+02
   3.9296165e+02   3.1717398e+02
   2.8235716e+02   2.4175117e+02
   2.9960332e+02   2.3105460e+02
   3.1985309e+02   2.3065399e+02
   3.3748549e+02   2.4018179e+02
   3.1920981e+02   2.4446315e+02
   3.0047011e+02   2.4546249e+02
   4.0213179e+02   2.3860205e+02
   4.1674589e+02   2.2626327e+02
   4.3603030e+02   2.2619465e+02
   4.5327571e+02   2.3463818e+02
   4.3691331e+02   2.4124825e+02
   4.1943220e+02   2.4180654e+02
   3.1413451e+02   3.6412989e+02
   3.3042021e+02   3.5150606e+02
   3.4889259e+02   3.4310313e+02
   3.6906367e+02   3.4316294e+02
   3.8905715e+02   3.4395662e+02
   4.0707945e+02   3.5282061e+02
   4.2399186e+02   3.6331300e+02
   4.0615936e+02   3.6631405e+02
   3.8819585e+02   3.6920132e+02
   3.7031656e+02   3.7000525e+02
   3.5146236e+02   3.6900186e+02
   3.3276660e+02   3.6584601e+02
   3.3802776e+02   3.5574355e+02
   3.5323908e+02   3.5325743e+02
   3.6864313e+02   3.5323274e+02
   3.8332263e+02   3.5365466e+02
   3.9737723e+02   3.5677624e+02
   3.8331436e+02   3.5659014e+02
   3.6948109e+02   3.5658997e+02
   3.5365557e+02   3.5616045e+02
