   2.4411825e+02   2.4699282e+02
   2.4903900e+02   2.7680365e+02
   2.5744712e+02   3.0611788e+02
   2.6462324e+02   3.3541372e+02
   2.7377428e+02   3.6422550e+02
   2.9270375e+02   3.8780716e+02
   3.1626060e+02   4.0677475e+02
   3.4286989e+02   4.2153980e+02
   3.7238221e+02   4.2439614e+02
   4.0359329e+02   4.1933000e+02
   4.3194012e+02   4.0651184e+02
   4.5512543e+02   3.8541597e+02
   4.7325859e+02   3.5996264e+02
   4.8140985e+02   3.2980305e+02
   4.8689897e+02   2.9863998e+02
   4.9316841e+02   2.6815681e+02
   4.9468254e+02   2.3690197e+02
   2.6699557e+02   2.1466851e+02
   2.8610423e+02   2.0659674e+02
   3.0653473e+02   2.0419257e+02
   3.2745536e+02   2.0273533e+02
   3.4778056e+02   2.0503565e+02
   3.8370682e+02   2.0233346e+02
   4.0518616e+02   1.9714356e+02
   4.2697175e+02   1.9466311e+02
   4.4859691e+02   1.9666088e+02
   4.6832479e+02   2.0567763e+02
   3.6590811e+02   2.3632796e+02
   3.6630618e+02   2.5482871e+02
   3.6644211e+02   2.7335706e+02
   3.6622026e+02   2.9181770e+02
   3.4309033e+02   3.1739742e+02
   3.5588361e+02   3.2101761e+02
   3.6898277e+02   3.2167745e+02
   3.8129373e+02   3.2031919e+02
   3.9304489e+02   3.1701007e+02
   2.8236095e+02   2.4208457e+02
   2.9961511e+02   2.3178252e+02
   3.1976692e+02   2.3119837e+02
   3.3735942e+02   2.4021335e+02
   3.1911380e+02   2.4437538e+02
   3.0043411e+02   2.4551602e+02
   4.0206510e+02   2.3857271e+02
   4.1690671e+02   2.2682843e+02
   4.3614083e+02   2.2682296e+02
   4.5336111e+02   2.3499666e+02
   4.3688759e+02   2.4125793e+02
   4.1938250e+02   2.4175179e+02
   3.1303924e+02   3.6494041e+02
   3.2928539e+02   3.5156575e+02
   3.4810149e+02   3.4289037e+02
   3.6872414e+02   3.4278441e+02
   3.8922694e+02   3.4355706e+02
   4.0765825e+02   3.5273446e+02
   4.2472676e+02   3.6386273e+02
   4.0644247e+02   3.6607571e+02
   3.8820157e+02   3.6866691e+02
   3.7012480e+02   3.6948803e+02
   3.5109415e+02   3.6844232e+02
   3.3215088e+02   3.6554410e+02
   3.3773858e+02   3.5539084e+02
   3.5298657e+02   3.5268578e+02
   3.6846345e+02   3.5264287e+02
   3.8344010e+02   3.5310170e+02
   3.9770261e+02   3.5649353e+02
   3.8342552e+02   3.5603193e+02
   3.6937687e+02   3.5597877e+02
   3.5344889e+02   3.5560896e+02
