   1.8625066e+02   1.5597863e+02
   1.8713869e+02   1.8754621e+02
   1.9237270e+02   2.1836900e+02
   1.9938063e+02   2.4873301e+02
   2.1050371e+02   2.7815445e+02
   2.2806339e+02   3.0378976e+02
   2.5365586e+02   3.2192413e+02
   2.8343210e+02   3.3144034e+02
   3.1434202e+02   3.3481997e+02
   3.4396664e+02   3.2998309e+02
   3.7043214e+02   3.1619158e+02
   3.9139342e+02   2.9462683e+02
   4.0851125e+02   2.7013601e+02
   4.1925343e+02   2.4218321e+02
   4.2382610e+02   2.1245248e+02
   4.2609366e+02   1.8265394e+02
   4.2378144e+02   1.5288981e+02
   2.1214481e+02   1.4042982e+02
   2.2356268e+02   1.2835256e+02
   2.4005862e+02   1.2540027e+02
   2.5680470e+02   1.2807451e+02
   2.7351800e+02   1.3087099e+02
   3.3691481e+02   1.2891491e+02
   3.5275994e+02   1.2659300e+02
   3.6843161e+02   1.2492805e+02
   3.8385860e+02   1.2872632e+02
   3.9708464e+02   1.3733229e+02
   3.0460511e+02   1.5841117e+02
   3.0444347e+02   1.7503996e+02
   3.0464942e+02   1.9157872e+02
   3.0551466e+02   2.0806492e+02
   2.8745711e+02   2.2513555e+02
   2.9629236e+02   2.2479198e+02
   3.0506453e+02   2.2479614e+02
   3.1497821e+02   2.2571664e+02
   3.2466529e+02   2.2746935e+02
   2.3646884e+02   1.5470574e+02
   2.4914103e+02   1.4646789e+02
   2.6423828e+02   1.4798159e+02
   2.7388818e+02   1.5918312e+02
   2.6076552e+02   1.6119217e+02
   2.4756528e+02   1.6118424e+02
   3.3529916e+02   1.5957409e+02
   3.4613699e+02   1.4877076e+02
   3.6150627e+02   1.4738872e+02
   3.7428191e+02   1.5554251e+02
   3.6224453e+02   1.6171104e+02
   3.4869533e+02   1.6165167e+02
   2.6274356e+02   2.6630523e+02
   2.7345834e+02   2.5363586e+02
   2.8891889e+02   2.4791243e+02
   3.0515911e+02   2.5056350e+02
   3.2319257e+02   2.4726601e+02
   3.4005249e+02   2.5446852e+02
   3.4985361e+02   2.6944534e+02
   3.3595635e+02   2.7256219e+02
   3.2198467e+02   2.7585987e+02
   3.0774133e+02   2.7636621e+02
   2.9221609e+02   2.7500169e+02
   2.7726126e+02   2.7126517e+02
   2.8096021e+02   2.5893933e+02
   2.9325852e+02   2.5727246e+02
   3.0549667e+02   2.5889598e+02
   3.1825701e+02   2.5806416e+02
   3.3086242e+02   2.5925117e+02
   3.1814513e+02   2.5898841e+02
   3.0550273e+02   2.5980942e+02
   2.9318685e+02   2.5813142e+02
