   2.3838680e+02   2.2426194e+02
   2.4404688e+02   2.4633635e+02
   2.4990312e+02   2.6835680e+02
   2.5797640e+02   2.8949882e+02
   2.6978602e+02   3.0866496e+02
   2.8280178e+02   3.2732554e+02
   2.9959281e+02   3.4265246e+02
   3.1874212e+02   3.5471528e+02
   3.4072184e+02   3.5762172e+02
   3.6294386e+02   3.5384511e+02
   3.8230358e+02   3.4273210e+02
   3.9837120e+02   3.2701057e+02
   4.1100393e+02   3.0831075e+02
   4.2061715e+02   2.8808523e+02
   4.2598433e+02   2.6618936e+02
   4.3026715e+02   2.4429278e+02
   4.3223682e+02   2.2191878e+02
   2.5237002e+02   1.9081641e+02
   2.6557039e+02   1.8526646e+02
   2.7918304e+02   1.8129369e+02
   2.9342147e+02   1.8179057e+02
   3.0755875e+02   1.8318648e+02
   3.6236299e+02   1.7842621e+02
   3.7686241e+02   1.7535524e+02
   3.9138773e+02   1.7330187e+02
   4.0586610e+02   1.7556526e+02
   4.1918464e+02   1.8152042e+02
   3.3822311e+02   2.0851570e+02
   3.3923861e+02   2.2270531e+02
   3.4033461e+02   2.3681264e+02
   3.4031103e+02   2.5081211e+02
   3.1879291e+02   2.6207512e+02
   3.2938335e+02   2.6540095e+02
   3.4027918e+02   2.6703196e+02
   3.5093598e+02   2.6573025e+02
   3.6113695e+02   2.6264074e+02
   2.7617208e+02   2.1128740e+02
   2.8617910e+02   2.0437836e+02
   2.9835940e+02   2.0431865e+02
   3.0816665e+02   2.1130793e+02
   2.9768278e+02   2.1523982e+02
   2.8657871e+02   2.1517519e+02
   3.6692694e+02   2.0813822e+02
   3.7618838e+02   2.0017357e+02
   3.8855212e+02   1.9988360e+02
   3.9959783e+02   2.0542087e+02
   3.8951621e+02   2.1109852e+02
   3.7795544e+02   2.1163746e+02
   3.0024932e+02   2.9234306e+02
   3.1332677e+02   2.8720544e+02
   3.2682510e+02   2.8346667e+02
   3.4006996e+02   2.8684417e+02
   3.5285590e+02   2.8394667e+02
   3.6542243e+02   2.8841749e+02
   3.7784992e+02   2.9283243e+02
   3.6545576e+02   2.9851282e+02
   3.5323609e+02   3.0470355e+02
   3.3973342e+02   3.0645844e+02
   3.2562858e+02   3.0448198e+02
   3.1320270e+02   2.9744609e+02
   3.1284067e+02   2.9253359e+02
   3.2664620e+02   2.9184724e+02
   3.4023258e+02   2.9298856e+02
   3.5388039e+02   2.9202293e+02
   3.6728350e+02   2.9310289e+02
   3.5399273e+02   2.9314841e+02
   3.4031772e+02   2.9419479e+02
   3.2628359e+02   2.9294986e+02
