   2.3851592e+02   2.2469808e+02
   2.4446368e+02   2.4664505e+02
   2.5031616e+02   2.6852385e+02
   2.5832906e+02   2.8962094e+02
   2.7004304e+02   3.0884817e+02
   2.8301609e+02   3.2740242e+02
   2.9944082e+02   3.4296722e+02
   3.1877675e+02   3.5446884e+02
   3.4079356e+02   3.5752639e+02
   3.6304064e+02   3.5382311e+02
   3.8231902e+02   3.4242240e+02
   3.9845285e+02   3.2667761e+02
   4.1076643e+02   3.0782033e+02
   4.2122340e+02   2.8794389e+02
   4.2663085e+02   2.6601518e+02
   4.3048182e+02   2.4399642e+02
   4.3206701e+02   2.2153194e+02
   2.5222238e+02   1.9153176e+02
   2.6551844e+02   1.8545397e+02
   2.7933786e+02   1.8130097e+02
   2.9386932e+02   1.8187111e+02
   3.0824737e+02   1.8332311e+02
   3.6254738e+02   1.7860686e+02
   3.7692840e+02   1.7541379e+02
   3.9141675e+02   1.7348260e+02
   4.0581061e+02   1.7585267e+02
   4.1909713e+02   1.8166043e+02
   3.3810996e+02   2.0835484e+02
   3.3912043e+02   2.2252906e+02
   3.4021132e+02   2.3662111e+02
   3.4018391e+02   2.5060510e+02
   3.1878745e+02   2.6210370e+02
   3.2935350e+02   2.6538815e+02
   3.4020017e+02   2.6708577e+02
   3.5079921e+02   2.6576088e+02
   3.6089161e+02   2.6248186e+02
   2.7687057e+02   2.1108539e+02
   2.8661142e+02   2.0417177e+02
   2.9860030e+02   2.0426928e+02
   3.0808100e+02   2.1138750e+02
   2.9787350e+02   2.1528323e+02
   2.8700354e+02   2.1502610e+02
   3.6717902e+02   2.0843963e+02
   3.7605728e+02   2.0018185e+02
   3.8833912e+02   1.9978277e+02
   3.9917500e+02   2.0557433e+02
   3.8937947e+02   2.1122969e+02
   3.7802373e+02   2.1168520e+02
   3.0064474e+02   2.9022338e+02
   3.1366709e+02   2.8591296e+02
   3.2701849e+02   2.8253767e+02
   3.4005393e+02   2.8575273e+02
   3.5294178e+02   2.8317340e+02
   3.6563976e+02   2.8737793e+02
   3.7826425e+02   2.9121604e+02
   3.6664057e+02   2.9919461e+02
   3.5415304e+02   3.0640166e+02
   3.3997011e+02   3.0810561e+02
   3.2511183e+02   3.0607085e+02
   3.1235256e+02   2.9818414e+02
   3.1173574e+02   2.9138318e+02
   3.2611464e+02   2.9072918e+02
   3.4027570e+02   2.9174193e+02
   3.5431142e+02   2.9106109e+02
   3.6809743e+02   2.9226346e+02
   3.5480311e+02   2.9548381e+02
   3.4033232e+02   2.9690938e+02
   3.2550077e+02   2.9464376e+02
