   1.5546582e+02   2.4682481e+02
   1.5687046e+02   2.7467640e+02
   1.5714237e+02   3.0235751e+02
   1.6163664e+02   3.2976766e+02
   1.7134902e+02   3.5569625e+02
   1.8754442e+02   3.7843239e+02
   2.0856690e+02   3.9644768e+02
   2.3360177e+02   4.0785824e+02
   2.6112699e+02   4.0961503e+02
   2.8912374e+02   4.0872169e+02
   3.1468790e+02   3.9814791e+02
   3.3726560e+02   3.8169075e+02
   3.5520458e+02   3.6012268e+02
   3.6787260e+02   3.3531145e+02
   3.7081129e+02   3.0755102e+02
   3.7047565e+02   2.7960785e+02
   3.7208072e+02   2.5179970e+02
   1.6966344e+02   2.0622189e+02
   1.8303580e+02   1.9696057e+02
   1.9891940e+02   1.9381024e+02
   2.1459589e+02   1.9778236e+02
   2.2942848e+02   2.0457722e+02
   2.9018222e+02   2.0029439e+02
   3.0589146e+02   1.9293123e+02
   3.2304357e+02   1.9049880e+02
   3.3969017e+02   1.9499382e+02
   3.5391331e+02   2.0456873e+02
   2.6047330e+02   2.2900624e+02
   2.6010979e+02   2.4637931e+02
   2.5952955e+02   2.6359567e+02
   2.6014120e+02   2.8084457e+02
   2.4132414e+02   2.9768261e+02
   2.5122723e+02   3.0065422e+02
   2.6146118e+02   3.0098564e+02
   2.7280760e+02   3.0060361e+02
   2.8358340e+02   2.9768465e+02
   1.9047240e+02   2.3461619e+02
   2.0529857e+02   2.2534730e+02
   2.2274524e+02   2.2488684e+02
   2.3703029e+02   2.3428826e+02
   2.2145986e+02   2.3814534e+02
   2.0559093e+02   2.3901542e+02
   2.8754787e+02   2.3528067e+02
   3.0145783e+02   2.2609167e+02
   3.1807130e+02   2.2519760e+02
   3.3190441e+02   2.3408480e+02
   3.1765912e+02   2.3893953e+02
   3.0254727e+02   2.3744660e+02
   2.1888053e+02   3.3334725e+02
   2.3114790e+02   3.2379262e+02
   2.4633309e+02   3.2041675e+02
   2.6179517e+02   3.2178908e+02
   2.7740264e+02   3.2007253e+02
   2.9237891e+02   3.2531932e+02
   3.0468313e+02   3.3500440e+02
   2.9133420e+02   3.4325000e+02
   2.7582365e+02   3.4574047e+02
   2.6011613e+02   3.4574202e+02
   2.4508976e+02   3.4518324e+02
   2.3041208e+02   3.4248064e+02
   2.2939692e+02   3.3398105e+02
   2.3991332e+02   3.3389135e+02
   2.6053967e+02   3.3552385e+02
   2.8283418e+02   3.3653643e+02
   2.9375866e+02   3.3673472e+02
   2.8227736e+02   3.3693300e+02
   2.6013471e+02   3.3563686e+02
   2.3947549e+02   3.3407075e+02
