   1.5554208e+02   2.4639991e+02
   1.5668797e+02   2.7418737e+02
   1.5715781e+02   3.0174725e+02
   1.6090284e+02   3.2910006e+02
   1.7076588e+02   3.5487121e+02
   1.8777529e+02   3.7666857e+02
   2.0870357e+02   3.9472223e+02
   2.3370448e+02   4.0610775e+02
   2.6104264e+02   4.0805045e+02
   2.8876104e+02   4.0678938e+02
   3.1416680e+02   3.9644827e+02
   3.3663578e+02   3.8026490e+02
   3.5524970e+02   3.5976904e+02
   3.6737373e+02   3.3502816e+02
   3.7044111e+02   3.0755611e+02
   3.7013261e+02   2.7987333e+02
   3.7170972e+02   2.5236165e+02
   1.7117856e+02   2.0708889e+02
   1.8446118e+02   1.9806357e+02
   2.0016150e+02   1.9502554e+02
   2.1567923e+02   1.9873245e+02
   2.3039846e+02   2.0519670e+02
   2.8984889e+02   2.0094679e+02
   3.0547995e+02   1.9418243e+02
   3.2229332e+02   1.9189303e+02
   3.3867039e+02   1.9627248e+02
   3.5273950e+02   2.0557243e+02
   2.6046892e+02   2.2927801e+02
   2.6010205e+02   2.4647427e+02
   2.5952072e+02   2.6351532e+02
   2.6011915e+02   2.8058907e+02
   2.4128325e+02   2.9710692e+02
   2.5117347e+02   3.0016488e+02
   2.6141753e+02   3.0052585e+02
   2.7264873e+02   3.0015231e+02
   2.8331613e+02   2.9726741e+02
   1.9126971e+02   2.3493033e+02
   2.0565825e+02   2.2545034e+02
   2.2296070e+02   2.2526132e+02
   2.3726215e+02   2.3449680e+02
   2.2190819e+02   2.3782445e+02
   2.0632861e+02   2.3836168e+02
   2.8726562e+02   2.3549963e+02
   3.0110884e+02   2.2647566e+02
   3.1758180e+02   2.2560023e+02
   3.3127213e+02   2.3442498e+02
   3.1708982e+02   2.3896904e+02
   3.0206720e+02   2.3765816e+02
   2.1890973e+02   3.3271892e+02
   2.3104182e+02   3.2294120e+02
   2.4617130e+02   3.1925154e+02
   2.6161023e+02   3.2082554e+02
   2.7731863e+02   3.1909653e+02
   2.9230298e+02   3.2454259e+02
   3.0449713e+02   3.3450102e+02
   2.9091733e+02   3.4273617e+02
   2.7554385e+02   3.4646140e+02
   2.5975844e+02   3.4686865e+02
   2.4476816e+02   3.4596816e+02
   2.3052535e+02   3.4190279e+02
   2.2940420e+02   3.3299040e+02
   2.3989866e+02   3.3304125e+02
   2.6056427e+02   3.3467067e+02
   2.8266600e+02   3.3564189e+02
   2.9358156e+02   3.3569490e+02
   2.8221606e+02   3.3574791e+02
   2.6017380e+02   3.3434381e+02
   2.3951508e+02   3.3293954e+02
