   1.9377567e+02   1.7118883e+02
   1.9381384e+02   2.0027362e+02
   1.9401447e+02   2.2944247e+02
   1.9793770e+02   2.5798677e+02
   2.0705511e+02   2.8546781e+02
   2.2592688e+02   3.0742658e+02
   2.5051229e+02   3.2290462e+02
   2.7641929e+02   3.3557577e+02
   3.0476624e+02   3.4049264e+02
   3.3466101e+02   3.3759048e+02
   3.6170242e+02   3.2412266e+02
   3.8632419e+02   3.0682442e+02
   4.0720751e+02   2.8529058e+02
   4.1819068e+02   2.5713153e+02
   4.2165604e+02   2.2721432e+02
   4.2331291e+02   1.9723645e+02
   4.2389567e+02   1.6707076e+02
   2.1548125e+02   1.4190810e+02
   2.3029173e+02   1.3561096e+02
   2.4593031e+02   1.3221644e+02
   2.6166370e+02   1.3431650e+02
   2.7714241e+02   1.3846958e+02
   3.2571427e+02   1.3950965e+02
   3.4346502e+02   1.3525834e+02
   3.6154455e+02   1.3294456e+02
   3.7962825e+02   1.3537611e+02
   3.9668205e+02   1.4123455e+02
   3.0586091e+02   1.4727330e+02
   3.0585731e+02   1.6875510e+02
   3.0621303e+02   1.8988721e+02
   3.0585717e+02   2.1107726e+02
   2.8678423e+02   2.2700174e+02
   2.9538329e+02   2.2864732e+02
   3.0400721e+02   2.2941555e+02
   3.1404034e+02   2.2912355e+02
   3.2398874e+02   2.2803946e+02
   2.3649060e+02   1.6843940e+02
   2.5076266e+02   1.6670113e+02
   2.6502355e+02   1.6603506e+02
   2.7918461e+02   1.6709969e+02
   2.6489761e+02   1.6637176e+02
   2.5063290e+02   1.6715597e+02
   3.3467358e+02   1.6671964e+02
   3.4853847e+02   1.6707097e+02
   3.6228863e+02   1.6819932e+02
   3.7601347e+02   1.6913688e+02
   3.6212205e+02   1.6847206e+02
   3.4845311e+02   1.6740970e+02
   2.6335348e+02   2.6351530e+02
   2.7531410e+02   2.5227848e+02
   2.9102096e+02   2.4796841e+02
   3.0641746e+02   2.5249696e+02
   3.2210069e+02   2.4835008e+02
   3.3746661e+02   2.5370051e+02
   3.5051167e+02   2.6352082e+02
   3.3702471e+02   2.7264148e+02
   3.2202817e+02   2.7855179e+02
   3.0607195e+02   2.8074522e+02
   2.9041477e+02   2.7864106e+02
   2.7561755e+02   2.7311685e+02
   2.7403362e+02   2.6162562e+02
   2.8471377e+02   2.6145157e+02
   3.0572725e+02   2.6248602e+02
   3.2818601e+02   2.6173405e+02
   3.3934884e+02   2.6193880e+02
   3.2812000e+02   2.6214355e+02
   3.0572707e+02   2.6283060e+02
   2.8450171e+02   2.6179967e+02
