   1.9381462e+02   1.7244851e+02
   1.9406713e+02   2.0179274e+02
   1.9439911e+02   2.3119063e+02
   1.9872298e+02   2.6020764e+02
   2.0803743e+02   2.8784083e+02
   2.2717809e+02   3.0974084e+02
   2.5168563e+02   3.2547382e+02
   2.7796603e+02   3.3864207e+02
   3.0648483e+02   3.4257559e+02
   3.3655774e+02   3.3838641e+02
   3.6407065e+02   3.2681748e+02
   3.8716805e+02   3.0762003e+02
   4.0834536e+02   2.8601795e+02
   4.1885725e+02   2.5809381e+02
   4.2136742e+02   2.2800291e+02
   4.2250318e+02   1.9803903e+02
   4.2315944e+02   1.6791254e+02
   2.1433686e+02   1.4761674e+02
   2.3003327e+02   1.4064667e+02
   2.4663985e+02   1.3786129e+02
   2.6339862e+02   1.4051841e+02
   2.7908448e+02   1.4705333e+02
   3.2505102e+02   1.4599948e+02
   3.4235071e+02   1.4040924e+02
   3.6008197e+02   1.3768502e+02
   3.7797835e+02   1.3972818e+02
   3.9542033e+02   1.4403217e+02
   3.0516496e+02   1.5207061e+02
   3.0486441e+02   1.7389892e+02
   3.0457381e+02   1.9562497e+02
   3.0363951e+02   2.1710078e+02
   2.8459087e+02   2.2826707e+02
   2.9380972e+02   2.3184285e+02
   3.0341593e+02   2.3337468e+02
   3.1455636e+02   2.3170244e+02
   3.2501714e+02   2.2781388e+02
   2.3861532e+02   1.7045818e+02
   2.5203871e+02   1.6857567e+02
   2.6554289e+02   1.6787928e+02
   2.7903280e+02   1.6879799e+02
   2.6549982e+02   1.6807994e+02
   2.5193961e+02   1.6881008e+02
   3.3303834e+02   1.6905969e+02
   3.4660277e+02   1.6804346e+02
   3.6004612e+02   1.6889611e+02
   3.7354888e+02   1.6998609e+02
   3.6001040e+02   1.6893843e+02
   3.4644623e+02   1.6821487e+02
   2.6385605e+02   2.6586043e+02
   2.7468738e+02   2.5372433e+02
   2.9056220e+02   2.5014850e+02
   3.0668264e+02   2.5310785e+02
   3.2302616e+02   2.4995273e+02
   3.3886410e+02   2.5462493e+02
   3.5082896e+02   2.6591472e+02
   3.3670418e+02   2.7435036e+02
   3.2158312e+02   2.8036948e+02
   3.0543832e+02   2.8272941e+02
   2.9023996e+02   2.8054789e+02
   2.7605985e+02   2.7487539e+02
   2.7444522e+02   2.6409039e+02
   2.8503438e+02   2.6392207e+02
   3.0600152e+02   2.6553092e+02
   3.2851923e+02   2.6367801e+02
   3.3967410e+02   2.6399681e+02
   3.2840996e+02   2.6431560e+02
   3.0599634e+02   2.6586582e+02
   2.8481927e+02   2.6425872e+02
