   1.7071378e+02   2.1146671e+02
   1.7336199e+02   2.4385245e+02
   1.7936400e+02   2.7595482e+02
   1.8699193e+02   3.0749376e+02
   1.9820529e+02   3.3779559e+02
   2.1372436e+02   3.6620743e+02
   2.3685808e+02   3.8901774e+02
   2.6290133e+02   4.0821460e+02
   2.9384705e+02   4.1557285e+02
   3.2599916e+02   4.0590704e+02
   3.5314257e+02   3.8668444e+02
   3.7714202e+02   3.6305909e+02
   3.9028976e+02   3.3256330e+02
   3.9778362e+02   2.9992452e+02
   4.0314860e+02   2.6662339e+02
   4.0621236e+02   2.3326641e+02
   4.0616252e+02   1.9994621e+02
   1.8346153e+02   1.9956420e+02
   1.9929302e+02   1.8985834e+02
   2.1751258e+02   1.8665840e+02
   2.3591938e+02   1.8964916e+02
   2.5391553e+02   1.9374433e+02
   3.1526996e+02   1.8847897e+02
   3.3291051e+02   1.8012973e+02
   3.5165225e+02   1.7582840e+02
   3.7068576e+02   1.7891001e+02
   3.8389716e+02   1.9223746e+02
   2.8674171e+02   2.2419437e+02
   2.8757597e+02   2.4502905e+02
   2.8794738e+02   2.6598848e+02
   2.8845378e+02   2.8666929e+02
   2.5549162e+02   3.0617920e+02
   2.7209929e+02   3.0917211e+02
   2.8853704e+02   3.1144437e+02
   3.0516851e+02   3.0770813e+02
   3.2148697e+02   3.0306166e+02
   2.0947714e+02   2.2657344e+02
   2.2472082e+02   2.1917582e+02
   2.4157742e+02   2.2230228e+02
   2.5254723e+02   2.3484284e+02
   2.3725015e+02   2.3485400e+02
   2.2195351e+02   2.3457875e+02
   3.2174207e+02   2.2943759e+02
   3.3244701e+02   2.1671127e+02
   3.4893878e+02   2.1346292e+02
   3.6412626e+02   2.1966752e+02
   3.5151620e+02   2.2728082e+02
   3.3659555e+02   2.2875255e+02
   2.5171366e+02   3.4442879e+02
   2.6462573e+02   3.3666717e+02
   2.7808089e+02   3.3031729e+02
   2.9218725e+02   3.3336768e+02
   3.0585697e+02   3.2901307e+02
   3.1997799e+02   3.3227851e+02
   3.3289822e+02   3.3852623e+02
   3.2383884e+02   3.5253917e+02
   3.1053169e+02   3.6242022e+02
   2.9447593e+02   3.6614888e+02
   2.7806267e+02   3.6441501e+02
   2.6415148e+02   3.5533979e+02
   2.6603820e+02   3.4498140e+02
   2.7906158e+02   3.4122782e+02
   2.9244100e+02   3.4242585e+02
   3.0757079e+02   3.3973437e+02
   3.2266507e+02   3.4152260e+02
   3.0855711e+02   3.4906018e+02
   2.9297096e+02   3.5239561e+02
   2.7898621e+02   3.5018691e+02
