   1.8837688e+02   1.8225821e+02
   1.8951757e+02   2.1344705e+02
   1.9330929e+02   2.4439291e+02
   2.0018227e+02   2.7471485e+02
   2.0987497e+02   3.0399038e+02
   2.2401288e+02   3.3156501e+02
   2.4764429e+02   3.5150693e+02
   2.7514691e+02   3.6591750e+02
   3.0561206e+02   3.6831537e+02
   3.3739029e+02   3.6543753e+02
   3.6629938e+02   3.5210313e+02
   3.9134382e+02   3.3222986e+02
   4.1211903e+02   3.0794375e+02
   4.2141616e+02   2.7753851e+02
   4.2719532e+02   2.4584024e+02
   4.3090854e+02   2.1429164e+02
   4.3043791e+02   1.8236534e+02
   2.1457278e+02   1.4955235e+02
   2.3106033e+02   1.4652087e+02
   2.4760648e+02   1.4851527e+02
   2.6361973e+02   1.5327004e+02
   2.7814835e+02   1.6125714e+02
   3.3677175e+02   1.5885983e+02
   3.5199497e+02   1.5272991e+02
   3.6779662e+02   1.4965325e+02
   3.8404444e+02   1.5059433e+02
   4.0007554e+02   1.5342480e+02
   3.0424469e+02   1.8665713e+02
   3.0330466e+02   2.0810569e+02
   3.0287630e+02   2.2942961e+02
   3.0240181e+02   2.5071047e+02
   2.8247716e+02   2.5856035e+02
   2.9213292e+02   2.6359537e+02
   3.0257508e+02   2.6628165e+02
   3.1450893e+02   2.6399043e+02
   3.2548704e+02   2.5902530e+02
   2.2999402e+02   1.8493234e+02
   2.4624406e+02   1.7754874e+02
   2.6408060e+02   1.7892872e+02
   2.7711556e+02   1.9045351e+02
   2.6067023e+02   1.9329654e+02
   2.4430749e+02   1.9269987e+02
   3.3683382e+02   1.8931816e+02
   3.5053064e+02   1.7789846e+02
   3.6852789e+02   1.7865789e+02
   3.8387886e+02   1.8793664e+02
   3.6858710e+02   1.9276787e+02
   3.5241315e+02   1.9279166e+02
   2.6441112e+02   2.9709645e+02
   2.7714033e+02   2.9070260e+02
   2.9040304e+02   2.8555420e+02
   3.0405985e+02   2.8766686e+02
   3.1937464e+02   2.8410201e+02
   3.3450626e+02   2.8882033e+02
   3.4847373e+02   2.9639167e+02
   3.3481654e+02   3.0187671e+02
   3.2119786e+02   3.0725080e+02
   3.0690184e+02   3.1011513e+02
   2.9184575e+02   3.0907806e+02
   2.7738783e+02   3.0451654e+02
   2.8383451e+02   2.9583579e+02
   2.9458898e+02   2.9381690e+02
   3.0533109e+02   2.9514974e+02
   3.1694767e+02   2.9356217e+02
   3.2851346e+02   2.9460698e+02
   3.1681945e+02   2.9458788e+02
   3.0532894e+02   2.9601623e+02
   2.9456171e+02   2.9471367e+02
