   1.8873624e+02   1.8274976e+02
   1.8919413e+02   2.1362794e+02
   1.9299446e+02   2.4437094e+02
   2.0038287e+02   2.7422203e+02
   2.0995757e+02   3.0321687e+02
   2.2346394e+02   3.3073163e+02
   2.4749909e+02   3.4966498e+02
   2.7488038e+02   3.6382232e+02
   3.0508104e+02   3.6641368e+02
   3.3659029e+02   3.6353588e+02
   3.6508803e+02   3.4972105e+02
   3.9126495e+02   3.3148565e+02
   4.1194318e+02   3.0730504e+02
   4.2117711e+02   2.7706062e+02
   4.2729575e+02   2.4560021e+02
   4.3131407e+02   2.1425464e+02
   4.3078628e+02   1.8253113e+02
   2.1319040e+02   1.4646265e+02
   2.2989174e+02   1.4296868e+02
   2.4678923e+02   1.4417867e+02
   2.6310638e+02   1.4875976e+02
   2.7779522e+02   1.5693212e+02
   3.3775369e+02   1.5393681e+02
   3.5342285e+02   1.4828139e+02
   3.6964333e+02   1.4612819e+02
   3.8612878e+02   1.4753563e+02
   4.0229348e+02   1.5087070e+02
   3.0472893e+02   1.8325391e+02
   3.0342437e+02   2.0458171e+02
   3.0254099e+02   2.2566431e+02
   3.0218876e+02   2.4683203e+02
   2.8168155e+02   2.5543413e+02
   2.9152792e+02   2.6065991e+02
   3.0227066e+02   2.6318891e+02
   3.1434670e+02   2.6084356e+02
   3.2526727e+02   2.5542358e+02
   2.2928795e+02   1.8150199e+02
   2.4596098e+02   1.7422680e+02
   2.6413479e+02   1.7601095e+02
   2.7696394e+02   1.8824764e+02
   2.6016163e+02   1.9090267e+02
   2.4354176e+02   1.9000894e+02
   3.3627903e+02   1.8664689e+02
   3.5052345e+02   1.7538221e+02
   3.6879670e+02   1.7632381e+02
   3.8486856e+02   1.8512037e+02
   3.6904765e+02   1.8996207e+02
   3.5234025e+02   1.9008157e+02
   2.6381087e+02   2.9475070e+02
   2.7649317e+02   2.8822190e+02
   2.8974890e+02   2.8283642e+02
   3.0342888e+02   2.8497962e+02
   3.1872230e+02   2.8130442e+02
   3.3381899e+02   2.8620403e+02
   3.4779790e+02   2.9392065e+02
   3.3427494e+02   2.9996122e+02
   3.2069387e+02   3.0546941e+02
   3.0638554e+02   3.0832544e+02
   2.9119415e+02   3.0741015e+02
   2.7658748e+02   3.0272588e+02
   2.8333490e+02   2.9347852e+02
   2.9423198e+02   2.9132681e+02
   3.0510126e+02   2.9262896e+02
   3.1681337e+02   2.9132117e+02
   3.2848055e+02   2.9219262e+02
   3.1669324e+02   2.9217824e+02
   3.0510029e+02   2.9348433e+02
   2.9419630e+02   2.9222267e+02
