   1.8906270e+02   1.8387708e+02
   1.9229617e+02   2.1664794e+02
   1.9712895e+02   2.4885194e+02
   2.0307138e+02   2.8104796e+02
   2.1386994e+02   3.1165941e+02
   2.3103484e+02   3.3950411e+02
   2.5456122e+02   3.6202156e+02
   2.8397293e+02   3.7577970e+02
   3.1611748e+02   3.7663031e+02
   3.4832632e+02   3.7280676e+02
   3.7722660e+02   3.5888918e+02
   3.9925555e+02   3.3507069e+02
   4.1935051e+02   3.0985236e+02
   4.2733217e+02   2.7867163e+02
   4.3093439e+02   2.4652151e+02
   4.3313453e+02   2.1433802e+02
   4.3241964e+02   1.8214099e+02
   2.1898826e+02   1.6030100e+02
   2.3493641e+02   1.5810768e+02
   2.5087347e+02   1.6121447e+02
   2.6641063e+02   1.6601845e+02
   2.8092946e+02   1.7303301e+02
   3.3668827e+02   1.7247006e+02
   3.5103826e+02   1.6560177e+02
   3.6589833e+02   1.6011922e+02
   3.8150156e+02   1.5826260e+02
   3.9713420e+02   1.5986346e+02
   3.0872004e+02   1.9735019e+02
   3.0893441e+02   2.1958575e+02
   3.0976880e+02   2.4179835e+02
   3.0927926e+02   2.6377172e+02
   2.8896559e+02   2.7134551e+02
   2.9868061e+02   2.7581402e+02
   3.0905611e+02   2.7795120e+02
   3.2085649e+02   2.7554998e+02
   3.3212439e+02   2.7160657e+02
   2.3344474e+02   1.9659464e+02
   2.4871678e+02   1.8764756e+02
   2.6637222e+02   1.8793093e+02
   2.7946502e+02   1.9911931e+02
   2.6375768e+02   2.0347955e+02
   2.4766349e+02   2.0371562e+02
   3.4166378e+02   1.9869966e+02
   3.5349817e+02   1.8609024e+02
   3.7092179e+02   1.8504990e+02
   3.8474257e+02   1.9540584e+02
   3.7119884e+02   2.0133350e+02
   3.5631147e+02   2.0135582e+02
   2.7133877e+02   3.0551566e+02
   2.8379959e+02   2.9892998e+02
   2.9692614e+02   2.9417680e+02
   3.1054619e+02   2.9561206e+02
   3.2622924e+02   2.9245906e+02
   3.4186961e+02   2.9662292e+02
   3.5670439e+02   3.0275915e+02
   3.4220552e+02   3.0744500e+02
   3.2801649e+02   3.1295367e+02
   3.1320770e+02   3.1582345e+02
   2.9865704e+02   3.1504037e+02
   2.8465532e+02   3.1126492e+02
   2.8871917e+02   3.0397291e+02
   2.9989351e+02   3.0152564e+02
   3.1122568e+02   3.0261637e+02
   3.2204624e+02   3.0009774e+02
   3.3292427e+02   3.0122886e+02
   3.2189026e+02   3.0129657e+02
   3.1123018e+02   3.0356850e+02
   2.9989209e+02   3.0219117e+02
