   1.8821865e+02   1.8248469e+02
   1.9095846e+02   2.1580735e+02
   1.9635946e+02   2.4861797e+02
   2.0225737e+02   2.8117581e+02
   2.1324288e+02   3.1228617e+02
   2.3110554e+02   3.4027628e+02
   2.5505514e+02   3.6275612e+02
   2.8560690e+02   3.7554010e+02
   3.1847636e+02   3.7592893e+02
   3.5003732e+02   3.7153699e+02
   3.7748124e+02   3.5606894e+02
   4.0009880e+02   3.3357523e+02
   4.1945135e+02   3.0827791e+02
   4.2628621e+02   2.7723438e+02
   4.2914322e+02   2.4568319e+02
   4.3122540e+02   2.1383250e+02
   4.3068843e+02   1.8223352e+02
   2.1716323e+02   1.5866558e+02
   2.3331153e+02   1.5695824e+02
   2.4933086e+02   1.5923737e+02
   2.6498950e+02   1.6370526e+02
   2.7955626e+02   1.7055430e+02
   3.3605603e+02   1.7108098e+02
   3.5068717e+02   1.6493753e+02
   3.6575866e+02   1.6019719e+02
   3.8117819e+02   1.5695974e+02
   3.9663016e+02   1.5874490e+02
   3.1095095e+02   1.9562419e+02
   3.1087107e+02   2.1816127e+02
   3.1122544e+02   2.4042192e+02
   3.1070594e+02   2.6258048e+02
   2.8834334e+02   2.7225927e+02
   2.9845069e+02   2.7672619e+02
   3.0937787e+02   2.7789198e+02
   3.2138408e+02   2.7535842e+02
   3.3269710e+02   2.7127325e+02
   2.3144529e+02   1.9461624e+02
   2.4701140e+02   1.8507663e+02
   2.6520423e+02   1.8569194e+02
   2.7760123e+02   1.9853412e+02
   2.6164486e+02   2.0372985e+02
   2.4519373e+02   2.0360479e+02
   3.4067877e+02   1.9858027e+02
   3.5249680e+02   1.8585195e+02
   3.6984912e+02   1.8392810e+02
   3.8402631e+02   1.9366653e+02
   3.7067842e+02   2.0034053e+02
   3.5561790e+02   2.0042114e+02
   2.7118762e+02   3.0299485e+02
   2.8318658e+02   2.9607190e+02
   2.9609095e+02   2.9129704e+02
   3.0957587e+02   2.9231641e+02
   3.2551580e+02   2.8958773e+02
   3.4139528e+02   2.9396099e+02
   3.5695922e+02   2.9915797e+02
   3.4203823e+02   3.0442301e+02
   3.2737868e+02   3.1020449e+02
   3.1203868e+02   3.1276295e+02
   2.9778934e+02   3.1238750e+02
   2.8402862e+02   3.0887083e+02
   2.8646782e+02   3.0148977e+02
   2.9848414e+02   2.9834315e+02
   3.1074787e+02   2.9923756e+02
   3.2093999e+02   2.9681552e+02
   3.3123509e+02   2.9769030e+02
   3.2074268e+02   2.9765276e+02
   3.1074666e+02   3.0024073e+02
   2.9846535e+02   2.9874148e+02
