   1.8816221e+02   1.8203800e+02
   1.9007279e+02   2.1361597e+02
   1.9391972e+02   2.4482004e+02
   2.0028910e+02   2.7569908e+02
   2.1017127e+02   3.0531953e+02
   2.2506686e+02   3.3298218e+02
   2.4835955e+02   3.5398365e+02
   2.7609711e+02   3.6858149e+02
   3.0690978e+02   3.7070136e+02
   3.3900156e+02   3.6779084e+02
   3.6834668e+02   3.5487982e+02
   3.9217958e+02   3.3324771e+02
   4.1301946e+02   3.0878359e+02
   4.2231490e+02   2.7815015e+02
   4.2766279e+02   2.4617212e+02
   4.3100162e+02   2.1435750e+02
   4.3054913e+02   1.8219617e+02
   2.1613630e+02   1.5305765e+02
   2.3237228e+02   1.5036129e+02
   2.4859638e+02   1.5311810e+02
   2.6433022e+02   1.5804962e+02
   2.7875729e+02   1.6579592e+02
   3.3600627e+02   1.6400659e+02
   3.5080670e+02   1.5742034e+02
   3.6619210e+02   1.5331312e+02
   3.8221888e+02   1.5369920e+02
   3.9812352e+02   1.5604356e+02
   3.0419043e+02   1.9047694e+02
   3.0366480e+02   2.1209370e+02
   3.0374448e+02   2.3370630e+02
   3.0316746e+02   2.5514662e+02
   2.8375834e+02   2.6220275e+02
   2.9326397e+02   2.6704851e+02
   3.0345486e+02   2.6986645e+02
   3.1526119e+02   2.6762518e+02
   3.2632286e+02   2.6313930e+02
   2.3098686e+02   1.8886359e+02
   2.4679735e+02   1.8121785e+02
   2.6434998e+02   1.8216016e+02
   2.7757723e+02   1.9305075e+02
   2.6149394e+02   1.9613481e+02
   2.4536873e+02   1.9587915e+02
   3.3784367e+02   1.9234335e+02
   3.5091211e+02   1.8063877e+02
   3.6866704e+02   1.8110593e+02
   3.8326551e+02   1.9096662e+02
   3.6855652e+02   1.9588037e+02
   3.5293980e+02   1.9581999e+02
   2.6554832e+02   2.9995111e+02
   2.7832398e+02   2.9366442e+02
   2.9160043e+02   2.8874484e+02
   3.0525047e+02   2.9079505e+02
   3.2061317e+02   2.8733578e+02
   3.3581639e+02   2.9184986e+02
   3.4982460e+02   2.9922666e+02
   3.3599306e+02   3.0415767e+02
   3.2230631e+02   3.0942227e+02
   3.0799143e+02   3.1230966e+02
   2.9306678e+02   3.1117313e+02
   2.7875078e+02   3.0676560e+02
   2.8482322e+02   2.9867300e+02
   2.9546393e+02   2.9675954e+02
   3.0611521e+02   2.9810793e+02
   3.1762090e+02   2.9620246e+02
   3.2907843e+02   2.9741155e+02
   3.1748561e+02   2.9740064e+02
   3.0611287e+02   2.9898923e+02
   2.9544674e+02   2.9765020e+02
