   1.8919000e+02   1.8430604e+02
   1.9262714e+02   2.1696646e+02
   1.9733840e+02   2.4908720e+02
   2.0318057e+02   2.8124573e+02
   2.1393686e+02   3.1176210e+02
   2.3105427e+02   3.3953093e+02
   2.5433989e+02   3.6228839e+02
   2.8347837e+02   3.7637776e+02
   3.1548924e+02   3.7733161e+02
   3.4781086e+02   3.7353187e+02
   3.7699786e+02   3.5999131e+02
   3.9866805e+02   3.3560609e+02
   4.1893239e+02   3.1042497e+02
   4.2715660e+02   2.7924924e+02
   4.3085506e+02   2.4697089e+02
   4.3303147e+02   2.1477154e+02
   4.3230782e+02   1.8244669e+02
   2.1986491e+02   1.6156987e+02
   2.3586313e+02   1.5981558e+02
   2.5163527e+02   1.6334954e+02
   2.6702403e+02   1.6821335e+02
   2.8136354e+02   1.7530337e+02
   3.3675381e+02   1.7465150e+02
   3.5081961e+02   1.6740480e+02
   3.6548060e+02   1.6172362e+02
   3.8099006e+02   1.6003205e+02
   3.9659602e+02   1.6130528e+02
   3.0803177e+02   1.9857665e+02
   3.0836120e+02   2.2073491e+02
   3.0936285e+02   2.4294184e+02
   3.0884929e+02   2.6486206e+02
   2.8915063e+02   2.7209216e+02
   2.9866319e+02   2.7646288e+02
   3.0875491e+02   2.7882257e+02
   3.2045298e+02   2.7642530e+02
   3.3168302e+02   2.7255912e+02
   2.3393266e+02   1.9784283e+02
   2.4906482e+02   1.8929447e+02
   2.6640535e+02   1.8942519e+02
   2.7973973e+02   1.9989045e+02
   2.6416607e+02   2.0414098e+02
   2.4823924e+02   2.0446035e+02
   3.4173549e+02   1.9948788e+02
   3.5357417e+02   1.8713822e+02
   3.7084095e+02   1.8638233e+02
   3.8449929e+02   1.9669668e+02
   3.7097172e+02   2.0232611e+02
   3.5621128e+02   2.0231528e+02
   2.7132531e+02   3.0650008e+02
   2.8386698e+02   3.0002213e+02
   2.9701918e+02   2.9533034e+02
   3.1063670e+02   2.9684538e+02
   3.2624874e+02   2.9364088e+02
   3.4181895e+02   2.9772979e+02
   3.5647825e+02   3.0401888e+02
   3.4205829e+02   3.0847726e+02
   3.2797642e+02   3.1389327e+02
   3.1329806e+02   3.1681494e+02
   2.9873808e+02   3.1592364e+02
   2.8474292e+02   3.1211897e+02
   2.8907036e+02   3.0496552e+02
   3.0003525e+02   3.0268837e+02
   3.1114145e+02   3.0382575e+02
   3.2204887e+02   3.0124777e+02
   3.3300433e+02   3.0246476e+02
   3.2189981e+02   3.0254614e+02
   3.1114657e+02   3.0476825e+02
   3.0003814e+02   3.0340533e+02
