   1.9107815e+02   2.1379596e+02
   1.9276732e+02   2.5034331e+02
   1.9614437e+02   2.8664251e+02
   2.0358666e+02   3.2226231e+02
   2.1564223e+02   3.5673956e+02
   2.3462734e+02   3.8783921e+02
   2.6299430e+02   4.1043804e+02
   2.9711275e+02   4.2196325e+02
   3.3342645e+02   4.2328769e+02
   3.6819404e+02   4.1841043e+02
   4.0068779e+02   4.0514401e+02
   4.2760131e+02   3.8288506e+02
   4.4602731e+02   3.5326424e+02
   4.5583820e+02   3.1954254e+02
   4.6063789e+02   2.8483398e+02
   4.6221518e+02   2.4989023e+02
   4.6142371e+02   2.1490783e+02
   2.1971792e+02   1.7998175e+02
   2.3762411e+02   1.6809404e+02
   2.5883238e+02   1.6439221e+02
   2.8048746e+02   1.6489668e+02
   3.0186601e+02   1.6820313e+02
   3.5686883e+02   1.6906067e+02
   3.7563865e+02   1.6571278e+02
   3.9474981e+02   1.6492267e+02
   4.1362515e+02   1.6661601e+02
   4.3030292e+02   1.7514928e+02
   3.2694666e+02   1.8276382e+02
   3.2725030e+02   2.0730780e+02
   3.2748146e+02   2.3192920e+02
   3.2746720e+02   2.5632340e+02
   3.0446227e+02   2.8436735e+02
   3.1690714e+02   2.8401761e+02
   3.2925267e+02   2.8403065e+02
   3.4238762e+02   2.8397482e+02
   3.5533162e+02   2.8395862e+02
   2.4240315e+02   2.0767790e+02
   2.5777946e+02   1.9842759e+02
   2.7580220e+02   1.9961670e+02
   2.9045635e+02   2.0993967e+02
   2.7381497e+02   2.1445826e+02
   2.5691083e+02   2.1569728e+02
   3.6165354e+02   2.0903197e+02
   3.7659289e+02   1.9791009e+02
   3.9508155e+02   1.9637557e+02
   4.1056861e+02   2.0599443e+02
   3.9499431e+02   2.1228611e+02
   3.7815728e+02   2.1207231e+02
   2.8006978e+02   3.3279089e+02
   2.9478374e+02   3.2100860e+02
   3.1223674e+02   3.1390880e+02
   3.3079446e+02   3.1347564e+02
   3.4972789e+02   3.1106151e+02
   3.6817030e+02   3.1552095e+02
   3.8406581e+02   3.2557688e+02
   3.6755659e+02   3.3430453e+02
   3.4938045e+02   3.3845516e+02
   3.3079014e+02   3.3906342e+02
   3.1359019e+02   3.3900486e+02
   2.9656661e+02   3.3702705e+02
   2.9258760e+02   3.2698174e+02
   3.0510543e+02   3.2656120e+02
   3.3071116e+02   3.2434440e+02
   3.5765016e+02   3.2302772e+02
   3.7085799e+02   3.2327984e+02
   3.5722377e+02   3.2353196e+02
   3.3071068e+02   3.2576113e+02
   3.0500188e+02   3.2740228e+02
