   2.0203331e+02   1.4780670e+02
   2.0161579e+02   1.7707857e+02
   2.0407152e+02   2.0599964e+02
   2.0984105e+02   2.3459766e+02
   2.1960712e+02   2.6216861e+02
   2.3527635e+02   2.8646604e+02
   2.5339899e+02   3.0939480e+02
   2.7547676e+02   3.2811914e+02
   3.0352092e+02   3.3374324e+02
   3.3209491e+02   3.2685161e+02
   3.5606097e+02   3.0906193e+02
   3.7737351e+02   2.8855271e+02
   3.9527754e+02   2.6473063e+02
   4.0522158e+02   2.3679958e+02
   4.1144054e+02   2.0784386e+02
   4.1479829e+02   1.7817452e+02
   4.1339403e+02   1.4873110e+02
   2.1727751e+02   1.1195574e+02
   2.2616099e+02   1.0433000e+02
   2.3781441e+02   1.0255410e+02
   2.4962164e+02   1.0375116e+02
   2.6103432e+02   1.0733269e+02
   3.3979700e+02   9.9817946e+01
   3.5250752e+02   9.5668485e+01
   3.6567335e+02   9.3915642e+01
   3.7799788e+02   9.8398163e+01
   3.8713568e+02   1.0794544e+02
   2.9887119e+02   1.2937914e+02
   2.9908786e+02   1.5082456e+02
   2.9968831e+02   1.7195819e+02
   3.0029501e+02   1.9320172e+02
   2.7952959e+02   2.1125595e+02
   2.9088791e+02   2.1175998e+02
   3.0208854e+02   2.1190128e+02
   3.1397513e+02   2.1145911e+02
   3.2566210e+02   2.1070832e+02
   2.3152959e+02   1.4455028e+02
   2.4326977e+02   1.3661172e+02
   2.5739695e+02   1.3604675e+02
   2.6960205e+02   1.4288003e+02
   2.5685341e+02   1.4570111e+02
   2.4407301e+02   1.4732171e+02
   3.3236351e+02   1.4288598e+02
   3.4551029e+02   1.3537597e+02
   3.6044819e+02   1.3428217e+02
   3.7315080e+02   1.4189636e+02
   3.5973248e+02   1.4508285e+02
   3.4602625e+02   1.4440981e+02
   2.6159581e+02   2.5220005e+02
   2.7371755e+02   2.4199162e+02
   2.8770479e+02   2.3522219e+02
   3.0320311e+02   2.3518951e+02
   3.1856046e+02   2.3493034e+02
   3.3267418e+02   2.4061769e+02
   3.4395756e+02   2.5077542e+02
   3.3200488e+02   2.6062818e+02
   3.1798565e+02   2.6725655e+02
   3.0347312e+02   2.7223461e+02
   2.8770390e+02   2.6954902e+02
   2.7345839e+02   2.6258840e+02
   2.7206856e+02   2.5137966e+02
   2.8254131e+02   2.5119443e+02
   3.0336154e+02   2.5036003e+02
   3.2380607e+02   2.5053495e+02
   3.3388181e+02   2.5072094e+02
   3.2349960e+02   2.5090693e+02
   3.0336156e+02   2.5073617e+02
   2.8233195e+02   2.5156489e+02
