   1.5155139e+02   1.9699831e+02
   1.5570151e+02   2.3011994e+02
   1.6122958e+02   2.6301243e+02
   1.6946779e+02   2.9563430e+02
   1.8123517e+02   3.2637911e+02
   2.0267695e+02   3.5178303e+02
   2.2857073e+02   3.7296249e+02
   2.5748934e+02   3.8998721e+02
   2.8970916e+02   3.9562548e+02
   3.2145532e+02   3.8752466e+02
   3.4850505e+02   3.6853476e+02
   3.7160917e+02   3.4506302e+02
   3.8838368e+02   3.1694000e+02
   3.9957894e+02   2.8594979e+02
   4.0234746e+02   2.5312204e+02
   4.0569666e+02   2.2044950e+02
   4.0825075e+02   1.8772190e+02
   1.7362313e+02   1.6248884e+02
   1.9005884e+02   1.5133869e+02
   2.0955402e+02   1.4730875e+02
   2.2955965e+02   1.4590682e+02
   2.4906569e+02   1.4912547e+02
   3.0037631e+02   1.4667159e+02
   3.2055062e+02   1.4245691e+02
   3.4107031e+02   1.4173335e+02
   3.6138541e+02   1.4438668e+02
   3.7925837e+02   1.5414755e+02
   2.7437721e+02   1.8086074e+02
   2.7425535e+02   2.0061226e+02
   2.7579313e+02   2.2021748e+02
   2.7531464e+02   2.3974554e+02
   2.5599853e+02   2.5861285e+02
   2.6636890e+02   2.6225257e+02
   2.7716143e+02   2.6228693e+02
   2.8854969e+02   2.6229269e+02
   2.9970283e+02   2.6044013e+02
   2.0261416e+02   1.9146279e+02
   2.1473433e+02   1.7652437e+02
   2.3397138e+02   1.7556132e+02
   2.4861703e+02   1.8776893e+02
   2.3355662e+02   1.9165912e+02
   2.1812049e+02   1.9249982e+02
   3.0758685e+02   1.8438857e+02
   3.2043826e+02   1.7066838e+02
   3.3910871e+02   1.7020507e+02
   3.5302149e+02   1.8253586e+02
   3.3844380e+02   1.8746762e+02
   3.2291070e+02   1.8654305e+02
   2.4102626e+02   3.1330870e+02
   2.5159173e+02   2.9939223e+02
   2.6521050e+02   2.8906690e+02
   2.8097108e+02   2.9324658e+02
   2.9779387e+02   2.8845038e+02
   3.1359704e+02   2.9665954e+02
   3.2548974e+02   3.1000128e+02
   3.1313948e+02   3.2073935e+02
   2.9947802e+02   3.2989990e+02
   2.8366980e+02   3.3288428e+02
   2.6788598e+02   3.3035381e+02
   2.5371173e+02   3.2271499e+02
   2.5969458e+02   3.0989687e+02
   2.7034233e+02   3.0411280e+02
   2.8223083e+02   3.0392454e+02
   2.9369752e+02   3.0321864e+02
   3.0417751e+02   3.0826078e+02
   2.9400725e+02   3.1275719e+02
   2.8331843e+02   3.1442739e+02
   2.7118974e+02   3.1330539e+02
