   1.6029921e+02   2.2881778e+02
   1.5973506e+02   2.5652286e+02
   1.6535406e+02   2.8379237e+02
   1.7367001e+02   3.1030800e+02
   1.8626942e+02   3.3505816e+02
   2.0279061e+02   3.5764574e+02
   2.2346292e+02   3.7609896e+02
   2.4771892e+02   3.8935257e+02
   2.7496553e+02   3.9374348e+02
   3.0286088e+02   3.8727200e+02
   3.2648652e+02   3.6992082e+02
   3.4888186e+02   3.5147630e+02
   3.6604526e+02   3.2817411e+02
   3.7886790e+02   3.0193941e+02
   3.8689084e+02   2.7406341e+02
   3.9690833e+02   2.4653854e+02
   4.0050300e+02   2.1819394e+02
   1.7845310e+02   1.9570442e+02
   1.9172621e+02   1.8522707e+02
   2.0913435e+02   1.8439607e+02
   2.2638012e+02   1.8580795e+02
   2.4288070e+02   1.9072576e+02
   3.0038564e+02   1.8610347e+02
   3.1930314e+02   1.8155289e+02
   3.3851557e+02   1.7959137e+02
   3.5780826e+02   1.8078823e+02
   3.7051112e+02   1.9414965e+02
   2.7349759e+02   2.1910346e+02
   2.7328571e+02   2.3454784e+02
   2.7277768e+02   2.4984898e+02
   2.7220190e+02   2.6501289e+02
   2.4167615e+02   2.8526190e+02
   2.5664049e+02   2.9151036e+02
   2.7246048e+02   2.9309906e+02
   2.8754402e+02   2.9083695e+02
   3.0076969e+02   2.8376422e+02
   1.9890788e+02   2.1680079e+02
   2.1341480e+02   2.0956871e+02
   2.2945140e+02   2.1189983e+02
   2.4221184e+02   2.2194994e+02
   2.2722480e+02   2.2397176e+02
   2.1216595e+02   2.2334514e+02
   3.0985406e+02   2.1637948e+02
   3.2262727e+02   2.0630871e+02
   3.3884923e+02   2.0582108e+02
   3.5255639e+02   2.1417061e+02
   3.3837077e+02   2.1864609e+02
   3.2366857e+02   2.2086960e+02
   2.1830520e+02   3.0996496e+02
   2.3528912e+02   3.0332281e+02
   2.5376969e+02   3.0284397e+02
   2.7190736e+02   3.0437002e+02
   2.9228453e+02   3.0240711e+02
   3.1267794e+02   3.0323028e+02
   3.3278168e+02   3.0557504e+02
   3.1758762e+02   3.2488162e+02
   2.9785087e+02   3.3919680e+02
   2.7464946e+02   3.4604144e+02
   2.5129681e+02   3.4131812e+02
   2.3098411e+02   3.2958566e+02
   2.2538696e+02   3.1173150e+02
   2.4923092e+02   3.1067342e+02
   2.7255554e+02   3.1352774e+02
   2.9841762e+02   3.0993134e+02
   3.2428682e+02   3.0829387e+02
   3.0063857e+02   3.2461163e+02
   2.7309233e+02   3.3105512e+02
   2.4715922e+02   3.2655462e+02
