   1.8052585e+02   1.9765380e+02
   1.8365569e+02   2.2849339e+02
   1.8977431e+02   2.5864428e+02
   1.9578770e+02   2.8884209e+02
   2.0690753e+02   3.1762575e+02
   2.2423696e+02   3.4285614e+02
   2.4522715e+02   3.6560611e+02
   2.7120169e+02   3.8177873e+02
   3.0129138e+02   3.8460908e+02
   3.2980125e+02   3.7860049e+02
   3.5475336e+02   3.6311627e+02
   3.7527487e+02   3.4231686e+02
   3.8786541e+02   3.1615558e+02
   3.9685616e+02   2.8832780e+02
   4.0084300e+02   2.5920003e+02
   4.0470936e+02   2.3024578e+02
   4.0828432e+02   2.0121391e+02
   2.0089818e+02   1.5969092e+02
   2.1711919e+02   1.4942109e+02
   2.3620945e+02   1.4595996e+02
   2.5546635e+02   1.4524339e+02
   2.7322010e+02   1.5208754e+02
   3.1597528e+02   1.5607652e+02
   3.3436501e+02   1.4825763e+02
   3.5380007e+02   1.4527848e+02
   3.7335371e+02   1.4850875e+02
   3.8829917e+02   1.6085997e+02
   2.9679934e+02   1.7925492e+02
   2.9722093e+02   1.9760435e+02
   2.9802293e+02   2.1579328e+02
   2.9720759e+02   2.3399667e+02
   2.7402775e+02   2.4879127e+02
   2.8533085e+02   2.4879023e+02
   2.9641090e+02   2.4958023e+02
   3.0706820e+02   2.5034723e+02
   3.1758858e+02   2.5077560e+02
   2.1808346e+02   1.8206442e+02
   2.3311096e+02   1.7023862e+02
   2.5221765e+02   1.7088221e+02
   2.6603274e+02   1.8365512e+02
   2.4991993e+02   1.8748524e+02
   2.3335753e+02   1.8773029e+02
   3.2275311e+02   1.8285196e+02
   3.3767331e+02   1.7191055e+02
   3.5587032e+02   1.7097749e+02
   3.6992212e+02   1.8243994e+02
   3.5449697e+02   1.8855762e+02
   3.3811584e+02   1.8852782e+02
   2.5088827e+02   2.9957174e+02
   2.6139961e+02   2.8405743e+02
   2.7729181e+02   2.7471251e+02
   2.9576699e+02   2.7437227e+02
   3.1371857e+02   2.7434819e+02
   3.2794084e+02   2.8580212e+02
   3.4108089e+02   2.9865264e+02
   3.3301140e+02   3.1760517e+02
   3.1725083e+02   3.3077952e+02
   2.9714443e+02   3.3252198e+02
   2.7695294e+02   3.2868648e+02
   2.6008386e+02   3.1741638e+02
   2.6046862e+02   2.9774280e+02
   2.7569771e+02   2.8423021e+02
   2.9577642e+02   2.8396684e+02
   3.1567867e+02   2.8545769e+02
   3.2969403e+02   2.9957017e+02
   3.1485287e+02   3.1431865e+02
   2.9440943e+02   3.1696559e+02
   2.7414784e+02   3.1285063e+02
