   1.8065086e+02   1.9764291e+02
   1.8368336e+02   2.2764377e+02
   1.9071049e+02   2.5689179e+02
   1.9825612e+02   2.8607221e+02
   2.0753611e+02   3.1463063e+02
   2.2279097e+02   3.4062764e+02
   2.4293495e+02   3.6279673e+02
   2.6962144e+02   3.7606992e+02
   2.9908341e+02   3.8152235e+02
   3.2782911e+02   3.7650914e+02
   3.5383840e+02   3.6338898e+02
   3.7221154e+02   3.4081596e+02
   3.8621844e+02   3.1528843e+02
   3.9459401e+02   2.8735296e+02
   4.0016145e+02   2.5876504e+02
   4.0479425e+02   2.2997204e+02
   4.0833324e+02   2.0118881e+02
   2.0101419e+02   1.5969159e+02
   2.1722919e+02   1.4942426e+02
   2.3631286e+02   1.4596321e+02
   2.5556327e+02   1.4524577e+02
   2.7331146e+02   1.5208662e+02
   3.1605255e+02   1.5607182e+02
   3.3443567e+02   1.4825450e+02
   3.5386405e+02   1.4527524e+02
   3.7341132e+02   1.4850330e+02
   3.8835248e+02   1.6084953e+02
   2.9688435e+02   1.7924355e+02
   2.9730685e+02   1.9758681e+02
   2.9810961e+02   2.1576960e+02
   2.9729559e+02   2.3396694e+02
   2.7417539e+02   2.4870554e+02
   2.8545147e+02   2.4872968e+02
   2.9650006e+02   2.4954533e+02
   3.0715383e+02   2.5031146e+02
   3.1767072e+02   2.5073909e+02
   2.1819500e+02   1.8205660e+02
   2.3324924e+02   1.7022527e+02
   2.5238055e+02   1.7079934e+02
   2.6612831e+02   1.8364404e+02
   2.5001337e+02   1.8741142e+02
   2.3346681e+02   1.8767755e+02
   3.2297609e+02   1.8279595e+02
   3.3732247e+02   1.7064943e+02
   3.5599671e+02   1.7027225e+02
   3.6998282e+02   1.8242333e+02
   3.5460263e+02   1.8853296e+02
   3.3827236e+02   1.8852530e+02
   2.5455105e+02   2.9299407e+02
   2.6700159e+02   2.8190333e+02
   2.8115741e+02   2.7337626e+02
   2.9723472e+02   2.7457732e+02
   3.1290929e+02   2.7388919e+02
   3.2586926e+02   2.8340683e+02
   3.3796031e+02   2.9393601e+02
   3.2661485e+02   3.0630308e+02
   3.1149421e+02   3.1366626e+02
   2.9482258e+02   3.1396612e+02
   2.7884512e+02   3.1221466e+02
   2.6445685e+02   3.0524292e+02
   2.7057721e+02   2.9098362e+02
   2.8180830e+02   2.8213806e+02
   2.9571919e+02   2.8427351e+02
   3.0979232e+02   2.8382284e+02
   3.2162423e+02   2.9108300e+02
   3.0884510e+02   2.9556242e+02
   2.9524153e+02   2.9543732e+02
   2.8250889e+02   2.9437833e+02
