   2.5906598e+02   2.3823049e+02
   2.6258794e+02   2.7167222e+02
   2.6921054e+02   3.0464443e+02
   2.7811825e+02   3.3687510e+02
   2.9129201e+02   3.6813011e+02
   3.1109947e+02   3.9506251e+02
   3.3868994e+02   4.1367439e+02
   3.7153307e+02   4.2105420e+02
   4.0480118e+02   4.2263744e+02
   4.3643614e+02   4.1804662e+02
   4.6454189e+02   4.0298817e+02
   4.8662201e+02   3.8009565e+02
   5.0280144e+02   3.5236942e+02
   5.1208676e+02   3.2202545e+02
   5.1731637e+02   2.9024275e+02
   5.2184870e+02   2.5877313e+02
   5.2304571e+02   2.2689452e+02
   2.7880171e+02   2.0736096e+02
   3.0056633e+02   1.9158901e+02
   3.2693816e+02   1.8577901e+02
   3.5400391e+02   1.8616393e+02
   3.8064805e+02   1.8941998e+02
   4.1494484e+02   1.8963538e+02
   4.3770133e+02   1.8362998e+02
   4.6051517e+02   1.7835227e+02
   4.8357805e+02   1.7953334e+02
   5.0269739e+02   1.9209798e+02
   3.9867687e+02   2.2548591e+02
   3.9942643e+02   2.4371456e+02
   4.0000988e+02   2.6178746e+02
   4.0097868e+02   2.7994745e+02
   3.7389178e+02   3.1093070e+02
   3.8756516e+02   3.1116709e+02
   4.0104357e+02   3.1173920e+02
   4.1187149e+02   3.1059104e+02
   4.2261202e+02   3.0973212e+02
   3.0916129e+02   2.3361095e+02
   3.2521955e+02   2.1945881e+02
   3.4651326e+02   2.1848386e+02
   3.6477432e+02   2.2937381e+02
   3.4688132e+02   2.3604290e+02
   3.2796103e+02   2.3625685e+02
   4.2490378e+02   2.2692841e+02
   4.4012860e+02   2.1329473e+02
   4.6044032e+02   2.1202759e+02
   4.7816417e+02   2.2197120e+02
   4.6114928e+02   2.2884822e+02
   4.4296310e+02   2.2998320e+02
   3.4565894e+02   3.6027982e+02
   3.6064776e+02   3.4682943e+02
   3.7928680e+02   3.3887033e+02
   3.9923880e+02   3.3786655e+02
   4.1847157e+02   3.3945479e+02
   4.3672168e+02   3.4596428e+02
   4.5077599e+02   3.5887349e+02
   4.3318821e+02   3.5928005e+02
   4.1677438e+02   3.6450434e+02
   3.9995542e+02   3.6769311e+02
   3.8195057e+02   3.6455466e+02
   3.6387612e+02   3.6131068e+02
   3.7031390e+02   3.4975008e+02
   3.8483381e+02   3.4866072e+02
   3.9904895e+02   3.5179425e+02
   4.1184111e+02   3.4933424e+02
   4.2484473e+02   3.4972752e+02
   4.1193074e+02   3.5066915e+02
   3.9937622e+02   3.5375848e+02
   3.8494964e+02   3.5015199e+02
