   2.6048066e+02   2.3911592e+02
   2.6298090e+02   2.7251361e+02
   2.6967511e+02   3.0538165e+02
   2.7791049e+02   3.3792516e+02
   2.9166600e+02   3.6823051e+02
   3.1217139e+02   3.9456694e+02
   3.4010918e+02   4.1273470e+02
   3.7231414e+02   4.2171306e+02
   4.0547576e+02   4.2414326e+02
   4.3706934e+02   4.1822404e+02
   4.6528713e+02   4.0343059e+02
   4.8693966e+02   3.7988165e+02
   5.0293959e+02   3.5193244e+02
   5.1271213e+02   3.2132444e+02
   5.1851985e+02   2.8999007e+02
   5.2227508e+02   2.5804384e+02
   5.2303032e+02   2.2610140e+02
   2.8000143e+02   2.0964084e+02
   3.0124118e+02   1.9468283e+02
   3.2601057e+02   1.8755839e+02
   3.5178505e+02   1.8738787e+02
   3.7750044e+02   1.8846777e+02
   4.1312336e+02   1.8776998e+02
   4.3627685e+02   1.8410649e+02
   4.5929072e+02   1.7931133e+02
   4.8243563e+02   1.8160072e+02
   5.0312792e+02   1.9226214e+02
   3.9915802e+02   2.2451580e+02
   4.0030476e+02   2.4329975e+02
   4.0156985e+02   2.6186459e+02
   4.0284914e+02   2.8047148e+02
   3.7748309e+02   3.1138988e+02
   3.9007241e+02   3.1220740e+02
   4.0252612e+02   3.1223782e+02
   4.1314249e+02   3.1166802e+02
   4.2355914e+02   3.1081867e+02
   3.0872562e+02   2.3443082e+02
   3.2635974e+02   2.2138396e+02
   3.4805112e+02   2.2001125e+02
   3.6659390e+02   2.3103256e+02
   3.4779252e+02   2.3738417e+02
   3.2801704e+02   2.3855333e+02
   4.2305395e+02   2.2730008e+02
   4.3980486e+02   2.1229567e+02
   4.6210724e+02   2.1094194e+02
   4.8027813e+02   2.2370702e+02
   4.6166797e+02   2.2962983e+02
   4.4221308e+02   2.3030146e+02
   3.5035442e+02   3.5995962e+02
   3.6517763e+02   3.4777657e+02
   3.8278264e+02   3.4056530e+02
   4.0159836e+02   3.3910995e+02
   4.1894618e+02   3.4077119e+02
   4.3501257e+02   3.4671421e+02
   4.4839322e+02   3.5753722e+02
   4.3250135e+02   3.5972412e+02
   4.1802230e+02   3.6711132e+02
   4.0274541e+02   3.7168384e+02
   3.8481332e+02   3.6966107e+02
   3.6797483e+02   3.6256678e+02
   3.7276421e+02   3.5061398e+02
   3.8740056e+02   3.4974048e+02
   4.0156355e+02   3.5301693e+02
   4.1297638e+02   3.5010531e+02
   4.2448232e+02   3.5179252e+02
   4.1272799e+02   3.5239525e+02
   4.0154968e+02   3.5565119e+02
   3.8724608e+02   3.5203650e+02
