   1.8598918e+02   2.1311151e+02
   1.8819088e+02   2.4328748e+02
   1.9611613e+02   2.7258926e+02
   2.0501269e+02   3.0135619e+02
   2.1636544e+02   3.2943798e+02
   2.3145099e+02   3.5561118e+02
   2.5285311e+02   3.7680092e+02
   2.7848488e+02   3.9285889e+02
   3.0787522e+02   3.9766398e+02
   3.3651786e+02   3.9175811e+02
   3.6139336e+02   3.7687061e+02
   3.8021368e+02   3.5455886e+02
   3.9678653e+02   3.3046224e+02
   4.0820347e+02   3.0371779e+02
   4.1386430e+02   2.7497837e+02
   4.1814254e+02   2.4621600e+02
   4.2204327e+02   2.1744392e+02
   2.0966541e+02   1.8180293e+02
   2.2185290e+02   1.7492158e+02
   2.3511760e+02   1.7086255e+02
   2.4873617e+02   1.6842070e+02
   2.6241253e+02   1.7014829e+02
   3.3349569e+02   1.6921252e+02
   3.4883596e+02   1.6746055e+02
   3.6415868e+02   1.6688477e+02
   3.7881234e+02   1.7129427e+02
   3.9251379e+02   1.7811929e+02
   2.9775231e+02   2.0678711e+02
   2.9865098e+02   2.2801368e+02
   2.9896115e+02   2.4916220e+02
   2.9913069e+02   2.7026986e+02
   2.7684149e+02   2.8179061e+02
   2.8725556e+02   2.8693244e+02
   2.9863581e+02   2.8760056e+02
   3.1246395e+02   2.8570148e+02
   3.2449118e+02   2.7874398e+02
   2.3248260e+02   2.1040188e+02
   2.4355719e+02   1.9734297e+02
   2.6117152e+02   1.9968640e+02
   2.7361382e+02   2.1216606e+02
   2.5986515e+02   2.1664413e+02
   2.4532787e+02   2.1646499e+02
   3.2994298e+02   2.0989773e+02
   3.4303803e+02   1.9845632e+02
   3.6035540e+02   1.9632403e+02
   3.7330692e+02   2.0718992e+02
   3.5974590e+02   2.1393583e+02
   3.4440669e+02   2.1427966e+02
   2.6388232e+02   3.2421052e+02
   2.7617811e+02   3.1627987e+02
   2.8933226e+02   3.1032979e+02
   3.0307950e+02   3.1333217e+02
   3.1542841e+02   3.0794770e+02
   3.2859543e+02   3.1207504e+02
   3.4100073e+02   3.1790329e+02
   3.2977681e+02   3.2763728e+02
   3.1683622e+02   3.3481851e+02
   3.0302427e+02   3.4001459e+02
   2.8896023e+02   3.3763603e+02
   2.7612088e+02   3.3149883e+02
   2.7993718e+02   3.2214092e+02
   2.9146099e+02   3.1732362e+02
   3.0368236e+02   3.1968676e+02
   3.1429936e+02   3.1557360e+02
   3.2499623e+02   3.1893236e+02
   3.1407623e+02   3.2299909e+02
   3.0279903e+02   3.2486618e+02
   2.9116724e+02   3.2458558e+02
