   1.8579163e+02   2.1350737e+02
   1.8799066e+02   2.4377657e+02
   1.9588780e+02   2.7302667e+02
   2.0482344e+02   3.0197227e+02
   2.1615396e+02   3.2999585e+02
   2.3125965e+02   3.5619856e+02
   2.5342470e+02   3.7659714e+02
   2.7928411e+02   3.9229004e+02
   3.0870165e+02   3.9698091e+02
   3.3720089e+02   3.9192521e+02
   3.6182298e+02   3.7674657e+02
   3.8040234e+02   3.5450126e+02
   3.9683534e+02   3.3051745e+02
   4.0809612e+02   3.0387753e+02
   4.1370127e+02   2.7528824e+02
   4.1798512e+02   2.4660740e+02
   4.2188071e+02   2.1799782e+02
   2.0949252e+02   1.8220955e+02
   2.2168655e+02   1.7533522e+02
   2.3495609e+02   1.7128437e+02
   2.4857847e+02   1.6885121e+02
   2.6225588e+02   1.7058819e+02
   3.3335107e+02   1.6969965e+02
   3.4869496e+02   1.6795763e+02
   3.6402053e+02   1.6739197e+02
   3.7867360e+02   1.7181195e+02
   3.9237270e+02   1.7864720e+02
   2.9757691e+02   2.0725645e+02
   2.9846157e+02   2.2848703e+02
   2.9875770e+02   2.4963915e+02
   2.9891320e+02   2.7075031e+02
   2.7672445e+02   2.8170783e+02
   2.8735160e+02   2.8688768e+02
   2.9889315e+02   2.8831689e+02
   3.1231988e+02   2.8594900e+02
   3.2408830e+02   2.7935118e+02
   2.3229431e+02   2.1082829e+02
   2.4328604e+02   1.9775883e+02
   2.6099498e+02   2.0013022e+02
   2.7343096e+02   2.1262017e+02
   2.5967709e+02   2.1708980e+02
   2.4517825e+02   2.1690974e+02
   3.2977067e+02   2.1038902e+02
   3.4287545e+02   1.9895451e+02
   3.6019702e+02   1.9683342e+02
   3.7314338e+02   2.0770969e+02
   3.5957568e+02   2.1444764e+02
   3.4423378e+02   2.1478130e+02
   2.6356227e+02   3.2484719e+02
   2.7605719e+02   3.1667726e+02
   2.8950362e+02   3.1073010e+02
   3.0314585e+02   3.1476321e+02
   3.1514620e+02   3.0844237e+02
   3.2848790e+02   3.1263361e+02
   3.4090527e+02   3.1903824e+02
   3.2927154e+02   3.2773876e+02
   3.1681358e+02   3.3513137e+02
   3.0329048e+02   3.4014964e+02
   2.8914947e+02   3.3767562e+02
   2.7620602e+02   3.3151328e+02
   2.7968203e+02   3.2261689e+02
   2.9132874e+02   3.1906252e+02
   3.0329442e+02   3.2083434e+02
   3.1424442e+02   3.1727892e+02
   3.2537858e+02   3.1921502e+02
   3.1426345e+02   3.2234780e+02
   3.0308092e+02   3.2470853e+02
   2.9126490e+02   3.2402330e+02
