   1.5323120e+02   2.5162465e+02
   1.5504647e+02   2.7778514e+02
   1.5540409e+02   3.0398054e+02
   1.5954874e+02   3.2979686e+02
   1.6888364e+02   3.5421791e+02
   1.8521558e+02   3.7453793e+02
   2.0517265e+02   3.9132080e+02
   2.2972178e+02   4.0037736e+02
   2.5562489e+02   4.0238271e+02
   2.8441002e+02   4.0007504e+02
   3.1242119e+02   3.9380691e+02
   3.3630996e+02   3.7770025e+02
   3.5458771e+02   3.5565402e+02
   3.6607285e+02   3.2942679e+02
   3.7118840e+02   3.0101912e+02
   3.7057047e+02   2.7228004e+02
   3.7087896e+02   2.4374933e+02
   1.6618702e+02   2.0312040e+02
   1.7951409e+02   1.9316034e+02
   1.9535524e+02   1.8900877e+02
   2.1154974e+02   1.9257418e+02
   2.2652823e+02   1.9938923e+02
   2.8220864e+02   1.9710069e+02
   2.9949145e+02   1.8971671e+02
   3.1784677e+02   1.8592009e+02
   3.3570747e+02   1.9025439e+02
   3.5122814e+02   2.0056900e+02
   2.5666756e+02   2.2744891e+02
   2.5662630e+02   2.4434775e+02
   2.5634926e+02   2.6106697e+02
   2.5625596e+02   2.7778815e+02
   2.3415377e+02   2.9333244e+02
   2.4551564e+02   2.9684168e+02
   2.5709008e+02   2.9860083e+02
   2.6790657e+02   2.9832762e+02
   2.7805386e+02   2.9514030e+02
   1.8741070e+02   2.3262180e+02
   2.0159314e+02   2.2301604e+02
   2.1879169e+02   2.2315547e+02
   2.3292836e+02   2.3244178e+02
   2.1800516e+02   2.3712663e+02
   2.0231141e+02   2.3716036e+02
   2.8428413e+02   2.3238260e+02
   2.9810192e+02   2.2263062e+02
   3.1517124e+02   2.2243590e+02
   3.2954166e+02   2.3116285e+02
   3.1512996e+02   2.3703575e+02
   2.9950332e+02   2.3620337e+02
   2.1566305e+02   3.3160849e+02
   2.2601224e+02   3.1858429e+02
   2.4043766e+02   3.1096564e+02
   2.5601872e+02   3.1466488e+02
   2.7299801e+02   3.1205044e+02
   2.8827407e+02   3.2067020e+02
   3.0041823e+02   3.3324856e+02
   2.8439747e+02   3.3583956e+02
   2.6980789e+02   3.4228412e+02
   2.5422676e+02   3.4363682e+02
   2.4115405e+02   3.4026169e+02
   2.2817013e+02   3.3670257e+02
   2.2526925e+02   3.2679497e+02
   2.3487544e+02   3.2673779e+02
   2.5436020e+02   3.2649241e+02
   2.7782874e+02   3.2767590e+02
   2.8912348e+02   3.2762075e+02
   2.7740315e+02   3.2756559e+02
   2.5413102e+02   3.2657302e+02
   2.3452220e+02   3.2685215e+02
