   1.9859322e+02   2.1995062e+02
   2.0107710e+02   2.4984476e+02
   2.0863662e+02   2.7889882e+02
   2.1664583e+02   3.0758687e+02
   2.2462989e+02   3.3647235e+02
   2.3972419e+02   3.6233923e+02
   2.5904989e+02   3.8512812e+02
   2.8283517e+02   4.0311852e+02
   3.1133036e+02   4.1007906e+02
   3.4058246e+02   4.0332333e+02
   3.6389307e+02   3.8446546e+02
   3.8298384e+02   3.6079250e+02
   3.9610031e+02   3.3374464e+02
   4.0414797e+02   3.0450426e+02
   4.1399034e+02   2.7599600e+02
   4.2040072e+02   2.4635111e+02
   4.2534406e+02   2.1663287e+02
   2.1696097e+02   1.6364862e+02
   2.3020995e+02   1.4919552e+02
   2.4915272e+02   1.4407079e+02
   2.6868991e+02   1.4693764e+02
   2.8449129e+02   1.5847162e+02
   3.3584069e+02   1.6107087e+02
   3.5197629e+02   1.4936920e+02
   3.7150139e+02   1.4513749e+02
   3.9122420e+02   1.4807706e+02
   4.0534747e+02   1.6158099e+02
   3.1217428e+02   1.7636515e+02
   3.1318402e+02   1.9510031e+02
   3.1364900e+02   2.1366296e+02
   3.1529421e+02   2.3209999e+02
   2.8741844e+02   2.5334290e+02
   3.0113824e+02   2.5673377e+02
   3.1521155e+02   2.5715694e+02
   3.2948340e+02   2.5490556e+02
   3.4278017e+02   2.4993878e+02
   2.3903869e+02   1.8315479e+02
   2.5358918e+02   1.7095657e+02
   2.7273247e+02   1.7325410e+02
   2.8316029e+02   1.8891215e+02
   2.6764138e+02   1.9246274e+02
   2.5179529e+02   1.9181819e+02
   3.4125985e+02   1.8720488e+02
   3.5108145e+02   1.7116727e+02
   3.7041707e+02   1.7027345e+02
   3.8389877e+02   1.8356199e+02
   3.7066386e+02   1.8993053e+02
   3.5580606e+02   1.8965117e+02
   2.7367533e+02   3.2066563e+02
   2.7836341e+02   2.9746086e+02
   2.9329365e+02   2.7935296e+02
   3.1600238e+02   2.7544772e+02
   3.3683131e+02   2.7672874e+02
   3.4995061e+02   2.9353175e+02
   3.5273810e+02   3.1476767e+02
   3.4686915e+02   3.3884476e+02
   3.3449659e+02   3.6013957e+02
   3.1212626e+02   3.6837364e+02
   2.9233458e+02   3.6005978e+02
   2.8078678e+02   3.4141245e+02
   2.7970866e+02   3.1920659e+02
   2.9097639e+02   2.9563527e+02
   3.1542885e+02   2.8714153e+02
   3.3765052e+02   2.9379760e+02
   3.4726931e+02   3.1479820e+02
   3.3459112e+02   3.3760988e+02
   3.1252096e+02   3.5080882e+02
   2.9231263e+02   3.3880507e+02
