   1.9185585e+02   2.2460074e+02
   1.9690569e+02   2.5481258e+02
   2.0458015e+02   2.8431136e+02
   2.1463062e+02   3.1299253e+02
   2.2359730e+02   3.4212914e+02
   2.3521817e+02   3.7017449e+02
   2.5465212e+02   3.9343322e+02
   2.8123629e+02   4.0782786e+02
   3.1111689e+02   4.1093952e+02
   3.4106809e+02   4.0539771e+02
   3.6631963e+02   3.8917936e+02
   3.8197189e+02   3.6331421e+02
   3.9564850e+02   3.3616201e+02
   4.0549344e+02   3.0722794e+02
   4.1266867e+02   2.7761363e+02
   4.1905662e+02   2.4765126e+02
   4.2325126e+02   2.1764770e+02
   2.2225859e+02   1.7476521e+02
   2.3314375e+02   1.5985095e+02
   2.5103643e+02   1.5447947e+02
   2.6980474e+02   1.5556951e+02
   2.8722944e+02   1.6244921e+02
   3.4191129e+02   1.5877846e+02
   3.6049646e+02   1.5538131e+02
   3.7938903e+02   1.5525815e+02
   3.9574025e+02   1.6403774e+02
   4.0104235e+02   1.8099068e+02
   3.1304966e+02   2.0457015e+02
   3.1436708e+02   2.2062684e+02
   3.1482472e+02   2.3669137e+02
   3.1581404e+02   2.5258627e+02
   2.9196691e+02   2.6957387e+02
   3.0325053e+02   2.7305451e+02
   3.1496413e+02   2.7348963e+02
   3.2499239e+02   2.7335657e+02
   3.3443425e+02   2.7045031e+02
   2.4234861e+02   2.0481636e+02
   2.5604959e+02   1.9378925e+02
   2.7369973e+02   1.9504413e+02
   2.8620879e+02   2.0714090e+02
   2.7135580e+02   2.1277120e+02
   2.5564570e+02   2.1273242e+02
   3.3702039e+02   2.0701575e+02
   3.4953027e+02   1.9517996e+02
   3.6661086e+02   1.9311063e+02
   3.7954239e+02   2.0366951e+02
   3.6679320e+02   2.1162289e+02
   3.5159746e+02   2.1115012e+02
   2.7481916e+02   3.2181523e+02
   2.8153987e+02   3.0548583e+02
   2.9632283e+02   2.9573667e+02
   3.1397376e+02   2.9530662e+02
   3.3042935e+02   2.9448613e+02
   3.4433662e+02   3.0350303e+02
   3.5170090e+02   3.1782219e+02
   3.4398247e+02   3.3575950e+02
   3.3175342e+02   3.5067225e+02
   3.1354769e+02   3.5695668e+02
   2.9550105e+02   3.5194765e+02
   2.8233025e+02   3.3865644e+02
   2.7975328e+02   3.2134504e+02
   2.9350253e+02   3.0604911e+02
   3.1402974e+02   3.0406600e+02
   3.3332592e+02   3.0423107e+02
   3.4610136e+02   3.1779906e+02
   3.3335023e+02   3.3504309e+02
   3.1329048e+02   3.4182663e+02
   2.9292529e+02   3.3711702e+02
