   1.9128619e+02   2.2517580e+02
   1.9634456e+02   2.5554080e+02
   2.0416763e+02   2.8515025e+02
   2.1437033e+02   3.1392660e+02
   2.2335321e+02   3.4322040e+02
   2.3489749e+02   3.7147285e+02
   2.5427088e+02   3.9505451e+02
   2.8088022e+02   4.0978624e+02
   3.1089052e+02   4.1289017e+02
   3.4093408e+02   4.0713595e+02
   3.6604725e+02   3.9035425e+02
   3.8146851e+02   3.6413223e+02
   3.9499280e+02   3.3675013e+02
   4.0478315e+02   3.0765364e+02
   4.1206508e+02   2.7791410e+02
   4.1836966e+02   2.4779172e+02
   4.2250375e+02   2.1764652e+02
   2.2147660e+02   1.7504931e+02
   2.3222855e+02   1.5991195e+02
   2.5018977e+02   1.5445482e+02
   2.6906348e+02   1.5548328e+02
   2.8657549e+02   1.6241848e+02
   3.4117966e+02   1.5837599e+02
   3.5980602e+02   1.5503424e+02
   3.7871987e+02   1.5487786e+02
   3.9508395e+02   1.6374332e+02
   4.0027758e+02   1.8085357e+02
   3.1226530e+02   2.0476483e+02
   3.1366335e+02   2.2078039e+02
   3.1413143e+02   2.3680947e+02
   3.1517834e+02   2.5266741e+02
   2.9141970e+02   2.6977005e+02
   3.0269043e+02   2.7329441e+02
   3.1439576e+02   2.7371129e+02
   3.2449426e+02   2.7354195e+02
   3.3397366e+02   2.7049222e+02
   2.4153289e+02   2.0508006e+02
   2.5522931e+02   1.9392418e+02
   2.7295432e+02   1.9513975e+02
   2.8545922e+02   2.0734714e+02
   2.7059883e+02   2.1311484e+02
   2.5484261e+02   2.1308126e+02
   3.3629297e+02   2.0712010e+02
   3.4878494e+02   1.9515395e+02
   3.6593326e+02   1.9299384e+02
   3.7889298e+02   2.0361890e+02
   3.6617506e+02   2.1170268e+02
   3.5093155e+02   2.1124080e+02
   2.7439061e+02   3.2258458e+02
   2.8091360e+02   3.0592296e+02
   2.9571168e+02   2.9588522e+02
   3.1350853e+02   2.9540076e+02
   3.3008315e+02   2.9455362e+02
   3.4405853e+02   3.0371161e+02
   3.5115897e+02   3.1837880e+02
   3.4366632e+02   3.3686127e+02
   3.3152434e+02   3.5233377e+02
   3.1308384e+02   3.5888405e+02
   2.9483093e+02   3.5369663e+02
   2.8168510e+02   3.3995274e+02
   2.7882183e+02   3.2228705e+02
   2.9259767e+02   3.0633307e+02
   3.1353635e+02   3.0417614e+02
   3.3322928e+02   3.0433116e+02
   3.4608605e+02   3.1844084e+02
   3.3328372e+02   3.3641657e+02
   3.1281579e+02   3.4366955e+02
   2.9205700e+02   3.3869381e+02
