   1.9168980e+02   2.2534054e+02
   1.9707029e+02   2.5141983e+02
   2.0304632e+02   2.7729755e+02
   2.1152077e+02   3.0266787e+02
   2.1967801e+02   3.2781143e+02
   2.3445276e+02   3.4968086e+02
   2.5756054e+02   3.6214835e+02
   2.8363213e+02   3.6717250e+02
   3.1006480e+02   3.6886722e+02
   3.3706993e+02   3.6658095e+02
   3.6340575e+02   3.6136521e+02
   3.8513357e+02   3.4553580e+02
   4.0048492e+02   3.2353898e+02
   4.0850561e+02   2.9772586e+02
   4.1165477e+02   2.7107164e+02
   4.1836533e+02   2.4478609e+02
   4.2238050e+02   2.1835527e+02
   2.2472277e+02   1.8572705e+02
   2.3726835e+02   1.7758673e+02
   2.5190302e+02   1.7479842e+02
   2.6668801e+02   1.7719732e+02
   2.8126658e+02   1.7996895e+02
   3.3904866e+02   1.8081683e+02
   3.5423225e+02   1.7648664e+02
   3.7016727e+02   1.7577803e+02
   3.8579324e+02   1.7749848e+02
   3.9926776e+02   1.8537763e+02
   3.1342960e+02   2.0636683e+02
   3.1432289e+02   2.2348669e+02
   3.1514504e+02   2.4055574e+02
   3.1630615e+02   2.5755166e+02
   2.9238306e+02   2.7405049e+02
   3.0417586e+02   2.7449855e+02
   3.1590186e+02   2.7446449e+02
   3.2441116e+02   2.7451421e+02
   3.3280130e+02   2.7447827e+02
   2.4453582e+02   2.0970175e+02
   2.5791714e+02   2.0024742e+02
   2.7439242e+02   2.0206312e+02
   2.8743398e+02   2.1216065e+02
   2.7270865e+02   2.1416585e+02
   2.5809795e+02   2.1470220e+02
   3.3696190e+02   2.1256726e+02
   3.4804475e+02   2.0042670e+02
   3.6428264e+02   1.9851631e+02
   3.7697395e+02   2.0846848e+02
   3.6429603e+02   2.1354078e+02
   3.5057014e+02   2.1338824e+02
   2.7213221e+02   3.1327596e+02
   2.8492881e+02   3.0608958e+02
   2.9856141e+02   3.0152999e+02
   3.1301472e+02   3.0087956e+02
   3.2732741e+02   3.0009622e+02
   3.4107910e+02   3.0377660e+02
   3.5426580e+02   3.0915038e+02
   3.4233676e+02   3.1516529e+02
   3.2946916e+02   3.1859294e+02
   3.1624983e+02   3.2020514e+02
   3.0131178e+02   3.2009803e+02
   2.8663334e+02   3.1657518e+02
   2.9403993e+02   3.0992385e+02
   3.0476479e+02   3.0913095e+02
   3.1548273e+02   3.0914492e+02
   3.2514432e+02   3.0831549e+02
   3.3480473e+02   3.0792005e+02
   3.2510594e+02   3.0911215e+02
   3.1543257e+02   3.0987492e+02
   3.0474366e+02   3.0987145e+02
