   2.0364187e+02   2.0275971e+02
   2.0446901e+02   2.3791934e+02
   2.0841495e+02   2.7279606e+02
   2.1530607e+02   3.0710328e+02
   2.3124795e+02   3.3815434e+02
   2.5283888e+02   3.6519641e+02
   2.7870558e+02   3.8881086e+02
   3.0574528e+02   4.1137981e+02
   3.3905662e+02   4.1339637e+02
   3.7094330e+02   4.0435235e+02
   3.9626829e+02   3.8295537e+02
   4.1325231e+02   3.5406736e+02
   4.2841651e+02   3.2429608e+02
   4.4033582e+02   2.9345650e+02
   4.4658583e+02   2.6048271e+02
   4.4805756e+02   2.2748973e+02
   4.4594251e+02   1.9422362e+02
   2.2737831e+02   1.8169352e+02
   2.4162284e+02   1.7154141e+02
   2.5926129e+02   1.6951077e+02
   2.7682234e+02   1.7064046e+02
   2.9400663e+02   1.7458376e+02
   3.5039170e+02   1.7261860e+02
   3.6915809e+02   1.6836386e+02
   3.8829473e+02   1.6599847e+02
   4.0732132e+02   1.6549010e+02
   4.2402535e+02   1.7388468e+02
   3.2947176e+02   2.0108341e+02
   3.3081873e+02   2.2190645e+02
   3.3231728e+02   2.4281214e+02
   3.3237982e+02   2.6352506e+02
   3.0904908e+02   2.7698152e+02
   3.2023377e+02   2.7961028e+02
   3.3147702e+02   2.7983743e+02
   3.4469922e+02   2.7958937e+02
   3.5668779e+02   2.7464876e+02
   2.5071774e+02   2.0308867e+02
   2.6442412e+02   1.9159365e+02
   2.8242431e+02   1.9168349e+02
   2.9731722e+02   2.0160707e+02
   2.8203934e+02   2.0741390e+02
   2.6594251e+02   2.0835665e+02
   3.5883101e+02   2.0103078e+02
   3.7251627e+02   1.9137687e+02
   3.8944445e+02   1.9118799e+02
   4.0310207e+02   2.0048540e+02
   3.8884981e+02   2.0627641e+02
   3.7339432e+02   2.0590505e+02
   2.7549051e+02   3.0388817e+02
   2.9430853e+02   3.0254511e+02
   3.1342966e+02   3.0138193e+02
   3.3253741e+02   3.0281178e+02
   3.5259608e+02   2.9814194e+02
   3.7301873e+02   2.9829694e+02
   3.9306998e+02   3.0095455e+02
   3.7896060e+02   3.2590478e+02
   3.6112991e+02   3.4935518e+02
   3.3433630e+02   3.5656528e+02
   3.0717726e+02   3.5069039e+02
   2.8957340e+02   3.2817650e+02
   2.8460095e+02   3.1113683e+02
   3.0901878e+02   3.1110607e+02
   3.3308292e+02   3.1353078e+02
   3.6017094e+02   3.0939796e+02
   3.8710313e+02   3.0772777e+02
   3.6358967e+02   3.3160835e+02
   3.3242375e+02   3.4323209e+02
   3.0398695e+02   3.3467195e+02
