   2.0360311e+02   2.0209767e+02
   2.0429805e+02   2.3612039e+02
   2.0797747e+02   2.6950301e+02
   2.1388104e+02   3.0249786e+02
   2.2820946e+02   3.3300487e+02
   2.4752248e+02   3.6067834e+02
   2.6809038e+02   3.8764339e+02
   2.9524902e+02   4.0693189e+02
   3.2799107e+02   4.1329798e+02
   3.6145695e+02   4.0585868e+02
   3.8854632e+02   3.8497172e+02
   4.1011916e+02   3.5813047e+02
   4.2617011e+02   3.2802831e+02
   4.3918851e+02   2.9597260e+02
   4.4610437e+02   2.6236332e+02
   4.4788115e+02   2.2786784e+02
   4.4579631e+02   1.9383605e+02
   2.2735161e+02   1.8106814e+02
   2.4160058e+02   1.7093682e+02
   2.5903470e+02   1.6892159e+02
   2.7678410e+02   1.7007558e+02
   2.9395569e+02   1.7403615e+02
   3.5031573e+02   1.7213485e+02
   3.6918250e+02   1.6788754e+02
   3.8820785e+02   1.6556020e+02
   4.0722582e+02   1.6507330e+02
   4.2391242e+02   1.7348247e+02
   3.2937413e+02   2.0056257e+02
   3.3069722e+02   2.2137706e+02
   3.3217172e+02   2.4227434e+02
   3.3221112e+02   2.6297733e+02
   3.1224407e+02   2.7839416e+02
   3.2181083e+02   2.7928202e+02
   3.3129055e+02   2.7928082e+02
   3.4118451e+02   2.7974253e+02
   3.5088134e+02   2.7920345e+02
   2.5065589e+02   2.0247899e+02
   2.6369797e+02   1.8954010e+02
   2.8211609e+02   1.9020865e+02
   2.9723453e+02   2.0105011e+02
   2.8191919e+02   2.0684382e+02
   2.6586241e+02   2.0791551e+02
   3.5871927e+02   2.0054273e+02
   3.7191805e+02   1.8931896e+02
   3.8921392e+02   1.8963715e+02
   4.0296956e+02   2.0004701e+02
   3.8872225e+02   2.0668784e+02
   3.7310293e+02   2.0673389e+02
   2.8434600e+02   3.2136265e+02
   2.9948014e+02   3.1215912e+02
   3.1596004e+02   3.0525799e+02
   3.3284747e+02   3.0930917e+02
   3.5071362e+02   3.0454170e+02
   3.6863260e+02   3.0896175e+02
   3.8388061e+02   3.1875958e+02
   3.6880297e+02   3.2885200e+02
   3.5230623e+02   3.3651269e+02
   3.3451581e+02   3.3785195e+02
   3.1652863e+02   3.3606532e+02
   2.9948642e+02   3.3059413e+02
   3.0164032e+02   3.2059047e+02
   3.1777640e+02   3.1959485e+02
   3.3362661e+02   3.2005157e+02
   3.4870907e+02   3.1965370e+02
   3.6357520e+02   3.1949849e+02
   3.4820975e+02   3.1975458e+02
   3.3323511e+02   3.2014416e+02
   3.1753012e+02   3.1986301e+02
