   2.0766482e+02   2.3199406e+02
   2.0838174e+02   2.6251909e+02
   2.1439556e+02   2.9232634e+02
   2.2267909e+02   3.2141621e+02
   2.3263095e+02   3.5009928e+02
   2.4795187e+02   3.7621165e+02
   2.7003560e+02   3.9687171e+02
   2.9793810e+02   4.0901139e+02
   3.2789693e+02   4.1179891e+02
   3.5627414e+02   4.0570398e+02
   3.8081842e+02   3.8987687e+02
   3.9935939e+02   3.6775760e+02
   4.1161217e+02   3.4130163e+02
   4.1948068e+02   3.1323096e+02
   4.2459011e+02   2.8448980e+02
   4.2724927e+02   2.5557074e+02
   4.2707767e+02   2.2657132e+02
   2.2452491e+02   2.1836332e+02
   2.4421880e+02   2.1298006e+02
   2.6433486e+02   2.1072778e+02
   2.8457260e+02   2.0942382e+02
   3.0471431e+02   2.0887773e+02
   3.2780225e+02   2.0803105e+02
   3.4581411e+02   2.0598473e+02
   3.6394238e+02   2.0518440e+02
   3.8204433e+02   2.0449482e+02
   3.9992312e+02   2.0551870e+02
   3.1535563e+02   2.1507292e+02
   3.1546029e+02   2.3699293e+02
   3.1524371e+02   2.5880760e+02
   3.1528331e+02   2.8047811e+02
   2.9190223e+02   3.0546497e+02
   3.0465374e+02   3.0780252e+02
   3.1740345e+02   3.0778991e+02
   3.2986958e+02   3.0567770e+02
   3.4175329e+02   3.0163702e+02
   2.4539149e+02   2.3584290e+02
   2.6152975e+02   2.2788892e+02
   2.7925714e+02   2.2667362e+02
   2.9351295e+02   2.3682449e+02
   2.7738690e+02   2.3629970e+02
   2.6118701e+02   2.3787512e+02
   3.3963946e+02   2.3480711e+02
   3.5331607e+02   2.2271218e+02
   3.7166636e+02   2.2137702e+02
   3.8889731e+02   2.2741731e+02
   3.7286847e+02   2.3186665e+02
   3.5613188e+02   2.3275152e+02
   2.8344719e+02   3.4421973e+02
   2.9371132e+02   3.3528696e+02
   3.0556709e+02   3.2874011e+02
   3.1885215e+02   3.2648259e+02
   3.3280871e+02   3.2669398e+02
   3.4566617e+02   3.3229393e+02
   3.5776534e+02   3.3945282e+02
   3.4483279e+02   3.3793496e+02
   3.3267573e+02   3.4359916e+02
   3.1973618e+02   3.4641172e+02
   3.0746825e+02   3.4617498e+02
   2.9547049e+02   3.4326574e+02
   2.9210428e+02   3.3746738e+02
   3.0076137e+02   3.3728824e+02
   3.1909522e+02   3.3607723e+02
   3.3889956e+02   3.3336611e+02
   3.4833245e+02   3.3355575e+02
   3.3871481e+02   3.3374539e+02
   3.1920414e+02   3.3621756e+02
   3.0059628e+02   3.3764652e+02
