   2.0758257e+02   2.3113820e+02
   2.0867935e+02   2.6167309e+02
   2.1458337e+02   2.9149435e+02
   2.2273407e+02   3.2073745e+02
   2.3261376e+02   3.4953324e+02
   2.4792318e+02   3.7559696e+02
   2.7043820e+02   3.9582291e+02
   2.9844093e+02   4.0772432e+02
   3.2849066e+02   4.0994377e+02
   3.5670436e+02   4.0363158e+02
   3.8113618e+02   3.8795200e+02
   3.9982749e+02   3.6615168e+02
   4.1215445e+02   3.3988707e+02
   4.1989549e+02   3.1197720e+02
   4.2494727e+02   2.8334315e+02
   4.2756695e+02   2.5461481e+02
   4.2738875e+02   2.2572771e+02
   2.2384745e+02   2.1639290e+02
   2.4331934e+02   2.0964000e+02
   2.6376420e+02   2.0716951e+02
   2.8433326e+02   2.0572846e+02
   3.0476500e+02   2.0585955e+02
   3.2751125e+02   2.0505801e+02
   3.4580809e+02   2.0292305e+02
   3.6413647e+02   2.0203499e+02
   3.8250007e+02   2.0172073e+02
   4.0050644e+02   2.0366858e+02
   3.1546786e+02   2.1419754e+02
   3.1557052e+02   2.3615681e+02
   3.1535136e+02   2.5801051e+02
   3.1538887e+02   2.7971982e+02
   2.9169647e+02   3.0369550e+02
   3.0444994e+02   3.0612186e+02
   3.1722655e+02   3.0624926e+02
   3.2983666e+02   3.0418833e+02
   3.4188380e+02   3.0018297e+02
   2.4522453e+02   2.3367740e+02
   2.6142046e+02   2.2548974e+02
   2.7931415e+02   2.2474377e+02
   2.9345680e+02   2.3532596e+02
   2.7726443e+02   2.3464211e+02
   2.6103457e+02   2.3612707e+02
   3.3981248e+02   2.3286584e+02
   3.5339810e+02   2.2025360e+02
   3.7200540e+02   2.1887288e+02
   3.8897265e+02   2.2611235e+02
   3.7287288e+02   2.2997736e+02
   3.5623642e+02   2.3078601e+02
   2.8250954e+02   3.4253955e+02
   2.9261208e+02   3.3306331e+02
   3.0482298e+02   3.2661630e+02
   3.1841110e+02   3.2460056e+02
   3.3300898e+02   3.2465251e+02
   3.4654604e+02   3.3009402e+02
   3.5932995e+02   3.3723592e+02
   3.4592963e+02   3.3694410e+02
   3.3338139e+02   3.4285358e+02
   3.2010913e+02   3.4606755e+02
   3.0737833e+02   3.4595302e+02
   2.9498802e+02   3.4257544e+02
   2.9138138e+02   3.3596068e+02
   3.0025322e+02   3.3576952e+02
   3.1900302e+02   3.3466272e+02
   3.3955789e+02   3.3187934e+02
   3.4944392e+02   3.3206871e+02
   3.3936815e+02   3.3225809e+02
   3.1907772e+02   3.3487905e+02
   3.0013742e+02   3.3615183e+02
