   2.0812731e+02   2.3221636e+02
   2.0905103e+02   2.6197500e+02
   2.1459346e+02   2.9105996e+02
   2.2243663e+02   3.1978607e+02
   2.3177862e+02   3.4795666e+02
   2.4733842e+02   3.7312064e+02
   2.7014059e+02   3.9186982e+02
   2.9706558e+02   4.0442351e+02
   3.2634263e+02   4.0624012e+02
   3.5415709e+02   3.9995664e+02
   3.7910302e+02   3.8594412e+02
   3.9851288e+02   3.6529255e+02
   4.1096677e+02   3.3954921e+02
   4.1930362e+02   3.1229999e+02
   4.2454909e+02   2.8429691e+02
   4.2752042e+02   2.5588858e+02
   4.2676810e+02   2.2752140e+02
   2.2296086e+02   2.1622258e+02
   2.3607233e+02   2.0226925e+02
   2.5505321e+02   1.9673266e+02
   2.7472066e+02   1.9403941e+02
   2.9435978e+02   1.9632926e+02
   3.3476978e+02   1.9472403e+02
   3.5238388e+02   1.9284039e+02
   3.6982247e+02   1.9258441e+02
   3.8719654e+02   1.9521542e+02
   4.0271638e+02   2.0259609e+02
   3.1548521e+02   2.1570374e+02
   3.1551874e+02   2.3754521e+02
   3.1523252e+02   2.5928068e+02
   3.1520203e+02   2.8087334e+02
   2.9165322e+02   3.0057483e+02
   3.0344428e+02   3.0391628e+02
   3.1557198e+02   3.0471437e+02
   3.2888204e+02   3.0326395e+02
   3.4108818e+02   2.9828354e+02
   2.4592561e+02   2.3206174e+02
   2.6107385e+02   2.2167741e+02
   2.7932204e+02   2.2191905e+02
   2.9352550e+02   2.3324199e+02
   2.7740851e+02   2.3326786e+02
   2.6145219e+02   2.3519906e+02
   3.4053916e+02   2.3023458e+02
   3.5422106e+02   2.1679830e+02
   3.7319871e+02   2.1438484e+02
   3.8830820e+02   2.2565364e+02
   3.7262954e+02   2.2940049e+02
   3.5654228e+02   2.2936681e+02
   2.7916388e+02   3.3886144e+02
   2.8967462e+02   3.2853269e+02
   3.0304511e+02   3.2224838e+02
   3.1760182e+02   3.2158719e+02
   3.3350174e+02   3.2069500e+02
   3.4842737e+02   3.2634082e+02
   3.6251335e+02   3.3371128e+02
   3.4767955e+02   3.3700051e+02
   3.3398421e+02   3.4344442e+02
   3.1939003e+02   3.4695375e+02
   3.0560160e+02   3.4706100e+02
   2.9236834e+02   3.4268089e+02
   2.8879046e+02   3.3355040e+02
   2.9841704e+02   3.3340190e+02
   3.1816669e+02   3.3252698e+02
   3.4054686e+02   3.3007117e+02
   3.5153011e+02   3.3023396e+02
   3.4047101e+02   3.3039676e+02
   3.1833011e+02   3.3292094e+02
   2.9836849e+02   3.3369891e+02
