   1.8305429e+02   2.1596075e+02
   1.8782860e+02   2.4685631e+02
   1.9561045e+02   2.7723567e+02
   2.0538301e+02   3.0690421e+02
   2.1788952e+02   3.3545386e+02
   2.3236730e+02   3.6295714e+02
   2.5277744e+02   3.8629438e+02
   2.7927710e+02   4.0242213e+02
   3.0978924e+02   4.0647595e+02
   3.3878582e+02   3.9921859e+02
   3.6372754e+02   3.8373089e+02
   3.8148061e+02   3.5981529e+02
   3.9533735e+02   3.3374234e+02
   4.0559714e+02   3.0564423e+02
   4.1119058e+02   2.7659420e+02
   4.1645581e+02   2.4709285e+02
   4.2118223e+02   2.1798546e+02
   2.0644435e+02   1.8369177e+02
   2.2042406e+02   1.7642381e+02
   2.3549916e+02   1.7179694e+02
   2.5103078e+02   1.6985856e+02
   2.6607849e+02   1.7348439e+02
   3.3013637e+02   1.7078407e+02
   3.4527375e+02   1.6842658e+02
   3.6046592e+02   1.6941454e+02
   3.7514251e+02   1.7344284e+02
   3.8934273e+02   1.7869053e+02
   2.9570047e+02   2.0173622e+02
   2.9716986e+02   2.2430265e+02
   2.9706505e+02   2.4681202e+02
   2.9663636e+02   2.6932980e+02
   2.7543989e+02   2.8171640e+02
   2.8696645e+02   2.8428924e+02
   2.9841686e+02   2.8655835e+02
   3.1099044e+02   2.8444253e+02
   3.2270999e+02   2.7947087e+02
   2.2855552e+02   2.1150761e+02
   2.3998582e+02   1.9863613e+02
   2.5735463e+02   2.0139527e+02
   2.6964428e+02   2.1412658e+02
   2.5580067e+02   2.1812821e+02
   2.4155489e+02   2.1725932e+02
   3.2840065e+02   2.1143036e+02
   3.4031932e+02   1.9848980e+02
   3.5816315e+02   1.9701087e+02
   3.7081069e+02   2.0874679e+02
   3.5713610e+02   2.1424306e+02
   3.4253489e+02   2.1508219e+02
   2.6405031e+02   3.3027117e+02
   2.7285274e+02   3.1744065e+02
   2.8593908e+02   3.0977380e+02
   3.0040834e+02   3.1330993e+02
   3.1431670e+02   3.0766126e+02
   3.2860963e+02   3.1328730e+02
   3.3748859e+02   3.2575953e+02
   3.2808527e+02   3.3909881e+02
   3.1570713e+02   3.4944748e+02
   3.0002458e+02   3.5259506e+02
   2.8584208e+02   3.4922723e+02
   2.7336788e+02   3.4146696e+02
   2.7356693e+02   3.2987138e+02
   2.8450500e+02   3.1832080e+02
   3.0002579e+02   3.1888984e+02
   3.1615424e+02   3.1608800e+02
   3.2962377e+02   3.2578255e+02
   3.1575307e+02   3.3419655e+02
   3.0006929e+02   3.3656067e+02
   2.8612156e+02   3.3582980e+02
