   1.8326178e+02   2.1624535e+02
   1.8794487e+02   2.4678024e+02
   1.9556413e+02   2.7678524e+02
   2.0516199e+02   3.0608782e+02
   2.1726567e+02   3.3436864e+02
   2.3206899e+02   3.6125037e+02
   2.5233821e+02   3.8425979e+02
   2.7843096e+02   4.0031678e+02
   3.0853651e+02   4.0445522e+02
   3.3754116e+02   3.9764642e+02
   3.6282873e+02   3.8289556e+02
   3.8114763e+02   3.5960110e+02
   3.9523126e+02   3.3369400e+02
   4.0565926e+02   3.0581881e+02
   4.1124344e+02   2.7679801e+02
   4.1650124e+02   2.4744610e+02
   4.2123407e+02   2.1839093e+02
   2.0665321e+02   1.8400932e+02
   2.2062757e+02   1.7675325e+02
   2.3569526e+02   1.7213713e+02
   2.5121779e+02   1.7020797e+02
   2.6625387e+02   1.7383917e+02
   3.3027155e+02   1.7117347e+02
   3.4540031e+02   1.6882528e+02
   3.6058211e+02   1.6982039e+02
   3.7524711e+02   1.7385361e+02
   3.8943541e+02   1.7910518e+02
   2.9584213e+02   2.0208785e+02
   2.9729898e+02   2.2464039e+02
   2.9718269e+02   2.4713509e+02
   2.9674272e+02   2.6963803e+02
   2.7555365e+02   2.8200572e+02
   2.8707142e+02   2.8458280e+02
   2.9851323e+02   2.8685631e+02
   3.1107972e+02   2.8474832e+02
   3.2279422e+02   2.7978589e+02
   2.2873575e+02   2.1181845e+02
   2.4016524e+02   1.9896118e+02
   2.5752136e+02   2.0172745e+02
   2.6979649e+02   2.1445680e+02
   2.5591587e+02   2.1840645e+02
   2.4165549e+02   2.1772420e+02
   3.2851610e+02   2.1179248e+02
   3.4043367e+02   1.9886643e+02
   3.5826668e+02   1.9739762e+02
   3.7089998e+02   2.0913241e+02
   3.5723145e+02   2.1461810e+02
   3.4263928e+02   2.1544919e+02
   2.6386522e+02   3.2986161e+02
   2.7319529e+02   3.1772096e+02
   2.8626751e+02   3.1023927e+02
   3.0055699e+02   3.1390497e+02
   3.1423720e+02   3.0817219e+02
   3.2843984e+02   3.1355049e+02
   3.3789385e+02   3.2514048e+02
   3.2800406e+02   3.3787768e+02
   3.1554512e+02   3.4791002e+02
   3.0000574e+02   3.5119613e+02
   2.8600177e+02   3.4783441e+02
   2.7362724e+02   3.4026240e+02
   2.7452352e+02   3.2925168e+02
   2.8527885e+02   3.1875201e+02
   3.0012517e+02   3.1958139e+02
   3.1571199e+02   3.1672725e+02
   3.2896666e+02   3.2528799e+02
   3.1532925e+02   3.3293385e+02
   3.0012785e+02   3.3541739e+02
   2.8668991e+02   3.3455610e+02
