   1.8343296e+02   2.1625323e+02
   1.8789164e+02   2.4558995e+02
   1.9504290e+02   2.7432226e+02
   2.0413053e+02   3.0237543e+02
   2.1495766e+02   3.2974142e+02
   2.3093434e+02   3.5454145e+02
   2.5078314e+02   3.7640958e+02
   2.7565391e+02   3.9203935e+02
   3.0443585e+02   3.9635858e+02
   3.3343289e+02   3.9101499e+02
   3.5986187e+02   3.7872357e+02
   3.7990004e+02   3.5741405e+02
   3.9483354e+02   3.3210648e+02
   4.0573872e+02   3.0494990e+02
   4.1121571e+02   2.7603069e+02
   4.1638040e+02   2.4716570e+02
   4.2106876e+02   2.1827318e+02
   2.0677459e+02   1.8405088e+02
   2.2072539e+02   1.7679791e+02
   2.3576932e+02   1.7218057e+02
   2.5126884e+02   1.7024616e+02
   2.6628546e+02   1.7386446e+02
   3.3021095e+02   1.7116956e+02
   3.4531704e+02   1.6881691e+02
   3.6047781e+02   1.6980278e+02
   3.7512409e+02   1.7382272e+02
   3.8929497e+02   1.7905953e+02
   2.9584630e+02   2.0205782e+02
   2.9731270e+02   2.2457761e+02
   2.9720816e+02   2.4704046e+02
   2.9678041e+02   2.6951171e+02
   2.7562778e+02   2.8187276e+02
   2.8713053e+02   2.8444026e+02
   2.9855728e+02   2.8670464e+02
   3.1110486e+02   2.8459317e+02
   3.2280018e+02   2.7963175e+02
   2.2884013e+02   2.1180919e+02
   2.4024678e+02   1.9896427e+02
   2.5757971e+02   2.0171768e+02
   2.6984398e+02   2.1442264e+02
   2.5583882e+02   2.1823088e+02
   2.4151183e+02   2.1820495e+02
   3.2847891e+02   2.1173185e+02
   3.4037292e+02   1.9881800e+02
   3.5817988e+02   1.9734208e+02
   3.7080130e+02   2.0905372e+02
   3.5715499e+02   2.1453866e+02
   3.4258395e+02   2.1537610e+02
   2.6294731e+02   3.2731515e+02
   2.7417331e+02   3.1770814e+02
   2.8720614e+02   3.1084104e+02
   3.0087253e+02   3.1497473e+02
   3.1365830e+02   3.0885546e+02
   3.2753501e+02   3.1321671e+02
   3.3908867e+02   3.2151897e+02
   3.2761282e+02   3.3208727e+02
   3.1502356e+02   3.4106657e+02
   3.0008250e+02   3.4488196e+02
   2.8655530e+02   3.4178111e+02
   2.7440955e+02   3.3489762e+02
   2.7773445e+02   3.2591394e+02
   2.8788132e+02   3.1950864e+02
   3.0025375e+02   3.2104477e+02
   3.1386127e+02   3.1796474e+02
   3.2642675e+02   3.2210591e+02
   3.1366395e+02   3.2682613e+02
   3.0026687e+02   3.2981579e+02
   2.8862067e+02   3.2857617e+02
