   1.8339034e+02   2.1627990e+02
   1.8810223e+02   2.4694172e+02
   1.9577750e+02   2.7707950e+02
   2.0543494e+02   3.0651228e+02
   2.1769130e+02   3.3488519e+02
   2.3234265e+02   3.6200672e+02
   2.5264954e+02   3.8513752e+02
   2.7889158e+02   4.0121075e+02
   3.0914231e+02   4.0531509e+02
   3.3812130e+02   3.9833147e+02
   3.6324914e+02   3.8329202e+02
   3.8131817e+02   3.5975831e+02
   3.9530679e+02   3.3380826e+02
   4.0566063e+02   3.0586430e+02
   4.1124870e+02   2.7685645e+02
   4.1651049e+02   2.4746703e+02
   4.2124183e+02   2.1841440e+02
   2.0676853e+02   1.8405927e+02
   2.2073549e+02   1.7680630e+02
   2.3579532e+02   1.7219188e+02
   2.5130989e+02   1.7026306e+02
   2.6633849e+02   1.7389178e+02
   3.3032353e+02   1.7122474e+02
   3.4544451e+02   1.6887711e+02
   3.6061863e+02   1.6987108e+02
   3.7527635e+02   1.7390163e+02
   3.8945768e+02   1.7914994e+02
   2.9591290e+02   2.0212487e+02
   2.9736995e+02   2.2466589e+02
   2.9725467e+02   2.4714916e+02
   2.9681587e+02   2.6964070e+02
   2.7563808e+02   2.8200299e+02
   2.8715011e+02   2.8457828e+02
   2.9858620e+02   2.8685015e+02
   3.1114622e+02   2.8474270e+02
   3.2285456e+02   2.7978231e+02
   2.2884101e+02   2.1185334e+02
   2.4026416e+02   1.9900213e+02
   2.5761158e+02   2.0176626e+02
   2.6988101e+02   2.1448863e+02
   2.5602586e+02   2.1845445e+02
   2.4178287e+02   2.1769276e+02
   3.2857068e+02   2.1182319e+02
   3.4048165e+02   1.9890321e+02
   3.5830554e+02   1.9743440e+02
   3.7093292e+02   2.0916270e+02
   3.5727156e+02   2.1464617e+02
   3.4268684e+02   2.1547746e+02
   2.6406996e+02   3.3010513e+02
   2.7318282e+02   3.1769809e+02
   2.8625291e+02   3.1014871e+02
   3.0060398e+02   3.1376301e+02
   3.1436402e+02   3.0806959e+02
   3.2858988e+02   3.1354282e+02
   3.3779964e+02   3.2547810e+02
   3.2811734e+02   3.3844731e+02
   3.1570453e+02   3.4860010e+02
   3.0012239e+02   3.5182429e+02
   2.8605164e+02   3.4846848e+02
   2.7364379e+02   3.4082333e+02
   2.7425727e+02   3.2958023e+02
   2.8508467e+02   3.1867856e+02
   3.0019081e+02   3.1939754e+02
   3.1598409e+02   3.1657044e+02
   3.2931421e+02   3.2557421e+02
   3.1559123e+02   3.3351493e+02
   3.0020884e+02   3.3594626e+02
   2.8657333e+02   3.3513781e+02
