   1.2809478e+02   1.9465769e+02
   1.3344315e+02   2.2749156e+02
   1.4241884e+02   2.5956795e+02
   1.5236145e+02   2.9124291e+02
   1.6667077e+02   3.2136799e+02
   1.8797262e+02   3.4652269e+02
   2.1416477e+02   3.6697346e+02
   2.4515444e+02   3.7847302e+02
   2.7802430e+02   3.7969300e+02
   3.0559060e+02   3.7382593e+02
   3.2969442e+02   3.5912916e+02
   3.4811122e+02   3.3810834e+02
   3.6468384e+02   3.1497800e+02
   3.7624131e+02   2.8956984e+02
   3.8235011e+02   2.6189578e+02
   3.8724210e+02   2.3408899e+02
   3.9186545e+02   2.0643882e+02
   1.6170527e+02   1.5123486e+02
   1.7347745e+02   1.3606236e+02
   1.9172162e+02   1.2975425e+02
   2.1101358e+02   1.3121904e+02
   2.3023431e+02   1.3246133e+02
   2.9113892e+02   1.3518007e+02
   3.0934321e+02   1.2925903e+02
   3.2848803e+02   1.2790917e+02
   3.4758708e+02   1.2964335e+02
   3.6188077e+02   1.4140746e+02
   2.6694096e+02   1.6338129e+02
   2.6670977e+02   1.8324890e+02
   2.6735342e+02   2.0303465e+02
   2.6816914e+02   2.2268551e+02
   2.4330786e+02   2.3973516e+02
   2.5501518e+02   2.4519339e+02
   2.6779350e+02   2.4623183e+02
   2.8174286e+02   2.4532623e+02
   2.9478556e+02   2.4060062e+02
   1.8408552e+02   1.7363843e+02
   2.0022951e+02   1.6194846e+02
   2.2021498e+02   1.6213822e+02
   2.3737897e+02   1.7232267e+02
   2.1964696e+02   1.7808800e+02
   2.0118544e+02   1.7995041e+02
   2.9425396e+02   1.7324795e+02
   3.0787161e+02   1.5985042e+02
   3.2688168e+02   1.5891736e+02
   3.4083007e+02   1.7148085e+02
   3.2593548e+02   1.7747330e+02
   3.0993641e+02   1.7690651e+02
   2.1038875e+02   2.8215247e+02
   2.2872243e+02   2.7328621e+02
   2.4819601e+02   2.6839917e+02
   2.6821943e+02   2.7025279e+02
   2.8763036e+02   2.6995707e+02
   3.0655287e+02   2.7340380e+02
   3.2489593e+02   2.7864625e+02
   3.1151244e+02   2.9849882e+02
   2.9164429e+02   3.1111582e+02
   2.6828076e+02   3.1471742e+02
   2.4522192e+02   3.1296706e+02
   2.2600856e+02   2.9954324e+02
   2.2087754e+02   2.8329294e+02
   2.4357368e+02   2.7617453e+02
   2.6722608e+02   2.7648474e+02
   2.9203947e+02   2.7617793e+02
   3.1525189e+02   2.8330130e+02
   2.9359886e+02   2.9781964e+02
   2.6821797e+02   3.0123848e+02
   2.4229457e+02   2.9807874e+02
