   1.7848089e+02   1.9479169e+02
   1.8413981e+02   2.2493520e+02
   1.9033868e+02   2.5467974e+02
   1.9806440e+02   2.8419830e+02
   2.0831617e+02   3.1274595e+02
   2.2361267e+02   3.3908133e+02
   2.4369731e+02   3.6177819e+02
   2.6975986e+02   3.7713745e+02
   2.9963740e+02   3.8170884e+02
   3.2866529e+02   3.7703399e+02
   3.5406242e+02   3.6341275e+02
   3.7112504e+02   3.3970737e+02
   3.8560256e+02   3.1443940e+02
   3.9558066e+02   2.8710601e+02
   4.0109334e+02   2.5838146e+02
   4.0533389e+02   2.2924779e+02
   4.0743794e+02   2.0039612e+02
   2.0477723e+02   1.6196898e+02
   2.2170340e+02   1.5188368e+02
   2.4099344e+02   1.4761671e+02
   2.6043718e+02   1.4442244e+02
   2.7991250e+02   1.4656343e+02
   3.1882595e+02   1.4446892e+02
   3.3692506e+02   1.4010320e+02
   3.5534829e+02   1.4175098e+02
   3.7298832e+02   1.4721293e+02
   3.8733651e+02   1.5868375e+02
   2.9700596e+02   1.7802890e+02
   2.9788271e+02   1.9583201e+02
   2.9832437e+02   2.1335742e+02
   2.9965755e+02   2.3097944e+02
   2.7381490e+02   2.4656919e+02
   2.8606661e+02   2.4740801e+02
   2.9831576e+02   2.4791734e+02
   3.0863094e+02   2.4919437e+02
   3.1881605e+02   2.5017661e+02
   2.2220714e+02   1.8191149e+02
   2.3675946e+02   1.7106365e+02
   2.5490980e+02   1.7171400e+02
   2.7035252e+02   1.8148915e+02
   2.5442314e+02   1.8670559e+02
   2.3773158e+02   1.8748259e+02
   3.2152776e+02   1.8200109e+02
   3.3721512e+02   1.7140746e+02
   3.5604362e+02   1.7096553e+02
   3.6965636e+02   1.8340011e+02
   3.5413479e+02   1.8976080e+02
   3.3742076e+02   1.8779717e+02
   2.5131734e+02   2.9020967e+02
   2.6501049e+02   2.7944964e+02
   2.7995595e+02   2.7106301e+02
   2.9639603e+02   2.7336636e+02
   3.1279726e+02   2.7198792e+02
   3.2653065e+02   2.8154852e+02
   3.3920707e+02   2.9260787e+02
   3.2843176e+02   3.0618098e+02
   3.1140361e+02   3.1101044e+02
   2.9383686e+02   3.1155100e+02
   2.7689993e+02   3.0997100e+02
   2.6125365e+02   3.0358547e+02
   2.6589748e+02   2.8983008e+02
   2.7963656e+02   2.8181678e+02
   2.9544179e+02   2.8262546e+02
   3.1050184e+02   2.8258888e+02
   3.2372847e+02   2.8962933e+02
   3.1016622e+02   2.9323345e+02
   2.9621635e+02   2.9408001e+02
   2.8089574e+02   2.9208553e+02
