   1.7785201e+02   1.9710426e+02
   1.8254725e+02   2.2860761e+02
   1.8717670e+02   2.5988897e+02
   1.9390433e+02   2.9077629e+02
   2.0579736e+02   3.2020936e+02
   2.2074742e+02   3.4794749e+02
   2.4443660e+02   3.6867529e+02
   2.7144206e+02   3.8488893e+02
   3.0238827e+02   3.8719570e+02
   3.3061785e+02   3.7946538e+02
   3.5478449e+02   3.6309718e+02
   3.7415496e+02   3.4101339e+02
   3.8702950e+02   3.1469492e+02
   3.9599417e+02   2.8679429e+02
   4.0066886e+02   2.5774523e+02
   4.0591494e+02   2.2888927e+02
   4.0809831e+02   1.9985811e+02
   2.0503719e+02   1.5863865e+02
   2.2091853e+02   1.5022530e+02
   2.3856289e+02   1.4671739e+02
   2.5639808e+02   1.4352509e+02
   2.7392563e+02   1.4643375e+02
   3.1965899e+02   1.4728618e+02
   3.3663642e+02   1.3944247e+02
   3.5520463e+02   1.3807953e+02
   3.7316237e+02   1.4274888e+02
   3.8693620e+02   1.5484258e+02
   2.9611674e+02   1.7733447e+02
   2.9664377e+02   1.9613619e+02
   2.9707363e+02   2.1468551e+02
   2.9758589e+02   2.3334875e+02
   2.7130510e+02   2.4803088e+02
   2.8360256e+02   2.4890567e+02
   2.9582516e+02   2.4981516e+02
   3.0597077e+02   2.5005711e+02
   3.1591658e+02   2.5140731e+02
   2.1898234e+02   1.8408071e+02
   2.3313028e+02   1.7254731e+02
   2.5162994e+02   1.7295631e+02
   2.6568149e+02   1.8446931e+02
   2.5014711e+02   1.8833146e+02
   2.3417655e+02   1.8876129e+02
   3.1953091e+02   1.8399323e+02
   3.3500413e+02   1.7312627e+02
   3.5370323e+02   1.7193545e+02
   3.6695990e+02   1.8439101e+02
   3.5171708e+02   1.9035885e+02
   3.3539419e+02   1.8837504e+02
   2.4312009e+02   2.9271885e+02
   2.5825195e+02   2.8129609e+02
   2.7506769e+02   2.7312539e+02
   2.9327398e+02   2.7577104e+02
   3.1143742e+02   2.7455185e+02
   3.2743478e+02   2.8329946e+02
   3.3950672e+02   2.9702055e+02
   3.2985109e+02   3.1492877e+02
   3.1149575e+02   3.2428072e+02
   2.9118468e+02   3.2675732e+02
   2.7076402e+02   3.2348345e+02
   2.5466111e+02   3.1004324e+02
   2.4937818e+02   2.9355124e+02
   2.7005926e+02   2.8289902e+02
   2.9296775e+02   2.8352282e+02
   3.1607758e+02   2.8388781e+02
   3.3460423e+02   2.9728051e+02
   3.1499252e+02   3.0622328e+02
   2.9393480e+02   3.0963814e+02
   2.6924030e+02   3.0791980e+02
