   2.0136291e+02   2.0671710e+02
   2.0044979e+02   2.3664414e+02
   2.0332301e+02   2.6645811e+02
   2.0541334e+02   2.9612342e+02
   2.1250488e+02   3.2502082e+02
   2.2801484e+02   3.5062065e+02
   2.4823869e+02   3.7240560e+02
   2.7303897e+02   3.8892754e+02
   3.0182660e+02   3.9457932e+02
   3.2996591e+02   3.8861591e+02
   3.5225209e+02   3.7036557e+02
   3.7064800e+02   3.4778799e+02
   3.8639215e+02   3.2337624e+02
   3.9546400e+02   2.9611487e+02
   4.0066097e+02   2.6738803e+02
   4.0394699e+02   2.3871455e+02
   4.0665344e+02   2.0988765e+02
   2.1543181e+02   1.9435505e+02
   2.2759596e+02   1.8646260e+02
   2.4208772e+02   1.8530089e+02
   2.5647913e+02   1.8785904e+02
   2.7078371e+02   1.9078050e+02
   3.2819390e+02   1.9109148e+02
   3.4053237e+02   1.8973344e+02
   3.5275515e+02   1.8873821e+02
   3.6512803e+02   1.8910289e+02
   3.7713382e+02   1.9149608e+02
   2.9755083e+02   2.1241668e+02
   2.9783458e+02   2.2813932e+02
   2.9796152e+02   2.4366832e+02
   2.9815228e+02   2.5923098e+02
   2.7551074e+02   2.7859623e+02
   2.8712312e+02   2.8293352e+02
   2.9928672e+02   2.8411702e+02
   3.1005665e+02   2.8256262e+02
   3.2023797e+02   2.7916041e+02
   2.3481579e+02   2.1616464e+02
   2.4665761e+02   2.0786649e+02
   2.6113062e+02   2.1009809e+02
   2.7165664e+02   2.2001107e+02
   2.5896586e+02   2.2229988e+02
   2.4613520e+02   2.2179000e+02
   3.2970276e+02   2.1730222e+02
   3.3925237e+02   2.0891533e+02
   3.5182008e+02   2.0822896e+02
   3.6173420e+02   2.1589585e+02
   3.5165798e+02   2.2083843e+02
   3.4039671e+02   2.2081879e+02
   2.5118511e+02   3.0486951e+02
   2.6747905e+02   3.0053647e+02
   2.8392848e+02   2.9663417e+02
   3.0038523e+02   2.9835177e+02
   3.1688564e+02   2.9570773e+02
   3.3344304e+02   2.9853980e+02
   3.5012865e+02   2.9978698e+02
   3.3641931e+02   3.1637960e+02
   3.2066049e+02   3.3046212e+02
   3.0022523e+02   3.3485905e+02
   2.8069247e+02   3.3037146e+02
   2.6337893e+02   3.2041275e+02
   2.5649509e+02   3.0696234e+02
   2.7780320e+02   3.0713604e+02
   2.9885811e+02   3.0830760e+02
   3.2176107e+02   3.0530332e+02
   3.4462568e+02   3.0237891e+02
   3.2327757e+02   3.1609903e+02
   2.9902043e+02   3.2304928e+02
   2.7641017e+02   3.1815212e+02
