   1.9989420e+02   2.0990352e+02
   2.0005214e+02   2.3917101e+02
   2.0248414e+02   2.6843675e+02
   2.0425960e+02   2.9750415e+02
   2.1027747e+02   3.2597777e+02
   2.2553283e+02   3.5064959e+02
   2.4519978e+02   3.7231511e+02
   2.6939046e+02   3.8835224e+02
   2.9777584e+02   3.9324603e+02
   3.2544858e+02   3.8691593e+02
   3.4835506e+02   3.6992211e+02
   3.6818032e+02   3.4903030e+02
   3.8362394e+02   3.2486015e+02
   3.9144955e+02   2.9735805e+02
   3.9693401e+02   2.6922163e+02
   4.0233581e+02   2.4121939e+02
   4.0395440e+02   2.1273220e+02
   2.1290031e+02   1.9246099e+02
   2.2558138e+02   1.8530128e+02
   2.3976244e+02   1.8280968e+02
   2.5405862e+02   1.8559518e+02
   2.6825235e+02   1.8837103e+02
   3.2524186e+02   1.8969686e+02
   3.3787626e+02   1.8809605e+02
   3.5045448e+02   1.8832837e+02
   3.6312059e+02   1.8888118e+02
   3.7534422e+02   1.9172908e+02
   2.9710703e+02   2.1267248e+02
   2.9739525e+02   2.2840512e+02
   2.9752652e+02   2.4394403e+02
   2.9772165e+02   2.5951661e+02
   2.7342648e+02   2.7919314e+02
   2.8456836e+02   2.8217424e+02
   2.9585761e+02   2.8327661e+02
   3.0686166e+02   2.8254481e+02
   3.1731543e+02   2.7949551e+02
   2.3134136e+02   2.1477612e+02
   2.4408488e+02   2.0668535e+02
   2.5909290e+02   2.0802123e+02
   2.6887440e+02   2.1908260e+02
   2.5584887e+02   2.2098308e+02
   2.4290752e+02   2.2038962e+02
   3.2745815e+02   2.1618176e+02
   3.3831216e+02   2.0749100e+02
   3.5224161e+02   2.0781355e+02
   3.6382666e+02   2.1538859e+02
   3.5200080e+02   2.2027952e+02
   3.3924135e+02   2.2080793e+02
   2.5069655e+02   3.0530894e+02
   2.6624590e+02   3.0112536e+02
   2.8174132e+02   2.9692925e+02
   2.9737796e+02   2.9845421e+02
   3.1366490e+02   2.9601167e+02
   3.2980065e+02   2.9906028e+02
   3.4617139e+02   3.0045175e+02
   3.3424419e+02   3.1660985e+02
   3.1841223e+02   3.2885753e+02
   2.9946767e+02   3.3461925e+02
   2.7998104e+02   3.3069049e+02
   2.6283584e+02   3.2071032e+02
   2.5591683e+02   3.0730822e+02
   2.7698394e+02   3.0726139e+02
   2.9796190e+02   3.0867151e+02
   3.1940846e+02   3.0495661e+02
   3.4094842e+02   3.0303172e+02
   3.2086000e+02   3.1611085e+02
   2.9775042e+02   3.2235672e+02
   2.7537526e+02   3.1841048e+02
