   2.0008703e+02   2.0982821e+02
   2.0036206e+02   2.3899262e+02
   2.0271183e+02   2.6815894e+02
   2.0442356e+02   2.9714248e+02
   2.1024358e+02   3.2554825e+02
   2.2544636e+02   3.5009503e+02
   2.4507310e+02   3.7168400e+02
   2.6914635e+02   3.8770740e+02
   2.9744749e+02   3.9255856e+02
   3.2501393e+02   3.8617994e+02
   3.4797952e+02   3.6935374e+02
   3.6796763e+02   3.4874935e+02
   3.8338392e+02   3.2465261e+02
   3.9111154e+02   2.9716793e+02
   3.9665150e+02   2.6915086e+02
   4.0234831e+02   2.4127443e+02
   4.0391743e+02   2.1287898e+02
   2.1289445e+02   1.9170977e+02
   2.2565682e+02   1.8465849e+02
   2.3981539e+02   1.8204175e+02
   2.5411276e+02   1.8481344e+02
   2.6828581e+02   1.8763277e+02
   3.2525304e+02   1.8905551e+02
   3.3793825e+02   1.8750078e+02
   3.5055415e+02   1.8784599e+02
   3.6324911e+02   1.8844855e+02
   3.7548566e+02   1.9138041e+02
   2.9737327e+02   2.1229055e+02
   2.9764960e+02   2.2801495e+02
   2.9776920e+02   2.4354561e+02
   2.9795261e+02   2.5910998e+02
   2.7337943e+02   2.7873671e+02
   2.8448412e+02   2.8156828e+02
   2.9568156e+02   2.8270460e+02
   3.0677145e+02   2.8207711e+02
   3.1730882e+02   2.7904784e+02
   2.3117155e+02   2.1406736e+02
   2.4408818e+02   2.0601544e+02
   2.5921446e+02   2.0724947e+02
   2.6890785e+02   2.1850449e+02
   2.5580452e+02   2.2044765e+02
   2.4277796e+02   2.1979854e+02
   3.2743917e+02   2.1553896e+02
   3.3854535e+02   2.0683374e+02
   3.5269591e+02   2.0733351e+02
   3.6447872e+02   2.1499170e+02
   3.5238490e+02   2.1989011e+02
   3.3938128e+02   2.2040602e+02
   2.5104389e+02   3.0481276e+02
   2.6650574e+02   3.0078132e+02
   2.8179856e+02   2.9649759e+02
   2.9724293e+02   2.9810936e+02
   3.1342240e+02   2.9569218e+02
   3.2944494e+02   2.9874460e+02
   3.4572273e+02   3.0012026e+02
   3.3403749e+02   3.1613477e+02
   3.1820296e+02   3.2799313e+02
   2.9950071e+02   3.3381298e+02
   2.8012719e+02   3.3002422e+02
   2.6306877e+02   3.2016754e+02
   2.5642149e+02   3.0692362e+02
   2.7727267e+02   3.0699882e+02
   2.9803571e+02   3.0841204e+02
   3.1913339e+02   3.0474656e+02
   3.4031783e+02   3.0279533e+02
   3.2050882e+02   3.1552887e+02
   2.9777328e+02   3.2145103e+02
   2.7567255e+02   3.1772526e+02
