   2.0055176e+02   2.1005165e+02
   2.0077920e+02   2.3916730e+02
   2.0306460e+02   2.6798317e+02
   2.0471370e+02   2.9671225e+02
   2.0949048e+02   3.2513958e+02
   2.2474022e+02   3.4973855e+02
   2.4337122e+02   3.7179931e+02
   2.6733485e+02   3.8749990e+02
   2.9562397e+02   3.9177653e+02
   3.2357661e+02   3.8738043e+02
   3.4713465e+02   3.7151178e+02
   3.6716105e+02   3.5123395e+02
   3.8305958e+02   3.2782982e+02
   3.9045089e+02   3.0016890e+02
   3.9609702e+02   2.7222659e+02
   4.0195972e+02   2.4434319e+02
   4.0553611e+02   2.1631899e+02
   2.1153369e+02   1.9108121e+02
   2.2472572e+02   1.8401679e+02
   2.3948179e+02   1.8237999e+02
   2.5414943e+02   1.8491497e+02
   2.6866944e+02   1.8802063e+02
   3.2421382e+02   1.9097173e+02
   3.3677511e+02   1.8820206e+02
   3.4949900e+02   1.8673315e+02
   3.6230152e+02   1.8711744e+02
   3.7474498e+02   1.8995977e+02
   2.9765431e+02   2.1266788e+02
   2.9790667e+02   2.2836363e+02
   2.9800288e+02   2.4386576e+02
   2.9816273e+02   2.5940163e+02
   2.7475731e+02   2.8004098e+02
   2.8524495e+02   2.8249774e+02
   2.9587465e+02   2.8295006e+02
   3.0577963e+02   2.8254985e+02
   3.1531455e+02   2.8020503e+02
   2.2944121e+02   2.1280697e+02
   2.4414740e+02   2.0464174e+02
   2.6074220e+02   2.0618195e+02
   2.7154814e+02   2.1851896e+02
   2.5685043e+02   2.2312717e+02
   2.4174755e+02   2.2162844e+02
   3.2472144e+02   2.1781284e+02
   3.3665106e+02   2.0595235e+02
   3.5365239e+02   2.0572841e+02
   3.6709920e+02   2.1587423e+02
   3.5372140e+02   2.2196907e+02
   3.3892965e+02   2.2161952e+02
   2.5848024e+02   3.1509612e+02
   2.6993135e+02   3.0812859e+02
   2.8234977e+02   3.0275661e+02
   2.9510799e+02   3.0554591e+02
   3.0778212e+02   3.0289723e+02
   3.2003783e+02   3.0781835e+02
   3.3233894e+02   3.1255694e+02
   3.2172557e+02   3.2106374e+02
   3.0887526e+02   3.2530736e+02
   2.9538750e+02   3.2615181e+02
   2.8217580e+02   3.2537833e+02
   2.6935753e+02   3.2211868e+02
   2.6639940e+02   3.1493646e+02
   2.8042681e+02   3.1406551e+02
   2.9434408e+02   3.1377209e+02
   3.0812586e+02   3.1341658e+02
   3.2161981e+02   3.1334475e+02
   3.0785025e+02   3.1331943e+02
   2.9439691e+02   3.1360365e+02
   2.8033994e+02   3.1388397e+02
