   2.0047320e+02   2.0940250e+02
   2.0078226e+02   2.3850344e+02
   2.0300487e+02   2.6754085e+02
   2.0460593e+02   2.9645284e+02
   2.0998876e+02   3.2484607e+02
   2.2514104e+02   3.4935092e+02
   2.4460884e+02   3.7094379e+02
   2.6854750e+02   3.8700362e+02
   2.9678169e+02   3.9181387e+02
   3.2433285e+02   3.8577547e+02
   3.4748200e+02   3.6925426e+02
   3.6762636e+02   3.4900485e+02
   3.8317102e+02   3.2511937e+02
   3.9087238e+02   2.9763818e+02
   3.9652946e+02   2.6974040e+02
   4.0254661e+02   2.4196814e+02
   4.0459252e+02   2.1372658e+02
   2.1273942e+02   1.9055102e+02
   2.2569123e+02   1.8359717e+02
   2.3999296e+02   1.8113082e+02
   2.5440011e+02   1.8380771e+02
   2.6863502e+02   1.8680905e+02
   3.2545793e+02   1.8859858e+02
   3.3819552e+02   1.8695895e+02
   3.5086990e+02   1.8700521e+02
   3.6361640e+02   1.8764880e+02
   3.7590039e+02   1.9067566e+02
   2.9786920e+02   2.1182292e+02
   2.9810436e+02   2.2755007e+02
   2.9818327e+02   2.4308303e+02
   2.9832592e+02   2.5864986e+02
   2.7361731e+02   2.7832406e+02
   2.8462312e+02   2.8101567e+02
   2.9568580e+02   2.8211913e+02
   3.0671205e+02   2.8162338e+02
   3.1721083e+02   2.7871032e+02
   2.3077853e+02   2.1284653e+02
   2.4426528e+02   2.0481360e+02
   2.5984627e+02   2.0605487e+02
   2.6969770e+02   2.1774674e+02
   2.5617011e+02   2.2033503e+02
   2.4257608e+02   2.1941726e+02
   3.2713627e+02   2.1514788e+02
   3.3872107e+02   2.0586674e+02
   3.5365737e+02   2.0643786e+02
   3.6589956e+02   2.1476646e+02
   3.5327955e+02   2.1991294e+02
   3.3966334e+02   2.2014404e+02
   2.5291925e+02   3.0604357e+02
   2.6759670e+02   3.0176295e+02
   2.8212054e+02   2.9715142e+02
   2.9682699e+02   2.9921103e+02
   3.1219402e+02   2.9678193e+02
   3.2737673e+02   3.0017807e+02
   3.4280364e+02   3.0214605e+02
   3.3148150e+02   3.1654962e+02
   3.1616652e+02   3.2648883e+02
   2.9865080e+02   3.3126190e+02
   2.8062804e+02   3.2820419e+02
   2.6449973e+02   3.1980342e+02
   2.5911281e+02   3.0798149e+02
   2.7831511e+02   3.0819078e+02
   2.9740065e+02   3.0927741e+02
   3.1669361e+02   3.0646795e+02
   3.3596925e+02   3.0467100e+02
   3.1759868e+02   3.1441259e+02
   2.9713139e+02   3.1871259e+02
   2.7703053e+02   3.1600144e+02
