   2.0064735e+02   2.0879235e+02
   2.0025818e+02   2.3838823e+02
   2.0294924e+02   2.6791842e+02
   2.0491797e+02   2.9729644e+02
   2.1152304e+02   3.2596865e+02
   2.2692899e+02   3.5110131e+02
   2.4697787e+02   3.7272433e+02
   2.7148001e+02   3.8903418e+02
   3.0005050e+02   3.9435501e+02
   3.2790131e+02   3.8813022e+02
   3.5040966e+02   3.7041231e+02
   3.6941205e+02   3.4864792e+02
   3.8497368e+02   3.2435371e+02
   3.9348930e+02   2.9702684e+02
   3.9878954e+02   2.6861131e+02
   4.0303010e+02   2.4028240e+02
   4.0522393e+02   2.1165645e+02
   2.1417060e+02   1.9405715e+02
   2.2656480e+02   1.8649946e+02
   2.4090490e+02   1.8471933e+02
   2.5525708e+02   1.8732436e+02
   2.6949648e+02   1.9020775e+02
   3.2676534e+02   1.9082866e+02
   3.3925122e+02   1.8944127e+02
   3.5162825e+02   1.8899635e+02
   3.6412430e+02   1.8945741e+02
   3.7621401e+02   1.9206775e+02
   2.9723596e+02   2.1303877e+02
   2.9753545e+02   2.2875335e+02
   2.9767802e+02   2.4427454e+02
   2.9788441e+02   2.5982932e+02
   2.7442165e+02   2.7926546e+02
   2.8585349e+02   2.8298830e+02
   2.9764444e+02   2.8417592e+02
   3.0860239e+02   2.8297766e+02
   3.1897364e+02   2.7968122e+02
   2.3311733e+02   2.1606162e+02
   2.4537270e+02   2.0785505e+02
   2.6010236e+02   2.0965181e+02
   2.7027965e+02   2.2009825e+02
   2.5744420e+02   2.2225047e+02
   2.4454744e+02   2.2169997e+02
   3.2856940e+02   2.1711146e+02
   3.3876931e+02   2.0866723e+02
   3.5194209e+02   2.0848886e+02
   3.6258271e+02   2.1612123e+02
   3.5169529e+02   2.2104384e+02
   3.3973827e+02   2.2124205e+02
   2.5091175e+02   3.0525708e+02
   2.6695787e+02   3.0116755e+02
   2.8294796e+02   2.9708463e+02
   2.9900521e+02   2.9876571e+02
   3.1540828e+02   2.9619395e+02
   3.3180599e+02   2.9903046e+02
   3.4838925e+02   3.0020192e+02
   3.3552388e+02   3.1670559e+02
   3.1968840e+02   3.3000016e+02
   2.9988318e+02   3.3506855e+02
   2.8032188e+02   3.3086597e+02
   2.6303081e+02   3.2088795e+02
   2.5628276e+02   3.0747186e+02
   2.7746466e+02   3.0767453e+02
   2.9845336e+02   3.0893617e+02
   3.2069195e+02   3.0562199e+02
   3.4294451e+02   3.0293259e+02
   3.2217503e+02   3.1644502e+02
   2.9845602e+02   3.2302050e+02
   2.7599073e+02   3.1859935e+02
