   1.8389628e+02   1.9422673e+02
   1.8607695e+02   2.3367817e+02
   1.8985178e+02   2.7299262e+02
   1.9808755e+02   3.1148612e+02
   2.1562517e+02   3.4673642e+02
   2.3945983e+02   3.7820166e+02
   2.6803041e+02   4.0538173e+02
   3.0124188e+02   4.2642212e+02
   3.3964154e+02   4.3109474e+02
   3.7525962e+02   4.1653018e+02
   4.0498257e+02   3.9270364e+02
   4.3023259e+02   3.6359372e+02
   4.5171609e+02   3.3223957e+02
   4.5681103e+02   2.9407191e+02
   4.5912160e+02   2.5598216e+02
   4.5931940e+02   2.1774262e+02
   4.5668060e+02   1.7945734e+02
   2.0193945e+02   1.8797024e+02
   2.2066961e+02   1.7657910e+02
   2.4282824e+02   1.7564866e+02
   2.6495902e+02   1.7844962e+02
   2.8635038e+02   1.8430302e+02
   3.4666215e+02   1.8258692e+02
   3.6621491e+02   1.7306427e+02
   3.8773022e+02   1.6947512e+02
   4.0929806e+02   1.6759164e+02
   4.2885784e+02   1.7575297e+02
   3.1873644e+02   2.0550358e+02
   3.1958311e+02   2.2608839e+02
   3.2061346e+02   2.4669517e+02
   3.2075576e+02   2.6714654e+02
   2.7980151e+02   2.8670240e+02
   3.0127398e+02   2.9285672e+02
   3.2321288e+02   2.9453589e+02
   3.4254163e+02   2.9030723e+02
   3.6046376e+02   2.8204382e+02
   2.3128046e+02   2.1287209e+02
   2.4622109e+02   2.0334227e+02
   2.6374411e+02   2.0321063e+02
   2.7786491e+02   2.1331945e+02
   2.6222988e+02   2.1578604e+02
   2.4659935e+02   2.1604264e+02
   3.5934830e+02   2.0847279e+02
   3.7225730e+02   1.9978651e+02
   3.8776641e+02   1.9871277e+02
   4.0178659e+02   2.0521416e+02
   3.8792172e+02   2.0941764e+02
   3.7361050e+02   2.1007934e+02
   2.6003873e+02   3.2539244e+02
   2.8127727e+02   3.1863627e+02
   3.0320571e+02   3.1390581e+02
   3.2539273e+02   3.1495601e+02
   3.4713537e+02   3.0914193e+02
   3.6951368e+02   3.0836785e+02
   3.9097017e+02   3.1341432e+02
   3.7783587e+02   3.3668906e+02
   3.5767629e+02   3.5347844e+02
   3.3219780e+02   3.5986558e+02
   3.0395271e+02   3.5951805e+02
   2.7891648e+02   3.4612614e+02
   2.7144214e+02   3.2518323e+02
   2.9907568e+02   3.2649527e+02
   3.2677950e+02   3.2644792e+02
   3.5500032e+02   3.2127507e+02
   3.8246789e+02   3.1541756e+02
   3.5762821e+02   3.3301186e+02
   3.2800093e+02   3.4131537e+02
   2.9768534e+02   3.3866898e+02
