   1.8284370e+02   1.9360358e+02
   1.8505376e+02   2.3318862e+02
   1.8870030e+02   2.7267528e+02
   1.9693871e+02   3.1133997e+02
   2.1470672e+02   3.4664373e+02
   2.3867996e+02   3.7816851e+02
   2.6739109e+02   4.0543663e+02
   3.0068240e+02   4.2662292e+02
   3.3922950e+02   4.3126969e+02
   3.7481959e+02   4.1625971e+02
   4.0452405e+02   3.9231738e+02
   4.2972410e+02   3.6301843e+02
   4.5124817e+02   3.3162594e+02
   4.5618250e+02   2.9333919e+02
   4.5843905e+02   2.5516513e+02
   4.5844668e+02   2.1684003e+02
   4.5567928e+02   1.7847589e+02
   2.0071572e+02   1.8822308e+02
   2.1935897e+02   1.7653693e+02
   2.4158225e+02   1.7558112e+02
   2.6378330e+02   1.7839295e+02
   2.8526830e+02   1.8417770e+02
   3.4568840e+02   1.8237079e+02
   3.6517618e+02   1.7278432e+02
   3.8668119e+02   1.6920144e+02
   4.0822379e+02   1.6712266e+02
   4.2774294e+02   1.7527169e+02
   3.1780856e+02   2.0546989e+02
   3.1859502e+02   2.2597936e+02
   3.1964709e+02   2.4651562e+02
   3.1972381e+02   2.6690304e+02
   2.7830287e+02   2.8599482e+02
   3.0006977e+02   2.9238567e+02
   3.2232152e+02   2.9414211e+02
   3.4195238e+02   2.8978948e+02
   3.6014471e+02   2.8130634e+02
   2.3040826e+02   2.1278061e+02
   2.4531600e+02   2.0326201e+02
   2.6280588e+02   2.0318600e+02
   2.7689757e+02   2.1327916e+02
   2.6128694e+02   2.1572671e+02
   2.4569191e+02   2.1598383e+02
   3.5831012e+02   2.0822207e+02
   3.7121083e+02   1.9956106e+02
   3.8668231e+02   1.9838575e+02
   4.0066464e+02   2.0487744e+02
   3.8683444e+02   2.0911242e+02
   3.7254635e+02   2.0982280e+02
   2.5800388e+02   3.2418138e+02
   2.7988728e+02   3.1795286e+02
   3.0211405e+02   3.1331881e+02
   3.2456333e+02   3.1423011e+02
   3.4657085e+02   3.0839636e+02
   3.6922061e+02   3.0726090e+02
   3.9123441e+02   3.1170988e+02
   3.7808381e+02   3.3578559e+02
   3.5769503e+02   3.5339480e+02
   3.3163301e+02   3.6011833e+02
   3.0268602e+02   3.5983432e+02
   2.7712774e+02   3.4573865e+02
   2.6925613e+02   3.2411291e+02
   2.9759591e+02   3.2585157e+02
   3.2595998e+02   3.2577060e+02
   3.5473482e+02   3.2035737e+02
   3.8270248e+02   3.1386586e+02
   3.5759818e+02   3.3285175e+02
   3.2728252e+02   3.4155772e+02
   2.9611091e+02   3.3877393e+02
