   2.5706901e+02   2.2489183e+02
   2.5892678e+02   2.4760977e+02
   2.6216430e+02   2.7030169e+02
   2.6787204e+02   2.9223058e+02
   2.7543972e+02   3.1383762e+02
   2.8659883e+02   3.3364149e+02
   3.0265263e+02   3.4969877e+02
   3.2172199e+02   3.6171680e+02
   3.4397149e+02   3.6495563e+02
   3.6784822e+02   3.6280114e+02
   3.8908745e+02   3.5193526e+02
   4.0798240e+02   3.3702723e+02
   4.2386321e+02   3.1896714e+02
   4.3170712e+02   2.9646470e+02
   4.3594499e+02   2.7269361e+02
   4.3951027e+02   2.4884772e+02
   4.4290048e+02   2.2524290e+02
   2.7028560e+02   2.0217454e+02
   2.8314916e+02   1.9165490e+02
   2.9992562e+02   1.8948370e+02
   3.1678244e+02   1.9158062e+02
   3.3189823e+02   1.9874072e+02
   3.5619732e+02   2.0017443e+02
   3.7253007e+02   1.9362396e+02
   3.9025422e+02   1.9277415e+02
   4.0789033e+02   1.9421401e+02
   4.2113299e+02   2.0500223e+02
   3.4490441e+02   2.1776963e+02
   3.4486343e+02   2.2932406e+02
   3.4482486e+02   2.4085923e+02
   3.4449267e+02   2.5225062e+02
   3.2574366e+02   2.7318777e+02
   3.3468606e+02   2.7438938e+02
   3.4362426e+02   2.7504777e+02
   3.5193911e+02   2.7443697e+02
   3.6016031e+02   2.7350133e+02
   2.8440727e+02   2.1828675e+02
   2.9698458e+02   2.1396185e+02
   3.1014469e+02   2.1354949e+02
   3.2199503e+02   2.1899773e+02
   3.0937576e+02   2.2037000e+02
   2.9665928e+02   2.2079489e+02
   3.6760945e+02   2.2035186e+02
   3.7902927e+02   2.1520136e+02
   3.9142936e+02   2.1519759e+02
   4.0269093e+02   2.2036937e+02
   3.9096198e+02   2.2176405e+02
   3.7925629e+02   2.2166908e+02
   3.0279808e+02   3.0415581e+02
   3.1490526e+02   2.9566033e+02
   3.2884132e+02   2.9121942e+02
   3.4297862e+02   2.9419760e+02
   3.5705778e+02   2.9221395e+02
   3.7056364e+02   2.9697593e+02
   3.8195764e+02   3.0549339e+02
   3.6917587e+02   3.0773737e+02
   3.5655467e+02   3.0971148e+02
   3.4371919e+02   3.1051228e+02
   3.2968633e+02   3.1031496e+02
   3.1600854e+02   3.0845167e+02
   3.1580458e+02   3.0282118e+02
   3.2919870e+02   3.0113022e+02
   3.4258299e+02   3.0149666e+02
   3.5399651e+02   3.0088767e+02
   3.6516195e+02   3.0262065e+02
   3.5378085e+02   3.0178276e+02
   3.4260617e+02   3.0240852e+02
   3.2915192e+02   3.0205812e+02
