   1.6500626e+02   2.5210346e+02
   1.6794432e+02   2.8568467e+02
   1.7733717e+02   3.1770333e+02
   1.8988149e+02   3.4891292e+02
   2.0463510e+02   3.7882774e+02
   2.2968850e+02   4.0096958e+02
   2.6054833e+02   4.1423525e+02
   2.9294895e+02   4.2150050e+02
   3.2623592e+02   4.1959276e+02
   3.5700018e+02   4.1140512e+02
   3.8487140e+02   3.9571408e+02
   4.0636207e+02   3.7227114e+02
   4.2071248e+02   3.4411228e+02
   4.2287106e+02   3.1231540e+02
   4.2467886e+02   2.8052767e+02
   4.2491137e+02   2.4895758e+02
   4.1483281e+02   2.1906471e+02
   1.8303248e+02   2.2640797e+02
   1.9513396e+02   2.0457554e+02
   2.1566804e+02   1.9126110e+02
   2.3982267e+02   1.9724919e+02
   2.6348818e+02   2.0366190e+02
   3.0554279e+02   2.0250087e+02
   3.2795650e+02   1.8896085e+02
   3.5153586e+02   1.7872049e+02
   3.7659682e+02   1.8388310e+02
   3.9396873e+02   2.0247520e+02
   2.9001879e+02   2.1417079e+02
   2.9390766e+02   2.3620575e+02
   2.9745158e+02   2.5816470e+02
   3.0197072e+02   2.7993730e+02
   2.6384386e+02   2.9629021e+02
   2.8484764e+02   3.0234927e+02
   3.0653095e+02   3.0219153e+02
   3.2321435e+02   2.9759258e+02
   3.3817266e+02   2.8938820e+02
   2.0895523e+02   2.3859071e+02
   2.2050616e+02   2.2384848e+02
   2.3967624e+02   2.2293672e+02
   2.5563070e+02   2.3326441e+02
   2.4056106e+02   2.3876269e+02
   2.2479718e+02   2.4041183e+02
   3.2417324e+02   2.2488737e+02
   3.3705171e+02   2.1118030e+02
   3.5541522e+02   2.0746018e+02
   3.7060325e+02   2.1750732e+02
   3.5616641e+02   2.2431153e+02
   3.4017455e+02   2.2475940e+02
   2.5790192e+02   3.4416136e+02
   2.7408870e+02   3.3345557e+02
   2.9071229e+02   3.2354043e+02
   3.0933593e+02   3.2556911e+02
   3.2575308e+02   3.1773335e+02
   3.4399197e+02   3.2011052e+02
   3.6012448e+02   3.2891981e+02
   3.4888171e+02   3.4346946e+02
   3.3258831e+02   3.5242341e+02
   3.1466400e+02   3.5648905e+02
   2.9427559e+02   3.5893565e+02
   2.7393565e+02   3.5635094e+02
   2.6924396e+02   3.4355178e+02
   2.9038810e+02   3.3861926e+02
   3.1162978e+02   3.3602288e+02
   3.3181941e+02   3.3184015e+02
   3.5242198e+02   3.3040878e+02
   3.3156543e+02   3.3221457e+02
   3.1139056e+02   3.3635976e+02
   2.9002276e+02   3.3904943e+02
