   1.6475771e+02   2.5194526e+02
   1.6770080e+02   2.8556940e+02
   1.7722614e+02   3.1775489e+02
   1.8970638e+02   3.4905765e+02
   2.0467212e+02   3.7899338e+02
   2.2977200e+02   4.0127150e+02
   2.6063112e+02   4.1474373e+02
   2.9322828e+02   4.2180668e+02
   3.2656928e+02   4.1979393e+02
   3.5732008e+02   4.1133297e+02
   3.8518153e+02   3.9562081e+02
   4.0663467e+02   3.7212812e+02
   4.2099781e+02   3.4395015e+02
   4.2311631e+02   3.1213819e+02
   4.2493619e+02   2.8029816e+02
   4.2507771e+02   2.4863714e+02
   4.1501563e+02   2.1873893e+02
   1.8298118e+02   2.2511571e+02
   1.9513693e+02   2.0355176e+02
   2.1574777e+02   1.9070354e+02
   2.3968872e+02   1.9670088e+02
   2.6308082e+02   2.0347298e+02
   3.0578980e+02   2.0266346e+02
   3.2803572e+02   1.8882791e+02
   3.5150993e+02   1.7843795e+02
   3.7657532e+02   1.8339255e+02
   3.9419600e+02   2.0169611e+02
   2.8973858e+02   2.1393965e+02
   2.9381477e+02   2.3599879e+02
   2.9752357e+02   2.5798868e+02
   3.0204712e+02   2.7980762e+02
   2.6411802e+02   2.9633659e+02
   2.8505243e+02   3.0222418e+02
   3.0663037e+02   3.0209047e+02
   3.2348002e+02   2.9739088e+02
   3.3850217e+02   2.8892770e+02
   2.0852758e+02   2.3792097e+02
   2.2050033e+02   2.2313181e+02
   2.3989100e+02   2.2218386e+02
   2.5567909e+02   2.3306942e+02
   2.4042906e+02   2.3843636e+02
   2.2448627e+02   2.3990568e+02
   3.2429061e+02   2.2466469e+02
   3.3689074e+02   2.1068308e+02
   3.5530480e+02   2.0706783e+02
   3.7076060e+02   2.1693908e+02
   3.5642516e+02   2.2400545e+02
   3.4034677e+02   2.2451392e+02
   2.5849757e+02   3.4449012e+02
   2.7433132e+02   3.3319703e+02
   2.9094278e+02   3.2315628e+02
   3.0963665e+02   3.2508358e+02
   3.2632816e+02   3.1762829e+02
   3.4465716e+02   3.1999782e+02
   3.6062876e+02   3.2911364e+02
   3.4932139e+02   3.4397014e+02
   3.3305479e+02   3.5328122e+02
   3.1489627e+02   3.5728697e+02
   2.9428964e+02   3.5984974e+02
   2.7370840e+02   3.5751938e+02
   2.7121401e+02   3.4356192e+02
   2.9127388e+02   3.3805451e+02
   3.1177593e+02   3.3574115e+02
   3.3036360e+02   3.3166702e+02
   3.4930914e+02   3.3086753e+02
   3.3026439e+02   3.3333332e+02
   3.1170530e+02   3.3761207e+02
   2.9118887e+02   3.3996328e+02
