   2.0695671e+02   2.2137398e+02
   2.0857041e+02   2.5252865e+02
   2.1206643e+02   2.8330265e+02
   2.1716698e+02   3.1412108e+02
   2.2697617e+02   3.4353337e+02
   2.4249968e+02   3.7028495e+02
   2.6328320e+02   3.9338036e+02
   2.8953800e+02   4.0949307e+02
   3.1997401e+02   4.1215078e+02
   3.4929391e+02   4.0408143e+02
   3.7409014e+02   3.8625800e+02
   3.9797530e+02   3.6667987e+02
   4.1722954e+02   3.4318145e+02
   4.2588991e+02   3.1380984e+02
   4.3016951e+02   2.8354016e+02
   4.3328093e+02   2.5296896e+02
   4.3578295e+02   2.2257378e+02
   2.2360153e+02   1.8931554e+02
   2.3884372e+02   1.8112796e+02
   2.5533276e+02   1.7642215e+02
   2.7256403e+02   1.7775441e+02
   2.8963017e+02   1.7979347e+02
   3.4353458e+02   1.8322589e+02
   3.6162910e+02   1.8201229e+02
   3.7955541e+02   1.8176574e+02
   3.9755339e+02   1.8225583e+02
   4.1294486e+02   1.9077199e+02
   3.2538200e+02   2.1233587e+02
   3.2623412e+02   2.3180052e+02
   3.2710306e+02   2.5114219e+02
   3.2641983e+02   2.7030737e+02
   3.0603177e+02   2.8214921e+02
   3.1539181e+02   2.8312135e+02
   3.2468588e+02   2.8390604e+02
   3.3225262e+02   2.8378521e+02
   3.3976237e+02   2.8451217e+02
   2.4723304e+02   2.1436991e+02
   2.6196602e+02   2.0453070e+02
   2.7971355e+02   2.0617355e+02
   2.9481498e+02   2.1580433e+02
   2.7866683e+02   2.1998878e+02
   2.6211806e+02   2.2104157e+02
   3.4930151e+02   2.1755044e+02
   3.6384081e+02   2.0697628e+02
   3.8172519e+02   2.0838214e+02
   3.9400379e+02   2.2113208e+02
   3.7909688e+02   2.2423979e+02
   3.6387544e+02   2.2181409e+02
   2.7603843e+02   3.3051944e+02
   2.9060374e+02   3.2171709e+02
   3.0622859e+02   3.1551375e+02
   3.2262077e+02   3.1774005e+02
   3.3583894e+02   3.1508833e+02
   3.4732801e+02   3.2314827e+02
   3.5824503e+02   3.3186692e+02
   3.4441181e+02   3.3996566e+02
   3.3083320e+02   3.4833185e+02
   3.1550892e+02   3.5117690e+02
   3.0164558e+02   3.4530400e+02
   2.8974272e+02   3.3615675e+02
   2.8985200e+02   3.2590283e+02
   3.0500275e+02   3.2623537e+02
   3.1985907e+02   3.2844856e+02
   3.3252217e+02   3.2705000e+02
   3.4513613e+02   3.2832331e+02
   3.3238247e+02   3.2784363e+02
   3.1986872e+02   3.2925982e+02
   3.0488304e+02   3.2692206e+02
