   2.4939808e+02   2.1758284e+02
   2.5261368e+02   2.4227891e+02
   2.5585014e+02   2.6683316e+02
   2.5887445e+02   2.9144036e+02
   2.6612324e+02   3.1508079e+02
   2.8035654e+02   3.3505160e+02
   3.0086148e+02   3.4895513e+02
   3.2231923e+02   3.6165800e+02
   3.4619499e+02   3.6571450e+02
   3.6782123e+02   3.6029080e+02
   3.8657400e+02   3.4796987e+02
   4.0413601e+02   3.3413169e+02
   4.1579982e+02   3.1506794e+02
   4.2175032e+02   2.9357680e+02
   4.2271506e+02   2.7126107e+02
   4.2607530e+02   2.4899897e+02
   4.2927476e+02   2.2693749e+02
   2.7826586e+02   2.1078817e+02
   2.9349746e+02   2.0271990e+02
   3.1041449e+02   1.9907982e+02
   3.2781143e+02   1.9922983e+02
   3.4499124e+02   2.0059790e+02
   3.6076515e+02   2.0274566e+02
   3.7842330e+02   1.9964921e+02
   3.9617146e+02   2.0137798e+02
   4.1234578e+02   2.0876423e+02
   4.2204081e+02   2.2336719e+02
   3.5191682e+02   2.2037419e+02
   3.5202521e+02   2.3434500e+02
   3.5229409e+02   2.4816226e+02
   3.5224671e+02   2.6196395e+02
   3.2153292e+02   2.6830157e+02
   3.3587829e+02   2.7526649e+02
   3.5154674e+02   2.7770423e+02
   3.6313410e+02   2.7632847e+02
   3.7413785e+02   2.7270339e+02
   2.9652173e+02   2.2239051e+02
   3.0714487e+02   2.1639765e+02
   3.1920867e+02   2.1663968e+02
   3.2874941e+02   2.2382811e+02
   3.1793588e+02   2.2547463e+02
   3.0699897e+02   2.2516273e+02
   3.7072310e+02   2.2593091e+02
   3.8122490e+02   2.1970980e+02
   3.9334232e+02   2.2046598e+02
   4.0246624e+02   2.2835820e+02
   3.9175170e+02   2.2930976e+02
   3.8106545e+02   2.2848910e+02
   3.0619626e+02   2.9528223e+02
   3.2045177e+02   2.9223251e+02
   3.3497409e+02   2.9101658e+02
   3.4930231e+02   2.9295968e+02
   3.6236070e+02   2.9164350e+02
   3.7489141e+02   2.9605949e+02
   3.8750853e+02   2.9993625e+02
   3.7946868e+02   3.1479372e+02
   3.6546244e+02   3.2396623e+02
   3.4889010e+02   3.2528891e+02
   3.3072130e+02   3.2261067e+02
   3.1645973e+02   3.1068802e+02
   3.1082325e+02   2.9744400e+02
   3.2989153e+02   2.9712498e+02
   3.4868588e+02   2.9965420e+02
   3.6581220e+02   2.9965645e+02
   3.8273162e+02   3.0092138e+02
   3.6794075e+02   3.1343807e+02
   3.4885061e+02   3.1458835e+02
   3.2819159e+02   3.0957777e+02
