   2.5070788e+02   2.2073934e+02
   2.5327609e+02   2.4470011e+02
   2.5533359e+02   2.6875583e+02
   2.5883692e+02   2.9253734e+02
   2.6359337e+02   3.1611892e+02
   2.7855012e+02   3.3463873e+02
   2.9881590e+02   3.4747773e+02
   3.1957672e+02   3.5971736e+02
   3.4285938e+02   3.6388763e+02
   3.6456854e+02   3.6118638e+02
   3.8312868e+02   3.4945719e+02
   3.9985625e+02   3.3505801e+02
   4.1128752e+02   3.1629595e+02
   4.1806431e+02   2.9522254e+02
   4.2285092e+02   2.7368907e+02
   4.2646833e+02   2.5191557e+02
   4.2864220e+02   2.2996059e+02
   2.7477599e+02   2.1249692e+02
   2.8718094e+02   2.0004757e+02
   3.0384007e+02   1.9515082e+02
   3.2135986e+02   1.9743205e+02
   3.3828683e+02   2.0197349e+02
   3.6131239e+02   2.0402709e+02
   3.7883021e+02   2.0003374e+02
   3.9648213e+02   1.9848513e+02
   4.1272337e+02   2.0520088e+02
   4.2069443e+02   2.2048385e+02
   3.5104232e+02   2.1873211e+02
   3.5197189e+02   2.3328242e+02
   3.5240976e+02   2.4768318e+02
   3.5285677e+02   2.6216220e+02
   3.2446837e+02   2.7392538e+02
   3.3627719e+02   2.7856441e+02
   3.4883678e+02   2.7971894e+02
   3.5922986e+02   2.7928675e+02
   3.6949006e+02   2.7784880e+02
   2.9353897e+02   2.2194284e+02
   3.0447183e+02   2.1527298e+02
   3.1708163e+02   2.1541182e+02
   3.2671245e+02   2.2338558e+02
   3.1550706e+02   2.2673509e+02
   3.0398144e+02   2.2666656e+02
   3.6958782e+02   2.2618056e+02
   3.7900302e+02   2.1850753e+02
   3.9117744e+02   2.1961807e+02
   4.0097448e+02   2.2693555e+02
   3.9062720e+02   2.3032950e+02
   3.7989537e+02   2.2957912e+02
   3.1304167e+02   3.0628764e+02
   3.2409242e+02   3.0056722e+02
   3.3507024e+02   2.9481448e+02
   3.4673025e+02   2.9705971e+02
   3.5855860e+02   2.9546278e+02
   3.6862275e+02   3.0283042e+02
   3.7841920e+02   3.1028508e+02
   3.6844180e+02   3.1675826e+02
   3.5728960e+02   3.2089932e+02
   3.4549051e+02   3.2153155e+02
   3.3325881e+02   3.1983572e+02
   3.2244957e+02   3.1415385e+02
   3.1878067e+02   3.0590973e+02
   3.3259380e+02   3.0490037e+02
   3.4639075e+02   3.0570096e+02
   3.6023232e+02   3.0617998e+02
   3.7356911e+02   3.0912016e+02
   3.5995384e+02   3.0704160e+02
   3.4620075e+02   3.0683992e+02
   3.3240881e+02   3.0595590e+02
