   1.8144008e+02   1.8674830e+02
   1.8172059e+02   2.1975788e+02
   1.8912253e+02   2.5182944e+02
   1.9747210e+02   2.8374782e+02
   2.0851208e+02   3.1472734e+02
   2.2910649e+02   3.4022642e+02
   2.5566563e+02   3.5980780e+02
   2.8690873e+02   3.6969657e+02
   3.1955430e+02   3.7154692e+02
   3.4774286e+02   3.6234317e+02
   3.7223702e+02   3.4598461e+02
   3.9340821e+02   3.2554635e+02
   4.0876197e+02   3.0015198e+02
   4.1799085e+02   2.7213055e+02
   4.1973406e+02   2.4272545e+02
   4.2062223e+02   2.1308506e+02
   4.1825699e+02   1.8386270e+02
   2.0386989e+02   1.7170939e+02
   2.1779793e+02   1.6103538e+02
   2.3461815e+02   1.5635666e+02
   2.5210133e+02   1.5659131e+02
   2.6951327e+02   1.5850118e+02
   3.2881270e+02   1.5342970e+02
   3.4477646e+02   1.5101059e+02
   3.6042840e+02   1.4779723e+02
   3.7605679e+02   1.5121353e+02
   3.9083799e+02   1.5741252e+02
   3.0158980e+02   1.7734481e+02
   3.0208842e+02   1.9618181e+02
   3.0246590e+02   2.1509633e+02
   3.0203023e+02   2.3380480e+02
   2.7857981e+02   2.5421981e+02
   2.9053945e+02   2.5394636e+02
   3.0246670e+02   2.5378292e+02
   3.1405519e+02   2.5352058e+02
   3.2548493e+02   2.5291181e+02
   2.3079901e+02   1.9038172e+02
   2.4415443e+02   1.7921584e+02
   2.6168805e+02   1.7908079e+02
   2.7422986e+02   1.9081132e+02
   2.5979520e+02   1.9461558e+02
   2.4494695e+02   1.9483874e+02
   3.2460897e+02   1.8515985e+02
   3.3838310e+02   1.7279824e+02
   3.5684041e+02   1.7167248e+02
   3.7194821e+02   1.8211457e+02
   3.5680029e+02   1.8742314e+02
   3.4063098e+02   1.8726569e+02
   2.6048473e+02   2.9228533e+02
   2.7558400e+02   2.8430262e+02
   2.9090184e+02   2.7727800e+02
   3.0709401e+02   2.7998640e+02
   3.2161319e+02   2.7441280e+02
   3.3705607e+02   2.7864163e+02
   3.5205313e+02   2.8355318e+02
   3.4051894e+02   2.9580320e+02
   3.2438545e+02   3.0210222e+02
   3.0723340e+02   3.0340248e+02
   2.9088030e+02   3.0245345e+02
   2.7499979e+02   2.9898125e+02
   2.8401347e+02   2.8737916e+02
   2.9603352e+02   2.8625758e+02
   3.0794392e+02   2.8502595e+02
   3.2098092e+02   2.8508041e+02
   3.3394456e+02   2.8494455e+02
   3.2105836e+02   2.8623340e+02
   3.0825435e+02   2.8588649e+02
   2.9604118e+02   2.8664920e+02
