   1.8124777e+02   1.8654730e+02
   1.8152682e+02   2.1958782e+02
   1.8890658e+02   2.5158631e+02
   1.9723467e+02   2.8343028e+02
   2.0818354e+02   3.1436765e+02
   2.2871389e+02   3.3994439e+02
   2.5515910e+02   3.5958162e+02
   2.8635097e+02   3.6958547e+02
   3.1888381e+02   3.7145501e+02
   3.4728369e+02   3.6254891e+02
   3.7190293e+02   3.4617982e+02
   3.9316297e+02   3.2578879e+02
   4.0864673e+02   3.0033614e+02
   4.1797954e+02   2.7221096e+02
   4.1975256e+02   2.4278341e+02
   4.2064734e+02   2.1301830e+02
   4.1828187e+02   1.8367196e+02
   2.0369896e+02   1.7149584e+02
   2.1592679e+02   1.5860464e+02
   2.3284454e+02   1.5278940e+02
   2.5066984e+02   1.5289276e+02
   2.6848783e+02   1.5293698e+02
   3.2259643e+02   1.4943979e+02
   3.4019777e+02   1.4528431e+02
   3.5798453e+02   1.4340246e+02
   3.7578582e+02   1.4578866e+02
   3.9079293e+02   1.5511163e+02
   3.0150812e+02   1.7714174e+02
   3.0200616e+02   1.9599604e+02
   3.0238296e+02   2.1492791e+02
   3.0194587e+02   2.3365350e+02
   2.7847285e+02   2.5408595e+02
   2.9044346e+02   2.5381289e+02
   3.0238165e+02   2.5364995e+02
   3.1398078e+02   2.5338800e+02
   3.2542102e+02   2.5277930e+02
   2.3065174e+02   1.9018674e+02
   2.4376433e+02   1.7784734e+02
   2.6202956e+02   1.7777534e+02
   2.7412236e+02   1.9061910e+02
   2.5967427e+02   1.9442606e+02
   2.4481240e+02   1.9464862e+02
   3.2454796e+02   1.8496521e+02
   3.3780959e+02   1.7068822e+02
   3.5741299e+02   1.6938463e+02
   3.7193074e+02   1.8191971e+02
   3.5676865e+02   1.8723232e+02
   3.4058453e+02   1.8707384e+02
   2.6234945e+02   2.9968449e+02
   2.7452684e+02   2.8630194e+02
   2.9010575e+02   2.7736064e+02
   3.0717515e+02   2.8062922e+02
   3.2336356e+02   2.7452568e+02
   3.3980169e+02   2.8127859e+02
   3.5576133e+02   2.8931025e+02
   3.4355959e+02   2.9919758e+02
   3.3041202e+02   3.0755388e+02
   3.1564273e+02   3.1244351e+02
   2.9692437e+02   3.1414126e+02
   2.7915607e+02   3.0820088e+02
   2.8328833e+02   2.9572741e+02
   2.9636161e+02   2.9444796e+02
   3.0935356e+02   2.9353715e+02
   3.2238388e+02   2.9186086e+02
   3.3541984e+02   2.9141579e+02
   3.2226273e+02   2.9233581e+02
   3.0936997e+02   2.9398246e+02
   2.9628279e+02   2.9524798e+02
