   1.8136249e+02   1.8661609e+02
   1.8163523e+02   2.1963695e+02
   1.8908985e+02   2.5194177e+02
   1.9749285e+02   2.8409624e+02
   2.0874139e+02   3.1524234e+02
   2.2951172e+02   3.4064325e+02
   2.5636892e+02   3.6016154e+02
   2.8779127e+02   3.6983967e+02
   3.2075260e+02   3.7166579e+02
   3.4856196e+02   3.6181527e+02
   3.7285263e+02   3.4544890e+02
   3.9389158e+02   3.2486928e+02
   4.0901294e+02   2.9954443e+02
   4.1805131e+02   2.7168121e+02
   4.1974538e+02   2.4225573e+02
   4.2063132e+02   2.1281208e+02
   4.1827069e+02   1.8378471e+02
   2.0380440e+02   1.7157667e+02
   2.1861290e+02   1.6230029e+02
   2.3471524e+02   1.5635890e+02
   2.5205269e+02   1.5665031e+02
   2.6908608e+02   1.5867200e+02
   3.2647582e+02   1.5326442e+02
   3.4299443e+02   1.5132977e+02
   3.5928786e+02   1.4953702e+02
   3.7581089e+02   1.5082852e+02
   3.9084290e+02   1.5706790e+02
   3.0156038e+02   1.7723707e+02
   3.0205479e+02   1.9608140e+02
   3.0242800e+02   2.1500325e+02
   3.0198779e+02   2.3371877e+02
   2.7852363e+02   2.5413612e+02
   2.9048791e+02   2.5386535e+02
   3.0241976e+02   2.5370463e+02
   3.1401275e+02   2.5344490e+02
   3.2544700e+02   2.5283857e+02
   2.3073946e+02   1.9026243e+02
   2.4407252e+02   1.7895561e+02
   2.6169870e+02   1.7883243e+02
   2.7418682e+02   1.9070234e+02
   2.5974575e+02   1.9450468e+02
   2.4489177e+02   1.9472447e+02
   3.2458653e+02   1.8506049e+02
   3.3804806e+02   1.7256365e+02
   3.5663222e+02   1.7177428e+02
   3.7194460e+02   1.8202510e+02
   3.5678964e+02   1.8733216e+02
   3.4061418e+02   1.8717087e+02
   2.6102109e+02   2.8694246e+02
   2.7574641e+02   2.8107269e+02
   2.9114882e+02   2.7713095e+02
   3.0669939e+02   2.7831753e+02
   3.2165119e+02   2.7436336e+02
   3.3714834e+02   2.7594554e+02
   3.5255072e+02   2.7738922e+02
   3.3839807e+02   2.8418865e+02
   3.2354208e+02   2.8857539e+02
   3.0827345e+02   2.9086289e+02
   2.9239165e+02   2.9093729e+02
   2.7648178e+02   2.8982182e+02
   2.8452887e+02   2.8291066e+02
   2.9596859e+02   2.8204092e+02
   3.0718174e+02   2.8064820e+02
   3.2042690e+02   2.8016497e+02
   3.3345885e+02   2.8061754e+02
   3.2031315e+02   2.8104018e+02
   3.0716763e+02   2.8154750e+02
   2.9585754e+02   2.8241071e+02
