   2.0542118e+02   2.1791783e+02
   2.1113245e+02   2.4542832e+02
   2.1823367e+02   2.7250411e+02
   2.2599963e+02   2.9934599e+02
   2.3711853e+02   3.2512837e+02
   2.5290970e+02   3.4823811e+02
   2.7393877e+02   3.6672845e+02
   2.9930931e+02   3.7788171e+02
   3.2704209e+02   3.7876309e+02
   3.5594794e+02   3.7611315e+02
   3.8227450e+02   3.6372635e+02
   4.0391882e+02   3.4405283e+02
   4.1924170e+02   3.1959459e+02
   4.2777665e+02   2.9157983e+02
   4.3106397e+02   2.6286706e+02
   4.3504566e+02   2.3398108e+02
   4.3904508e+02   2.0511504e+02
   2.3314907e+02   1.9509798e+02
   2.4720431e+02   1.8615105e+02
   2.6408035e+02   1.8498766e+02
   2.8101603e+02   1.8345233e+02
   2.9748538e+02   1.8013447e+02
   3.4500446e+02   1.7975735e+02
   3.6196395e+02   1.7938286e+02
   3.7863306e+02   1.7614210e+02
   3.9551236e+02   1.7818436e+02
   4.1195202e+02   1.8200641e+02
   3.2223334e+02   1.9851578e+02
   3.2265199e+02   2.2104372e+02
   3.2261977e+02   2.4354293e+02
   3.2300888e+02   2.6604476e+02
   3.0346688e+02   2.8261870e+02
   3.1442558e+02   2.8260524e+02
   3.2479648e+02   2.8598995e+02
   3.3653760e+02   2.8236138e+02
   3.4873596e+02   2.8187625e+02
   2.5746549e+02   2.0893687e+02
   2.6944379e+02   2.0029979e+02
   2.8429793e+02   2.0157384e+02
   2.9525153e+02   2.1155786e+02
   2.8208814e+02   2.1247073e+02
   2.6910968e+02   2.1420470e+02
   3.5173055e+02   2.0968633e+02
   3.6086424e+02   1.9687258e+02
   3.7700259e+02   1.9543877e+02
   3.9138460e+02   2.0258028e+02
   3.7937688e+02   2.0899168e+02
   3.6553284e+02   2.0939519e+02
   2.8801757e+02   3.1828786e+02
   2.9927559e+02   3.0984572e+02
   3.1244751e+02   3.0500423e+02
   3.2602914e+02   3.0698773e+02
   3.4099056e+02   3.0434698e+02
   3.5553665e+02   3.0926879e+02
   3.6894712e+02   3.1646141e+02
   3.5508599e+02   3.2269111e+02
   3.4131170e+02   3.2858058e+02
   3.2638777e+02   3.2952755e+02
   3.1303051e+02   3.2824916e+02
   3.0046904e+02   3.2308571e+02
   2.9737642e+02   3.1181607e+02
   3.0673527e+02   3.1172253e+02
   3.2580373e+02   3.1368582e+02
   3.4768241e+02   3.1136831e+02
   3.5831476e+02   3.1151336e+02
   3.4743823e+02   3.1165842e+02
   3.2597128e+02   3.1402119e+02
   3.0652678e+02   3.1190961e+02
