   2.0550334e+02   2.1810128e+02
   2.1105650e+02   2.4564148e+02
   2.1817946e+02   2.7269533e+02
   2.2591970e+02   2.9952749e+02
   2.3715871e+02   3.2524565e+02
   2.5293372e+02   3.4835861e+02
   2.7390947e+02   3.6683468e+02
   2.9926668e+02   3.7814185e+02
   3.2692963e+02   3.7927784e+02
   3.5590263e+02   3.7641427e+02
   3.8228434e+02   3.6411172e+02
   4.0386541e+02   3.4438603e+02
   4.1922561e+02   3.1988810e+02
   4.2773737e+02   2.9187694e+02
   4.3108465e+02   2.6309435e+02
   4.3507500e+02   2.3418475e+02
   4.3907652e+02   2.0532537e+02
   2.3230494e+02   1.9542889e+02
   2.4614853e+02   1.8597950e+02
   2.6318148e+02   1.8465137e+02
   2.8030041e+02   1.8296085e+02
   2.9699212e+02   1.7983638e+02
   3.4545965e+02   1.7948123e+02
   3.6229446e+02   1.7876253e+02
   3.7885863e+02   1.7571388e+02
   3.9561840e+02   1.7775619e+02
   4.1179142e+02   1.8200063e+02
   3.2229148e+02   1.9871557e+02
   3.2270758e+02   2.2111407e+02
   3.2267224e+02   2.4350708e+02
   3.2305045e+02   2.6589675e+02
   3.0259821e+02   2.8211942e+02
   3.1383120e+02   2.8272134e+02
   3.2461809e+02   2.8589218e+02
   3.3646396e+02   2.8281600e+02
   3.4857233e+02   2.8181984e+02
   2.5702581e+02   2.0900933e+02
   2.6917508e+02   2.0017505e+02
   2.8432303e+02   2.0152701e+02
   2.9546733e+02   2.1171355e+02
   2.8209759e+02   2.1272256e+02
   2.6889044e+02   2.1434901e+02
   3.5137569e+02   2.0976138e+02
   3.6068905e+02   1.9690782e+02
   3.7691583e+02   1.9540499e+02
   3.9137430e+02   2.0265590e+02
   3.7930822e+02   2.0923621e+02
   3.6531672e+02   2.0967235e+02
   2.8812265e+02   3.1779009e+02
   2.9924267e+02   3.0927135e+02
   3.1239437e+02   3.0457392e+02
   3.2590897e+02   3.0665346e+02
   3.4075433e+02   3.0395572e+02
   3.5518050e+02   3.0877084e+02
   3.6859828e+02   3.1575556e+02
   3.5495655e+02   3.2219935e+02
   3.4122980e+02   3.2798700e+02
   3.2638983e+02   3.2873356e+02
   3.1296890e+02   3.2774319e+02
   3.0024728e+02   3.2306037e+02
   2.9744485e+02   3.1186150e+02
   3.0676704e+02   3.1175960e+02
   3.2565451e+02   3.1383760e+02
   3.4738902e+02   3.1124456e+02
   3.5799365e+02   3.1137834e+02
   3.4716562e+02   3.1151213e+02
   3.2583787e+02   3.1418261e+02
   3.0655995e+02   3.1196340e+02
