   1.9372820e+02   2.1218959e+02
   1.9411736e+02   2.4777513e+02
   1.9805593e+02   2.8273376e+02
   2.0498464e+02   3.1740494e+02
   2.1508804e+02   3.5126970e+02
   2.3579693e+02   3.7971345e+02
   2.6473473e+02   4.0004410e+02
   2.9853844e+02   4.0953350e+02
   3.3373431e+02   4.1151120e+02
   3.6899711e+02   4.0721676e+02
   4.0261241e+02   3.9779299e+02
   4.3243117e+02   3.7910806e+02
   4.5286973e+02   3.5075576e+02
   4.6526918e+02   3.1779653e+02
   4.7183053e+02   2.8320244e+02
   4.7408252e+02   2.4811508e+02
   4.7318192e+02   2.1320232e+02
   2.1773233e+02   1.7645009e+02
   2.3343673e+02   1.6032109e+02
   2.5524613e+02   1.5421253e+02
   2.7785176e+02   1.5435891e+02
   3.0044125e+02   1.5534133e+02
   3.5559778e+02   1.5697046e+02
   3.7691486e+02   1.5396297e+02
   3.9834596e+02   1.5482729e+02
   4.1924549e+02   1.6010900e+02
   4.3796906e+02   1.7073706e+02
   3.2801209e+02   1.7595874e+02
   3.2837116e+02   1.9893711e+02
   3.2850954e+02   2.2196696e+02
   3.2908646e+02   2.4480109e+02
   3.0561864e+02   2.7505824e+02
   3.1790352e+02   2.7301169e+02
   3.3025539e+02   2.7258690e+02
   3.4369708e+02   2.7320541e+02
   3.5702808e+02   2.7455095e+02
   2.4017059e+02   2.0331407e+02
   2.5479858e+02   1.9036364e+02
   2.7465766e+02   1.9032870e+02
   2.9135339e+02   2.0071397e+02
   2.7447979e+02   2.0560576e+02
   2.5717535e+02   2.0716944e+02
   3.6514664e+02   2.0067450e+02
   3.8128313e+02   1.9001140e+02
   4.0041734e+02   1.8756676e+02
   4.1602008e+02   1.9818025e+02
   3.9984224e+02   2.0474636e+02
   3.8232898e+02   2.0403795e+02
   2.7845214e+02   3.2518263e+02
   2.9305054e+02   3.1081950e+02
   3.1135024e+02   3.0229422e+02
   3.3139797e+02   3.0252505e+02
   3.5127151e+02   3.0127132e+02
   3.7001103e+02   3.0861774e+02
   3.8635381e+02   3.1992094e+02
   3.6856683e+02   3.2514291e+02
   3.5007327e+02   3.2643325e+02
   3.3167100e+02   3.2725008e+02
   3.1382105e+02   3.2755209e+02
   2.9611658e+02   3.2665079e+02
   2.9136166e+02   3.1669064e+02
   3.0427117e+02   3.1644501e+02
   3.3093548e+02   3.1362161e+02
   3.5928991e+02   3.1304169e+02
   3.7282186e+02   3.1321325e+02
   3.5880272e+02   3.1338481e+02
   3.3093501e+02   3.1410347e+02
   3.0399422e+02   3.1693628e+02
