   1.9472254e+02   2.1488004e+02
   1.9546699e+02   2.5062420e+02
   1.9931507e+02   2.8616756e+02
   2.0715033e+02   3.2098002e+02
   2.1789077e+02   3.5499692e+02
   2.3712335e+02   3.8489222e+02
   2.6620077e+02   4.0527689e+02
   3.0088488e+02   4.1302536e+02
   3.3629450e+02   4.1444456e+02
   3.7149858e+02   4.1100466e+02
   4.0510812e+02   4.0101699e+02
   4.3527931e+02   3.8342748e+02
   4.5660836e+02   3.5579267e+02
   4.6827519e+02   3.2259958e+02
   4.7346951e+02   2.8791496e+02
   4.7529036e+02   2.5288890e+02
   4.7515134e+02   2.1786012e+02
   2.2507690e+02   1.7265631e+02
   2.3906961e+02   1.5710282e+02
   2.5865926e+02   1.4918900e+02
   2.7925283e+02   1.4491651e+02
   3.0021202e+02   1.4220396e+02
   3.5657717e+02   1.4338816e+02
   3.7757911e+02   1.4601250e+02
   3.9767805e+02   1.5225875e+02
   4.1751125e+02   1.5941863e+02
   4.3618767e+02   1.6885706e+02
   3.2980852e+02   1.7082651e+02
   3.2999532e+02   1.9628038e+02
   3.3048842e+02   2.2143560e+02
   3.3113252e+02   2.4657798e+02
   3.0740478e+02   2.7781084e+02
   3.2022998e+02   2.7502492e+02
   3.3317034e+02   2.7469191e+02
   3.4628243e+02   2.7525861e+02
   3.5915043e+02   2.7712414e+02
   2.4419768e+02   2.0097358e+02
   2.5942439e+02   1.8892581e+02
   2.7897854e+02   1.8999686e+02
   2.9501131e+02   2.0108710e+02
   2.7788191e+02   2.0612815e+02
   2.6028860e+02   2.0764768e+02
   3.6827737e+02   2.0214573e+02
   3.8413651e+02   1.9080795e+02
   4.0372112e+02   1.8964019e+02
   4.1846336e+02   2.0176680e+02
   4.0200281e+02   2.0634766e+02
   3.8498680e+02   2.0539961e+02
   2.8164301e+02   3.3081138e+02
   2.9670125e+02   3.1705567e+02
   3.1489934e+02   3.0846222e+02
   3.3482645e+02   3.0858681e+02
   3.5412596e+02   3.0743033e+02
   3.7220691e+02   3.1403853e+02
   3.8674380e+02   3.2648596e+02
   3.6957017e+02   3.3147689e+02
   3.5211155e+02   3.3415131e+02
   3.3452899e+02   3.3521625e+02
   3.1675365e+02   3.3543812e+02
   2.9900119e+02   3.3404546e+02
   2.9467484e+02   3.2357489e+02
   3.0770666e+02   3.2317430e+02
   3.3433665e+02   3.2017502e+02
   3.6089986e+02   3.2078993e+02
   3.7382183e+02   3.2122843e+02
   3.6060610e+02   3.2166693e+02
   3.3433606e+02   3.2138674e+02
   3.0742634e+02   3.2397549e+02
