   1.9304817e+02   2.1192743e+02
   1.9344381e+02   2.4753548e+02
   1.9739787e+02   2.8250656e+02
   2.0415881e+02   3.1717922e+02
   2.1405068e+02   3.5109984e+02
   2.3477102e+02   3.7963309e+02
   2.6347737e+02   4.0029786e+02
   2.9718099e+02   4.0993418e+02
   3.3240866e+02   4.1190479e+02
   3.6780474e+02   4.0739268e+02
   4.0163758e+02   3.9803077e+02
   4.3173834e+02   3.7950634e+02
   4.5216348e+02   3.5098591e+02
   4.6486949e+02   3.1794902e+02
   4.7149283e+02   2.8316142e+02
   4.7391509e+02   2.4793104e+02
   4.7281481e+02   2.1288225e+02
   2.1665221e+02   1.7621105e+02
   2.3271263e+02   1.6044900e+02
   2.5457566e+02   1.5457480e+02
   2.7716013e+02   1.5503994e+02
   2.9974420e+02   1.5659544e+02
   3.5508193e+02   1.5835087e+02
   3.7637438e+02   1.5460978e+02
   3.9790742e+02   1.5468884e+02
   4.1886580e+02   1.5967007e+02
   4.3751296e+02   1.7030418e+02
   3.2738662e+02   1.7639208e+02
   3.2784302e+02   1.9917027e+02
   3.2791591e+02   2.2201710e+02
   3.2841817e+02   2.4467402e+02
   3.0467283e+02   2.7496308e+02
   3.1686312e+02   2.7307331e+02
   3.2909482e+02   2.7261756e+02
   3.4279240e+02   2.7318676e+02
   3.5638524e+02   2.7452841e+02
   2.3931024e+02   2.0321385e+02
   2.5396555e+02   1.9040152e+02
   2.7373714e+02   1.9016550e+02
   2.9035885e+02   2.0049841e+02
   2.7356134e+02   2.0550237e+02
   2.5625530e+02   2.0707301e+02
   3.6406943e+02   2.0020010e+02
   3.8063925e+02   1.8984262e+02
   3.9988666e+02   1.8726036e+02
   4.1571072e+02   1.9781485e+02
   3.9927425e+02   2.0456871e+02
   3.8146919e+02   2.0392784e+02
   2.7749466e+02   3.2473895e+02
   2.9204071e+02   3.1032910e+02
   3.1037278e+02   3.0181705e+02
   3.3040732e+02   3.0198238e+02
   3.5052073e+02   3.0077223e+02
   3.6949336e+02   3.0828942e+02
   3.8638934e+02   3.1933206e+02
   3.6822595e+02   3.2460068e+02
   3.4927720e+02   3.2569203e+02
   3.3049938e+02   3.2659160e+02
   3.1271485e+02   3.2696862e+02
   2.9510217e+02   3.2609039e+02
   2.9039831e+02   3.1608786e+02
   3.0330196e+02   3.1583172e+02
   3.2994543e+02   3.1276374e+02
   3.5881212e+02   3.1237249e+02
   3.7260073e+02   3.1252453e+02
   3.5831283e+02   3.1267657e+02
   3.2994544e+02   3.1324221e+02
   3.0303095e+02   3.1634399e+02
