   1.9258400e+02   2.1185283e+02
   1.9301559e+02   2.4749057e+02
   1.9698704e+02   2.8248008e+02
   2.0365701e+02   3.1717664e+02
   2.1345940e+02   3.5115018e+02
   2.3419084e+02   3.7973459e+02
   2.6278406e+02   4.0058782e+02
   2.9644619e+02   4.1036280e+02
   3.3170998e+02   4.1230451e+02
   3.6718915e+02   4.0770612e+02
   4.0115511e+02   3.9836190e+02
   4.3138445e+02   3.7986393e+02
   4.5185337e+02   3.5126656e+02
   4.6471903e+02   3.1817821e+02
   4.7141055e+02   2.8328360e+02
   4.7393815e+02   2.4795220e+02
   4.7273641e+02   2.1281910e+02
   2.1608789e+02   1.7583997e+02
   2.3241767e+02   1.6033815e+02
   2.5432291e+02   1.5457608e+02
   2.7690780e+02   1.5516574e+02
   2.9950000e+02   1.5702874e+02
   3.5476600e+02   1.5888493e+02
   3.7605679e+02   1.5478362e+02
   3.9764962e+02   1.5448663e+02
   4.1864350e+02   1.5930699e+02
   4.3725402e+02   1.6995717e+02
   3.2703278e+02   1.7652466e+02
   3.2754874e+02   1.9922038e+02
   3.2758572e+02   2.2199036e+02
   3.2804224e+02   2.4457666e+02
   3.0407451e+02   2.7499224e+02
   3.1627642e+02   2.7317255e+02
   3.2850674e+02   2.7268832e+02
   3.4238277e+02   2.7321700e+02
   3.5615809e+02   2.7453091e+02
   2.3878992e+02   2.0311089e+02
   2.5345825e+02   1.9035601e+02
   2.7319433e+02   1.9005003e+02
   2.8980574e+02   2.0034008e+02
   2.7302532e+02   2.0537925e+02
   2.5571234e+02   2.0698336e+02
   3.6353378e+02   1.9988937e+02
   3.8033467e+02   1.8967698e+02
   3.9966098e+02   1.8704512e+02
   4.1559641e+02   1.9759308e+02
   3.9901306e+02   2.0442841e+02
   3.8104801e+02   2.0381784e+02
   2.7688229e+02   3.2476399e+02
   2.9140308e+02   3.1023458e+02
   3.0978720e+02   3.0163837e+02
   3.2988119e+02   3.0170694e+02
   3.5020301e+02   3.0053932e+02
   3.6934752e+02   3.0824700e+02
   3.8656738e+02   3.1924911e+02
   3.6814481e+02   3.2431301e+02
   3.4890476e+02   3.2522027e+02
   3.2988038e+02   3.2610710e+02
   3.1208865e+02   3.2657033e+02
   2.9448765e+02   3.2582742e+02
   2.8978316e+02   3.1578523e+02
   3.0268402e+02   3.1552543e+02
   3.2941903e+02   3.1230348e+02
   3.5868165e+02   3.1198555e+02
   3.7262451e+02   3.1212724e+02
   3.5817383e+02   3.1226893e+02
   3.2941928e+02   3.1276057e+02
   3.0242215e+02   3.1604503e+02
