   1.9480796e+02   2.1767085e+02
   1.9647536e+02   2.5293499e+02
   2.0044787e+02   2.8776821e+02
   2.0739603e+02   3.2225387e+02
   2.1784374e+02   3.5613265e+02
   2.3664933e+02   3.8543137e+02
   2.6445035e+02   4.0650214e+02
   2.9808924e+02   4.1650634e+02
   3.3309292e+02   4.1717765e+02
   3.6794836e+02   4.1424840e+02
   4.0168903e+02   4.0436649e+02
   4.3104270e+02   3.8590316e+02
   4.5331700e+02   3.5911415e+02
   4.6546087e+02   3.2645521e+02
   4.7193016e+02   2.9221702e+02
   4.7473993e+02   2.5710261e+02
   4.7427256e+02   2.2242491e+02
   2.2668900e+02   1.6739338e+02
   2.4385078e+02   1.5542360e+02
   2.6353947e+02   1.4811126e+02
   2.8393973e+02   1.4363362e+02
   3.0467568e+02   1.4285117e+02
   3.5434811e+02   1.4552171e+02
   3.7496402e+02   1.4684125e+02
   3.9489347e+02   1.5190229e+02
   4.1442239e+02   1.5795355e+02
   4.3241780e+02   1.6762200e+02
   3.2859093e+02   1.7237998e+02
   3.2920990e+02   1.9715931e+02
   3.2938216e+02   2.2159900e+02
   3.2952795e+02   2.4613202e+02
   3.0329442e+02   2.7984744e+02
   3.1743070e+02   2.7723488e+02
   3.3161576e+02   2.7649561e+02
   3.4638312e+02   2.7650168e+02
   3.6096071e+02   2.7750070e+02
   2.4348698e+02   2.0134856e+02
   2.5826858e+02   1.8954123e+02
   2.7732154e+02   1.9121556e+02
   2.9358385e+02   2.0135360e+02
   2.7645425e+02   2.0570491e+02
   2.5920990e+02   2.0810119e+02
   3.6632236e+02   2.0135484e+02
   3.8292988e+02   1.9071015e+02
   4.0277723e+02   1.8995999e+02
   4.1745015e+02   2.0230663e+02
   4.0051999e+02   2.0670729e+02
   3.8307307e+02   2.0576186e+02
   2.7779183e+02   3.3585276e+02
   2.9236247e+02   3.1939040e+02
   3.1124790e+02   3.0824886e+02
   3.3266492e+02   3.0628976e+02
   3.5461351e+02   3.0597177e+02
   3.7427508e+02   3.1610600e+02
   3.9081629e+02   3.3057554e+02
   3.7131149e+02   3.2816417e+02
   3.5155949e+02   3.2760448e+02
   3.3199099e+02   3.2698499e+02
   3.1358869e+02   3.2882816e+02
   2.9542116e+02   3.3143377e+02
   2.9045264e+02   3.2066653e+02
   3.0311345e+02   3.2031717e+02
   3.3214945e+02   3.1609090e+02
   3.6329272e+02   3.1638161e+02
   3.7705451e+02   3.1674297e+02
   3.6289495e+02   3.1710434e+02
   3.3214972e+02   3.1659951e+02
   3.0304661e+02   3.2101590e+02
