   1.9491386e+02   2.1272844e+02
   1.9584557e+02   2.4826689e+02
   1.9988629e+02   2.8348733e+02
   2.0768837e+02   3.1808903e+02
   2.1850946e+02   3.5187163e+02
   2.3809210e+02   3.8118125e+02
   2.6714506e+02   4.0124857e+02
   3.0153292e+02   4.0928147e+02
   3.3674037e+02   4.1056525e+02
   3.7173420e+02   4.0692418e+02
   4.0509728e+02   3.9689189e+02
   4.3480653e+02   3.7883146e+02
   4.5583199e+02   3.5117901e+02
   4.6734291e+02   3.1816307e+02
   4.7270539e+02   2.8370805e+02
   4.7443731e+02   2.4882976e+02
   4.7402440e+02   2.1403180e+02
   2.2396031e+02   1.7108962e+02
   2.3829810e+02   1.5554190e+02
   2.5822197e+02   1.4786784e+02
   2.7913024e+02   1.4424335e+02
   3.0032535e+02   1.4209643e+02
   3.5559771e+02   1.4315838e+02
   3.7658558e+02   1.4473300e+02
   3.9686183e+02   1.5000725e+02
   4.1683107e+02   1.5669668e+02
   4.3548046e+02   1.6626933e+02
   3.2902909e+02   1.6929618e+02
   3.2937509e+02   1.9419162e+02
   3.2992473e+02   2.1884871e+02
   3.3067222e+02   2.4346172e+02
   3.0714429e+02   2.7472290e+02
   3.1996132e+02   2.7197336e+02
   3.3290120e+02   2.7153252e+02
   3.4606997e+02   2.7201160e+02
   3.5903100e+02   2.7362213e+02
   2.4354595e+02   1.9935482e+02
   2.5848713e+02   1.8704213e+02
   2.7804220e+02   1.8792732e+02
   2.9426836e+02   1.9869423e+02
   2.7723732e+02   2.0366548e+02
   2.5980045e+02   2.0535349e+02
   3.6740003e+02   1.9917130e+02
   3.8307562e+02   1.8784828e+02
   4.0247094e+02   1.8642116e+02
   4.1729763e+02   1.9816942e+02
   4.0104763e+02   2.0312541e+02
   3.8407466e+02   2.0228710e+02
   2.8148475e+02   3.2751888e+02
   2.9630668e+02   3.1338958e+02
   3.1446478e+02   3.0451305e+02
   3.3448713e+02   3.0440062e+02
   3.5396050e+02   3.0317935e+02
   3.7218892e+02   3.1005455e+02
   3.8704014e+02   3.2244677e+02
   3.6977936e+02   3.2688772e+02
   3.5218064e+02   3.2916887e+02
   3.3448657e+02   3.3008681e+02
   3.1667186e+02   3.3052560e+02
   2.9890632e+02   3.2967137e+02
   2.9439490e+02   3.1928918e+02
   3.0730505e+02   3.1893022e+02
   3.3406007e+02   3.1583909e+02
   3.6107607e+02   3.1595150e+02
   3.7405810e+02   3.1633691e+02
   3.6074441e+02   3.1672233e+02
   3.3406470e+02   3.1683743e+02
   3.0704636e+02   3.1964814e+02
