   1.9625287e+02   2.1389568e+02
   1.9701145e+02   2.4956273e+02
   2.0091362e+02   2.8495771e+02
   2.0886108e+02   3.1972003e+02
   2.1984189e+02   3.5360735e+02
   2.3935177e+02   3.8307174e+02
   2.6873306e+02   4.0293791e+02
   3.0338669e+02   4.1079309e+02
   3.3870168e+02   4.1224057e+02
   3.7370794e+02   4.0892748e+02
   4.0699079e+02   3.9889882e+02
   4.3663867e+02   3.8080940e+02
   4.5781876e+02   3.5328411e+02
   4.6913146e+02   3.2024358e+02
   4.7446040e+02   2.8586226e+02
   4.7608538e+02   2.5102729e+02
   4.7603706e+02   2.1622617e+02
   2.2604731e+02   1.7246294e+02
   2.3989970e+02   1.5636786e+02
   2.5978861e+02   1.4842031e+02
   2.8074672e+02   1.4442185e+02
   3.0198373e+02   1.4155378e+02
   3.5766637e+02   1.4259107e+02
   3.7875828e+02   1.4522052e+02
   3.9895381e+02   1.5159702e+02
   4.1889229e+02   1.5879942e+02
   4.3768021e+02   1.6841518e+02
   3.3099949e+02   1.6994795e+02
   3.3113203e+02   1.9523796e+02
   3.3169031e+02   2.2026341e+02
   3.3245784e+02   2.4523909e+02
   3.0915078e+02   2.7637182e+02
   3.2205464e+02   2.7347171e+02
   3.3510509e+02   2.7313303e+02
   3.4795643e+02   2.7374196e+02
   3.6058267e+02   2.7547469e+02
   2.4540539e+02   2.0047661e+02
   2.6045578e+02   1.8805330e+02
   2.8017806e+02   1.8921099e+02
   2.9645973e+02   2.0019924e+02
   2.7927234e+02   2.0505730e+02
   2.6174538e+02   2.0663014e+02
   3.6992492e+02   2.0129261e+02
   3.8520874e+02   1.8962643e+02
   4.0455864e+02   1.8841647e+02
   4.1914946e+02   2.0034880e+02
   4.0310340e+02   2.0502539e+02
   3.8640821e+02   2.0404763e+02
   2.8325686e+02   3.2950880e+02
   2.9827338e+02   3.1560508e+02
   3.1644944e+02   3.0689524e+02
   3.3646322e+02   3.0703595e+02
   3.5559714e+02   3.0579493e+02
   3.7351566e+02   3.1236719e+02
   3.8765108e+02   3.2503500e+02
   3.7084780e+02   3.2979301e+02
   3.5380116e+02   3.3243918e+02
   3.3655878e+02   3.3331500e+02
   3.1865636e+02   3.3352140e+02
   3.0076451e+02   3.3233536e+02
   2.9625752e+02   3.2199233e+02
   3.0925818e+02   3.2163550e+02
   3.3599510e+02   3.1894020e+02
   3.6227485e+02   3.1902094e+02
   3.7496296e+02   3.1943877e+02
   3.6196351e+02   3.1985659e+02
   3.3599641e+02   3.2000705e+02
   3.0897812e+02   3.2234915e+02
