   1.9419347e+02   2.1498454e+02
   1.9505470e+02   2.5064859e+02
   1.9894325e+02   2.8612451e+02
   2.0671165e+02   3.2084323e+02
   2.1735440e+02   3.5481245e+02
   2.3644345e+02   3.8476370e+02
   2.6526264e+02   4.0533843e+02
   2.9982546e+02   4.1310357e+02
   3.3517298e+02   4.1439320e+02
   3.7036145e+02   4.1086276e+02
   4.0403865e+02   4.0086377e+02
   4.3430226e+02   3.8343914e+02
   4.5565754e+02   3.5582662e+02
   4.6743821e+02   3.2265125e+02
   4.7257754e+02   2.8792031e+02
   4.7448692e+02   2.5287493e+02
   4.7421407e+02   2.1784208e+02
   2.2473298e+02   1.7193374e+02
   2.3894184e+02   1.5687605e+02
   2.5834250e+02   1.4900540e+02
   2.7870065e+02   1.4457711e+02
   2.9946520e+02   1.4204474e+02
   3.5559586e+02   1.4329088e+02
   3.7648628e+02   1.4575917e+02
   3.9649796e+02   1.5179099e+02
   4.1623220e+02   1.5879687e+02
   4.3478614e+02   1.6811222e+02
   3.2895431e+02   1.7068127e+02
   3.2924313e+02   1.9610004e+02
   3.2972909e+02   2.2120294e+02
   3.3032753e+02   2.4631655e+02
   3.0635458e+02   2.7772488e+02
   3.1918802e+02   2.7498942e+02
   3.3212133e+02   2.7460804e+02
   3.4543626e+02   2.7509197e+02
   3.5850463e+02   2.7693429e+02
   2.4361674e+02   2.0064961e+02
   2.5883811e+02   1.8879379e+02
   2.7823722e+02   1.8981727e+02
   2.9415064e+02   2.0083557e+02
   2.7709939e+02   2.0594081e+02
   2.5954245e+02   2.0752066e+02
   3.6711898e+02   2.0166298e+02
   3.8324499e+02   1.9052725e+02
   4.0290939e+02   1.8936669e+02
   4.1771208e+02   2.0153810e+02
   4.0107065e+02   2.0609009e+02
   3.8390870e+02   2.0519192e+02
   2.8083031e+02   3.3076456e+02
   2.9581226e+02   3.1690819e+02
   3.1400477e+02   3.0819313e+02
   3.3393843e+02   3.0813790e+02
   3.5344236e+02   3.0704012e+02
   3.7167734e+02   3.1384380e+02
   3.8653433e+02   3.2625237e+02
   3.6907635e+02   3.3090439e+02
   3.5131273e+02   3.3340716e+02
   3.3347809e+02   3.3448579e+02
   3.1576642e+02   3.3485307e+02
   2.9809607e+02   3.3365647e+02
   2.9381277e+02   3.2311676e+02
   3.0679523e+02   3.2269977e+02
   3.3345945e+02   3.1943134e+02
   3.6039759e+02   3.2022338e+02
   3.7346596e+02   3.2066504e+02
   3.6010704e+02   3.2110670e+02
   3.3345974e+02   3.2066183e+02
   3.0653046e+02   3.2353375e+02
