   1.7903483e+02   1.7286220e+02
   1.8408105e+02   2.0270434e+02
   1.8903625e+02   2.3235756e+02
   1.9390829e+02   2.6199786e+02
   2.0509629e+02   2.8969756e+02
   2.2095650e+02   3.1513572e+02
   2.4378962e+02   3.3456006e+02
   2.6938106e+02   3.5033139e+02
   2.9869482e+02   3.5223332e+02
   3.2842984e+02   3.4779051e+02
   3.5495968e+02   3.3398847e+02
   3.7570326e+02   3.1227918e+02
   3.9186279e+02   2.8711078e+02
   4.0211302e+02   2.5880708e+02
   4.0777010e+02   2.2941127e+02
   4.0843679e+02   1.9928362e+02
   4.0990121e+02   1.6951589e+02
   1.9879249e+02   1.4802289e+02
   2.0946320e+02   1.3546617e+02
   2.2585552e+02   1.3143561e+02
   2.4279639e+02   1.3056499e+02
   2.5960314e+02   1.3146494e+02
   3.2331163e+02   1.2700588e+02
   3.4019765e+02   1.2516198e+02
   3.5724609e+02   1.2460465e+02
   3.7381610e+02   1.2730532e+02
   3.8478597e+02   1.3935039e+02
   2.9204751e+02   1.5965081e+02
   2.9254727e+02   1.7951012e+02
   2.9205805e+02   1.9938401e+02
   2.9307924e+02   2.1894626e+02
   2.6489861e+02   2.3365112e+02
   2.7847919e+02   2.3668682e+02
   2.9225026e+02   2.3755851e+02
   3.0674732e+02   2.3618881e+02
   3.2052576e+02   2.3225338e+02
   2.2381849e+02   1.7182056e+02
   2.3598322e+02   1.5969012e+02
   2.5332004e+02   1.5912808e+02
   2.6551308e+02   1.7094176e+02
   2.5191350e+02   1.7595393e+02
   2.3748033e+02   1.7635478e+02
   3.1743572e+02   1.6869924e+02
   3.2965373e+02   1.5513197e+02
   3.4811852e+02   1.5455722e+02
   3.6277332e+02   1.6555465e+02
   3.4829101e+02   1.7126895e+02
   3.3273500e+02   1.7124957e+02
   2.5184058e+02   2.8477312e+02
   2.6417837e+02   2.7445642e+02
   2.7800876e+02   2.6691661e+02
   2.9298805e+02   2.7041817e+02
   3.0895287e+02   2.6522104e+02
   3.2498880e+02   2.7097389e+02
   3.3837343e+02   2.8167476e+02
   3.2791838e+02   2.9525961e+02
   3.1242248e+02   3.0286309e+02
   2.9554398e+02   3.0603923e+02
   2.7875338e+02   3.0512639e+02
   2.6428314e+02   2.9618220e+02
   2.6240943e+02   2.8353036e+02
   2.7297829e+02   2.8306191e+02
   2.9390549e+02   2.8359477e+02
   3.1622892e+02   2.8200301e+02
   3.2730117e+02   2.8237906e+02
   3.1587908e+02   2.8275511e+02
   2.9392486e+02   2.8457736e+02
   2.7282441e+02   2.8399881e+02
