   1.7867178e+02   1.7258116e+02
   1.8371031e+02   2.0244348e+02
   1.8865784e+02   2.3211674e+02
   1.9352217e+02   2.6177705e+02
   2.0470704e+02   2.8949784e+02
   2.2056782e+02   3.1495738e+02
   2.4340797e+02   3.3440193e+02
   2.6900946e+02   3.5019222e+02
   2.9834056e+02   3.5210592e+02
   3.2801723e+02   3.4769615e+02
   3.5464665e+02   3.3387017e+02
   3.7536080e+02   3.1221960e+02
   3.9155351e+02   2.8704974e+02
   4.0181336e+02   2.5881725e+02
   4.0751122e+02   2.2940928e+02
   4.0820939e+02   1.9926680e+02
   4.1041988e+02   1.6954919e+02
   1.9845058e+02   1.4773370e+02
   2.0917987e+02   1.3465005e+02
   2.2607557e+02   1.3074797e+02
   2.4352093e+02   1.2990879e+02
   2.6081955e+02   1.3100093e+02
   3.2168655e+02   1.2695010e+02
   3.3896851e+02   1.2458161e+02
   3.5639615e+02   1.2440155e+02
   3.7370677e+02   1.2656033e+02
   3.8456165e+02   1.3912310e+02
   2.9175878e+02   1.5940248e+02
   2.9225167e+02   1.7927420e+02
   2.9175496e+02   1.9916014e+02
   2.9276972e+02   2.1873480e+02
   2.6453987e+02   2.3278529e+02
   2.7793960e+02   2.3619497e+02
   2.9163517e+02   2.3721965e+02
   3.0672416e+02   2.3579382e+02
   3.2093369e+02   2.3101429e+02
   2.2058923e+02   1.7370099e+02
   2.3526749e+02   1.7060189e+02
   2.5005147e+02   1.6919739e+02
   2.6488006e+02   1.6853347e+02
   2.5061510e+02   1.7436662e+02
   2.3538076e+02   1.7681992e+02
   3.1660595e+02   1.6600156e+02
   3.3150737e+02   1.6342974e+02
   3.4656020e+02   1.6436381e+02
   3.6093033e+02   1.6882225e+02
   3.4605782e+02   1.7152779e+02
   3.3098981e+02   1.7018672e+02
   2.5298830e+02   2.8029894e+02
   2.6592843e+02   2.7237487e+02
   2.7924137e+02   2.6556324e+02
   2.9346478e+02   2.6902362e+02
   3.0908978e+02   2.6327582e+02
   3.2527421e+02   2.6852704e+02
   3.3958946e+02   2.7763943e+02
   3.2863587e+02   2.9252691e+02
   3.1230941e+02   3.0107963e+02
   2.9429643e+02   3.0517305e+02
   2.7737697e+02   3.0359916e+02
   2.6323349e+02   2.9402883e+02
   2.6319064e+02   2.8086558e+02
   2.7339298e+02   2.8051244e+02
   2.9340744e+02   2.8207196e+02
   3.1642580e+02   2.7866288e+02
   3.2800763e+02   2.7904630e+02
   3.1634026e+02   2.7942971e+02
   2.9340776e+02   2.8251868e+02
   2.7304075e+02   2.8121872e+02
