   1.4175910e+02   2.2814595e+02
   1.4518135e+02   2.6602804e+02
   1.5198626e+02   3.0339356e+02
   1.6457720e+02   3.3938208e+02
   1.8158262e+02   3.7321874e+02
   2.0267051e+02   4.0478986e+02
   2.2975069e+02   4.3123514e+02
   2.6377474e+02   4.4785361e+02
   3.0090505e+02   4.5405117e+02
   3.3939409e+02   4.4841066e+02
   3.7529858e+02   4.3403558e+02
   4.0604782e+02   4.1047562e+02
   4.2852985e+02   3.7921564e+02
   4.4310795e+02   3.4316442e+02
   4.5271477e+02   3.0569201e+02
   4.5912501e+02   2.6728154e+02
   4.6191492e+02   2.2877823e+02
   1.8761984e+02   1.8447371e+02
   2.0438359e+02   1.7485685e+02
   2.2353131e+02   1.7217086e+02
   2.4274885e+02   1.7407006e+02
   2.6062104e+02   1.8045698e+02
   3.2764897e+02   1.7981566e+02
   3.4798725e+02   1.7182589e+02
   3.6967090e+02   1.6941355e+02
   3.9103458e+02   1.7352055e+02
   4.0909584e+02   1.8538616e+02
   2.9307853e+02   2.0959503e+02
   2.9302913e+02   2.3686951e+02
   2.9317342e+02   2.6420682e+02
   2.9315961e+02   2.9132164e+02
   2.6754926e+02   3.1084649e+02
   2.8052715e+02   3.1196204e+02
   2.9347580e+02   3.1267482e+02
   3.0770560e+02   3.1230148e+02
   3.2175732e+02   3.1144531e+02
   2.0693417e+02   2.2605804e+02
   2.2364770e+02   2.1791577e+02
   2.4202197e+02   2.2033041e+02
   2.5765209e+02   2.3043320e+02
   2.4019691e+02   2.3181057e+02
   2.2271893e+02   2.3256796e+02
   3.3554646e+02   2.2741078e+02
   3.5102663e+02   2.1544967e+02
   3.7049643e+02   2.1479544e+02
   3.8741223e+02   2.2430313e+02
   3.7076045e+02   2.3024131e+02
   3.5302689e+02   2.2973560e+02
   2.5151741e+02   3.5704631e+02
   2.6394314e+02   3.4546228e+02
   2.7891584e+02   3.3817699e+02
   2.9546112e+02   3.3823989e+02
   3.1332626e+02   3.3762204e+02
   3.2970731e+02   3.4445602e+02
   3.4550175e+02   3.5307045e+02
   3.2897570e+02   3.5832648e+02
   3.1237198e+02   3.6242417e+02
   2.9580853e+02   3.6380288e+02
   2.8103496e+02   3.6280052e+02
   2.6637090e+02   3.6038657e+02
   2.6225182e+02   3.5047224e+02
   2.7298623e+02   3.5018003e+02
   2.9545339e+02   3.4974780e+02
   3.2060772e+02   3.4827737e+02
   3.3305473e+02   3.4851067e+02
   3.2039783e+02   3.4874397e+02
   2.9545335e+02   3.5023539e+02
   2.7302115e+02   3.5076446e+02
