   1.4243530e+02   2.2830650e+02
   1.4565878e+02   2.6609697e+02
   1.5221809e+02   3.0331485e+02
   1.6492770e+02   3.3930332e+02
   1.8195243e+02   3.7298039e+02
   2.0323776e+02   4.0420964e+02
   2.3022933e+02   4.3044512e+02
   2.6403228e+02   4.4755101e+02
   3.0091058e+02   4.5402972e+02
   3.3941024e+02   4.4865318e+02
   3.7516356e+02   4.3359382e+02
   4.0579295e+02   4.0946160e+02
   4.2878769e+02   3.7862124e+02
   4.4353163e+02   3.4253204e+02
   4.5248684e+02   3.0484365e+02
   4.5913138e+02   2.6637970e+02
   4.6186115e+02   2.2779005e+02
   1.8829920e+02   1.8298291e+02
   2.0524794e+02   1.7386196e+02
   2.2454492e+02   1.7207915e+02
   2.4365514e+02   1.7474024e+02
   2.6101441e+02   1.8292956e+02
   3.2876858e+02   1.8292677e+02
   3.4893330e+02   1.7341232e+02
   3.7074290e+02   1.7000031e+02
   3.9249524e+02   1.7363089e+02
   4.1051334e+02   1.8594720e+02
   2.9342098e+02   2.0985758e+02
   2.9334046e+02   2.3693740e+02
   2.9342981e+02   2.6421817e+02
   2.9343268e+02   2.9109328e+02
   2.6851060e+02   3.1102703e+02
   2.8123181e+02   3.1248339e+02
   2.9392374e+02   3.1350451e+02
   3.0798631e+02   3.1300576e+02
   3.2183595e+02   3.1200794e+02
   2.0672777e+02   2.2630896e+02
   2.2324076e+02   2.1825222e+02
   2.4150524e+02   2.2091506e+02
   2.5705535e+02   2.3078279e+02
   2.3984630e+02   2.3228121e+02
   2.2250180e+02   2.3245349e+02
   3.3577299e+02   2.2829736e+02
   3.5114367e+02   2.1617152e+02
   3.7063216e+02   2.1503890e+02
   3.8760070e+02   2.2431131e+02
   3.7114049e+02   2.3084494e+02
   3.5332850e+02   2.3042863e+02
   2.5255509e+02   3.5737527e+02
   2.6459660e+02   3.4572123e+02
   2.7915245e+02   3.3806874e+02
   2.9541728e+02   3.3841097e+02
   3.1346112e+02   3.3810380e+02
   3.3011342e+02   3.4480657e+02
   3.4578617e+02   3.5385371e+02
   3.2947537e+02   3.5878517e+02
   3.1270858e+02   3.6198579e+02
   2.9589477e+02   3.6380150e+02
   2.8129554e+02   3.6229571e+02
   2.6692937e+02   3.5993237e+02
   2.6298642e+02   3.5067654e+02
   2.7341775e+02   3.5031649e+02
   2.9540937e+02   3.4986193e+02
   3.2083952e+02   3.4885185e+02
   3.3331284e+02   3.4908203e+02
   3.2058501e+02   3.4931220e+02
   2.9540933e+02   3.5036018e+02
   2.7339692e+02   3.5103659e+02
