   1.4238366e+02   2.2845030e+02
   1.4562567e+02   2.6622790e+02
   1.5334492e+02   3.0284506e+02
   1.6613336e+02   3.3828221e+02
   1.8314054e+02   3.7193912e+02
   2.0369325e+02   4.0335548e+02
   2.3005955e+02   4.3002108e+02
   2.6348228e+02   4.4674132e+02
   3.0055821e+02   4.5230540e+02
   3.3973688e+02   4.4888716e+02
   3.7606202e+02   4.3537013e+02
   4.0641962e+02   4.1083216e+02
   4.2866776e+02   3.7901859e+02
   4.4220562e+02   3.4230122e+02
   4.5239888e+02   3.0468247e+02
   4.5897173e+02   2.6617449e+02
   4.6222024e+02   2.2727673e+02
   1.8814519e+02   1.9191785e+02
   2.0422123e+02   1.8097256e+02
   2.2276023e+02   1.7573333e+02
   2.4210192e+02   1.7543770e+02
   2.6125938e+02   1.7662185e+02
   3.2559843e+02   1.7415147e+02
   3.4625382e+02   1.7057036e+02
   3.6738674e+02   1.7102189e+02
   3.8745229e+02   1.7644452e+02
   4.0547114e+02   1.8691123e+02
   2.9274957e+02   2.0876400e+02
   2.9270887e+02   2.3707092e+02
   2.9228944e+02   2.6540670e+02
   2.9229179e+02   2.9349801e+02
   2.6656590e+02   3.1234668e+02
   2.8015367e+02   3.1247496e+02
   2.9371267e+02   3.1229670e+02
   3.0828919e+02   3.1227812e+02
   3.2278848e+02   3.1182722e+02
   2.0807731e+02   2.2858275e+02
   2.2422000e+02   2.1977781e+02
   2.4273541e+02   2.2172353e+02
   2.5894455e+02   2.3053089e+02
   2.4162944e+02   2.3219823e+02
   2.2443117e+02   2.3352125e+02
   3.3249289e+02   2.2804403e+02
   3.4817297e+02   2.1731966e+02
   3.6715183e+02   2.1609427e+02
   3.8429547e+02   2.2426413e+02
   3.6815979e+02   2.3139484e+02
   3.5030467e+02   2.3006781e+02
   2.4675793e+02   3.5737203e+02
   2.6052363e+02   3.4361907e+02
   2.7685424e+02   3.3307952e+02
   2.9569851e+02   3.3323472e+02
   3.1834970e+02   3.3424464e+02
   3.3940365e+02   3.4320489e+02
   3.5702505e+02   3.5725201e+02
   3.3729515e+02   3.4893489e+02
   3.1665015e+02   3.4499632e+02
   2.9568057e+02   3.4742406e+02
   2.7860297e+02   3.4689590e+02
   2.6182288e+02   3.4982034e+02
   2.5803539e+02   3.4344157e+02
   2.6931285e+02   3.4286739e+02
   2.9569502e+02   3.4007230e+02
   3.2862716e+02   3.4112983e+02
   3.4282610e+02   3.4132672e+02
   3.2832593e+02   3.4152362e+02
   2.9569507e+02   3.4055535e+02
   2.6928383e+02   3.4401575e+02
