   1.4242615e+02   2.2828701e+02
   1.4563991e+02   2.6608379e+02
   1.5334190e+02   3.0270804e+02
   1.6614447e+02   3.3816874e+02
   1.8315758e+02   3.7183772e+02
   2.0373058e+02   4.0324801e+02
   2.3009336e+02   4.2992245e+02
   2.6350934e+02   4.4671171e+02
   3.0058690e+02   4.5230961e+02
   3.3980436e+02   4.4894825e+02
   3.7614954e+02   4.3537400e+02
   4.0651976e+02   4.1075986e+02
   4.2883955e+02   3.7896213e+02
   4.4240137e+02   3.4220981e+02
   4.5255533e+02   3.0454372e+02
   4.5916705e+02   2.6600232e+02
   4.6242695e+02   2.2706385e+02
   1.8822909e+02   1.9165785e+02
   2.0433053e+02   1.8074153e+02
   2.2289303e+02   1.7556201e+02
   2.4224079e+02   1.7532047e+02
   2.6137819e+02   1.7662733e+02
   3.2580683e+02   1.7421231e+02
   3.4646420e+02   1.7053531e+02
   3.6761816e+02   1.7092750e+02
   3.8772019e+02   1.7632749e+02
   4.0574554e+02   1.8683468e+02
   2.9286674e+02   2.0862172e+02
   2.9281583e+02   2.3694227e+02
   2.9237748e+02   2.6530453e+02
   2.9237434e+02   2.9340435e+02
   2.6668970e+02   3.1229201e+02
   2.8026978e+02   3.1244602e+02
   2.9382111e+02   3.1229117e+02
   3.0839611e+02   3.1226819e+02
   3.2289166e+02   3.1181156e+02
   2.0808964e+02   2.2846963e+02
   2.2422116e+02   2.1966336e+02
   2.4274105e+02   2.2163404e+02
   2.5895847e+02   2.3041543e+02
   2.4165530e+02   2.3209425e+02
   2.2445932e+02   2.3336374e+02
   3.3259449e+02   2.2800215e+02
   3.4828051e+02   2.1727144e+02
   3.6726994e+02   2.1599774e+02
   3.8443165e+02   2.2414082e+02
   3.6830661e+02   2.3134282e+02
   3.5042972e+02   2.3001001e+02
   2.4682197e+02   3.5734738e+02
   2.6057898e+02   3.4355759e+02
   2.7689886e+02   3.3294393e+02
   2.9575538e+02   3.3313205e+02
   3.1849266e+02   3.3419585e+02
   3.3963684e+02   3.4317838e+02
   3.5727635e+02   3.5734117e+02
   3.3751938e+02   3.4883391e+02
   3.1679967e+02   3.4471373e+02
   2.9574218e+02   3.4719159e+02
   2.7864333e+02   3.4661539e+02
   2.6185566e+02   3.4960048e+02
   2.5808635e+02   3.4332069e+02
   2.6935074e+02   3.4273648e+02
   2.9575013e+02   3.3991845e+02
   3.2881799e+02   3.4105658e+02
   3.4304717e+02   3.4125290e+02
   3.2851115e+02   3.4144923e+02
   2.9575006e+02   3.4040283e+02
   2.6931546e+02   3.4390490e+02
