   2.0912374e+02   2.2117858e+02
   2.1062070e+02   2.5289050e+02
   2.1333790e+02   2.8435388e+02
   2.1777740e+02   3.1551039e+02
   2.2639711e+02   3.4593716e+02
   2.4061954e+02   3.7413697e+02
   2.6071443e+02   3.9801239e+02
   2.8683306e+02   4.1540483e+02
   3.1734105e+02   4.2179338e+02
   3.4797084e+02   4.1601419e+02
   3.7410457e+02   3.9848133e+02
   3.9766518e+02   3.7766512e+02
   4.1534838e+02   3.5161949e+02
   4.2679909e+02   3.2239495e+02
   4.3351813e+02   2.9149499e+02
   4.3823321e+02   2.6048382e+02
   4.4100315e+02   2.2907905e+02
   2.2570664e+02   1.9309720e+02
   2.4084616e+02   1.8530627e+02
   2.5741125e+02   1.8250767e+02
   2.7447305e+02   1.8396550e+02
   2.9102974e+02   1.8714408e+02
   3.5015241e+02   1.8931937e+02
   3.6700217e+02   1.8816708e+02
   3.8372436e+02   1.8691603e+02
   4.0038117e+02   1.8885342e+02
   4.1452149e+02   1.9729317e+02
   3.2683133e+02   2.1678338e+02
   3.2830738e+02   2.3699803e+02
   3.2820198e+02   2.5708543e+02
   3.2784116e+02   2.7717764e+02
   3.0824367e+02   2.8993859e+02
   3.1760415e+02   2.9069202e+02
   3.2683539e+02   2.9159200e+02
   3.3445863e+02   2.9129062e+02
   3.4199323e+02   2.9078100e+02
   2.4858243e+02   2.2328022e+02
   2.6360102e+02   2.1691235e+02
   2.8000927e+02   2.1718460e+02
   2.9512353e+02   2.2248643e+02
   2.7977566e+02   2.2702363e+02
   2.6383262e+02   2.2734940e+02
   3.5037495e+02   2.2444058e+02
   3.6526242e+02   2.1876759e+02
   3.8155155e+02   2.1970791e+02
   3.9534793e+02   2.2802556e+02
   3.8018990e+02   2.3128362e+02
   3.6495499e+02   2.2943950e+02
   2.7642140e+02   3.3259175e+02
   2.9200399e+02   3.2431559e+02
   3.0759553e+02   3.1660984e+02
   3.2395851e+02   3.2020091e+02
   3.3803909e+02   3.1694484e+02
   3.5031884e+02   3.2566865e+02
   3.6133941e+02   3.3585917e+02
   3.4958846e+02   3.4377100e+02
   3.3604852e+02   3.4898111e+02
   3.2153635e+02   3.4971990e+02
   3.0519620e+02   3.4803159e+02
   2.9021352e+02   3.4129171e+02
   2.9399519e+02   3.2809003e+02
   3.0872455e+02   3.2591044e+02
   3.2340009e+02   3.2804532e+02
   3.3643050e+02   3.2713688e+02
   3.4890841e+02   3.3027062e+02
   3.3606363e+02   3.2801750e+02
   3.2321533e+02   3.2903277e+02
   3.0863776e+02   3.2685805e+02
