   2.0834612e+02   2.2094731e+02
   2.0870346e+02   2.5213539e+02
   2.1157448e+02   2.8303278e+02
   2.1707777e+02   3.1378090e+02
   2.2511787e+02   3.4365840e+02
   2.3837890e+02   3.7175664e+02
   2.6013455e+02   3.9353251e+02
   2.8735516e+02   4.0831627e+02
   3.1784440e+02   4.1289434e+02
   3.4777717e+02   4.0595075e+02
   3.7453987e+02   3.9122281e+02
   3.9804630e+02   3.7163931e+02
   4.1749276e+02   3.4805300e+02
   4.2727441e+02   3.1928003e+02
   4.3257267e+02   2.8905393e+02
   4.3669196e+02   2.5871889e+02
   4.3886779e+02   2.2827502e+02
   2.2096536e+02   1.9583263e+02
   2.3412237e+02   1.8414707e+02
   2.5054535e+02   1.7797954e+02
   2.6822814e+02   1.7907959e+02
   2.8506773e+02   1.8388769e+02
   3.5077219e+02   1.8545882e+02
   3.6789631e+02   1.8405738e+02
   3.8507601e+02   1.8338605e+02
   4.0220255e+02   1.8479963e+02
   4.1612973e+02   1.9389260e+02
   3.2814997e+02   2.1557253e+02
   3.2918535e+02   2.3588740e+02
   3.2888655e+02   2.5608085e+02
   3.2852190e+02   2.7633834e+02
   3.0823142e+02   2.8869594e+02
   3.1785193e+02   2.8982513e+02
   3.2739836e+02   2.9057219e+02
   3.3552351e+02   2.9017894e+02
   3.4359867e+02   2.8940569e+02
   2.4757557e+02   2.1995677e+02
   2.6227852e+02   2.0987030e+02
   2.8036812e+02   2.1171217e+02
   2.9465048e+02   2.2203343e+02
   2.7878645e+02   2.2556195e+02
   2.6257148e+02   2.2548427e+02
   3.5015870e+02   2.2385564e+02
   3.6449139e+02   2.1295115e+02
   3.8299362e+02   2.1351039e+02
   3.9594875e+02   2.2609026e+02
   3.8059750e+02   2.2919187e+02
   3.6507439e+02   2.2812648e+02
   2.7803007e+02   3.3471505e+02
   2.9296700e+02   3.2618372e+02
   3.0749295e+02   3.1720315e+02
   3.2319882e+02   3.2109395e+02
   3.3636748e+02   3.1725114e+02
   3.4757821e+02   3.2668512e+02
   3.5827321e+02   3.3641795e+02
   3.4830560e+02   3.4744511e+02
   3.3523925e+02   3.5394100e+02
   3.2071305e+02   3.5480348e+02
   3.0479469e+02   3.5292548e+02
   2.9085561e+02   3.4443878e+02
   2.9321577e+02   3.3102189e+02
   3.0757524e+02   3.2834554e+02
   3.2203678e+02   3.3019082e+02
   3.3489723e+02   3.2986699e+02
   3.4712768e+02   3.3323552e+02
   3.3462120e+02   3.3048389e+02
   3.2205351e+02   3.3132661e+02
   3.0764621e+02   3.2909257e+02
