   2.0938481e+02   2.2169129e+02
   2.1087371e+02   2.5370717e+02
   2.1365942e+02   2.8557722e+02
   2.1767662e+02   3.1716399e+02
   2.2677121e+02   3.4782330e+02
   2.4123959e+02   3.7627906e+02
   2.6082624e+02   4.0100530e+02
   2.8643175e+02   4.1987871e+02
   3.1707213e+02   4.2664086e+02
   3.4850655e+02   4.2194018e+02
   3.7471366e+02   4.0337435e+02
   3.9774013e+02   3.8097408e+02
   4.1458875e+02   3.5362366e+02
   4.2662474e+02   3.2385807e+02
   4.3404140e+02   2.9245250e+02
   4.3898526e+02   2.6081579e+02
   4.4195734e+02   2.2875475e+02
   2.2635851e+02   1.9218208e+02
   2.4161412e+02   1.8489164e+02
   2.5827669e+02   1.8314265e+02
   2.7520956e+02   1.8468868e+02
   2.9160650e+02   1.8825953e+02
   3.4937524e+02   1.9014341e+02
   3.6633906e+02   1.8875316e+02
   3.8313292e+02   1.8709039e+02
   3.9982023e+02   1.8931036e+02
   4.1405371e+02   1.9790202e+02
   3.2540323e+02   2.1718934e+02
   3.2723320e+02   2.3740143e+02
   3.2733463e+02   2.5748930e+02
   3.2707138e+02   2.7754863e+02
   3.0787216e+02   2.9067487e+02
   3.1711640e+02   2.9116957e+02
   3.2619835e+02   2.9211483e+02
   3.3355490e+02   2.9182720e+02
   3.4079882e+02   2.9142947e+02
   2.4859440e+02   2.2317281e+02
   2.6326369e+02   2.1558100e+02
   2.7980463e+02   2.1590869e+02
   2.9465752e+02   2.2263213e+02
   2.7941866e+02   2.2717942e+02
   2.6360374e+02   2.2774093e+02
   3.4993601e+02   2.2440317e+02
   3.6492917e+02   2.1707299e+02
   3.8190133e+02   2.1843676e+02
   3.9605134e+02   2.2759974e+02
   3.8049050e+02   2.3080960e+02
   3.6485504e+02   2.2949857e+02
   2.7523982e+02   3.3167240e+02
   2.9119893e+02   3.2344550e+02
   3.0740719e+02   3.1637667e+02
   3.2421406e+02   3.1973066e+02
   3.3884220e+02   3.1673701e+02
   3.5181564e+02   3.2502461e+02
   3.6310303e+02   3.3545650e+02
   3.5038130e+02   3.4160429e+02
   3.3686139e+02   3.4666570e+02
   3.2248250e+02   3.4763670e+02
   3.0564910e+02   3.4588281e+02
   2.8983932e+02   3.3987668e+02
   2.9421664e+02   3.2661749e+02
   3.0919017e+02   3.2464709e+02
   3.2404160e+02   3.2688505e+02
   3.3720603e+02   3.2557702e+02
   3.4987892e+02   3.2852676e+02
   3.3678933e+02   3.2661295e+02
   3.2374596e+02   3.2779063e+02
   3.0901653e+02   3.2571245e+02
