   2.0887616e+02   2.2098682e+02
   2.1037388e+02   2.5234125e+02
   2.1309341e+02   2.8336728e+02
   2.1794065e+02   3.1407469e+02
   2.2620223e+02   3.4418803e+02
   2.4019715e+02   3.7207610e+02
   2.6073078e+02   3.9510161e+02
   2.8723405e+02   4.1115820e+02
   3.1755582e+02   4.1710544e+02
   3.4744180e+02   4.1042797e+02
   3.7343643e+02   3.9381565e+02
   3.9728190e+02   3.7427015e+02
   4.1557286e+02   3.4937370e+02
   4.2641676e+02   3.2064930e+02
   4.3246932e+02   2.9024747e+02
   4.3691507e+02   2.5982826e+02
   4.3944117e+02   2.2905699e+02
   2.2487054e+02   1.9417844e+02
   2.3976534e+02   1.8582119e+02
   2.5619343e+02   1.8205326e+02
   2.7332990e+02   1.8339349e+02
   2.8997187e+02   1.8631940e+02
   3.5024289e+02   1.8857514e+02
   3.6696478e+02   1.8756315e+02
   3.8359978e+02   1.8662342e+02
   4.0020679e+02   1.8828888e+02
   4.1423617e+02   1.9659525e+02
   3.2756458e+02   2.1643381e+02
   3.2878476e+02   2.3658777e+02
   3.2855043e+02   2.5661573e+02
   3.2815246e+02   2.7667679e+02
   3.0830835e+02   2.8913779e+02
   3.1773968e+02   2.9008446e+02
   3.2706996e+02   2.9092427e+02
   3.3489222e+02   2.9059597e+02
   3.4264563e+02   2.8997847e+02
   2.4838787e+02   2.2332593e+02
   2.6359407e+02   2.1768607e+02
   2.7993263e+02   2.1796459e+02
   2.9516115e+02   2.2240485e+02
   2.7976390e+02   2.2689723e+02
   2.6376355e+02   2.2705355e+02
   3.5023111e+02   2.2438735e+02
   3.6495625e+02   2.1969048e+02
   3.8079211e+02   2.2026480e+02
   3.9425200e+02   2.2810754e+02
   3.7944011e+02   2.3140982e+02
   3.6453612e+02   2.2923732e+02
   2.7734640e+02   3.3311242e+02
   2.9255158e+02   3.2478630e+02
   3.0756677e+02   3.1653932e+02
   3.2351938e+02   3.2028226e+02
   3.3709523e+02   3.1678704e+02
   3.4877958e+02   3.2582223e+02
   3.5956716e+02   3.3575797e+02
   3.4868002e+02   3.4513672e+02
   3.3520038e+02   3.5052775e+02
   3.2063562e+02   3.5112175e+02
   3.0473449e+02   3.4950711e+02
   2.9045811e+02   3.4218103e+02
   2.9368988e+02   3.2904727e+02
   3.0816768e+02   3.2666829e+02
   3.2265793e+02   3.2867956e+02
   3.3553630e+02   3.2807875e+02
   3.4782168e+02   3.3132980e+02
   3.3521391e+02   3.2882818e+02
   3.2256822e+02   3.2973269e+02
   3.0815551e+02   3.2751519e+02
