   2.2024112e+02   2.4493470e+02
   2.2110054e+02   2.7389745e+02
   2.2492749e+02   3.0240886e+02
   2.3256344e+02   3.3013448e+02
   2.4401207e+02   3.5652796e+02
   2.6081378e+02   3.7992982e+02
   2.8188020e+02   3.9919118e+02
   3.0821588e+02   4.1056975e+02
   3.3649774e+02   4.1511872e+02
   3.6552128e+02   4.0828250e+02
   3.9185099e+02   3.9480060e+02
   4.1392512e+02   3.7500811e+02
   4.3033086e+02   3.5050338e+02
   4.4129948e+02   3.2292094e+02
   4.4822395e+02   2.9405983e+02
   4.5043868e+02   2.6438102e+02
   4.4936947e+02   2.3486291e+02
   2.3810122e+02   2.0306324e+02
   2.5373152e+02   1.9783531e+02
   2.6987035e+02   1.9437665e+02
   2.8629386e+02   1.9566630e+02
   3.0230952e+02   1.9929326e+02
   3.5117571e+02   1.9976397e+02
   3.6684545e+02   1.9359466e+02
   3.8353279e+02   1.9127583e+02
   4.0006529e+02   1.9302489e+02
   4.1630536e+02   1.9695727e+02
   3.2895041e+02   2.2249057e+02
   3.2810468e+02   2.3749132e+02
   3.2754870e+02   2.5253396e+02
   3.2660730e+02   2.6750469e+02
   3.1356058e+02   3.0306010e+02
   3.2055086e+02   3.0070381e+02
   3.2788748e+02   3.0014478e+02
   3.3681875e+02   2.9993806e+02
   3.4556104e+02   3.0152655e+02
   2.5686729e+02   2.3084261e+02
   2.6948188e+02   2.2018998e+02
   2.8618479e+02   2.1965775e+02
   2.9856853e+02   2.3023248e+02
   2.8511034e+02   2.3776736e+02
   2.6983340e+02   2.3862079e+02
   3.6144291e+02   2.2863267e+02
   3.7282366e+02   2.1697730e+02
   3.8931536e+02   2.1696297e+02
   4.0233856e+02   2.2693258e+02
   3.9001813e+02   2.3515242e+02
   3.7510007e+02   2.3468929e+02
   2.9204217e+02   3.4198902e+02
   3.0424411e+02   3.3662652e+02
   3.1685375e+02   3.3392293e+02
   3.2907168e+02   3.3621629e+02
   3.4437611e+02   3.3422079e+02
   3.5962272e+02   3.3729422e+02
   3.7430092e+02   3.4218086e+02
   3.5941960e+02   3.4878199e+02
   3.4511167e+02   3.5614161e+02
   3.2940991e+02   3.5882203e+02
   3.1607354e+02   3.5510967e+02
   3.0387848e+02   3.4869870e+02
   2.9938812e+02   3.4195583e+02
   3.1453679e+02   3.4389516e+02
   3.2910828e+02   3.4721875e+02
   3.4575988e+02   3.4359934e+02
   3.6247670e+02   3.4290142e+02
   3.4579438e+02   3.4419759e+02
   3.2952852e+02   3.4776260e+02
   3.1445251e+02   3.4423816e+02
