   2.2083943e+02   2.4733017e+02
   2.2154767e+02   2.7679271e+02
   2.2570489e+02   3.0592256e+02
   2.3322361e+02   3.3427265e+02
   2.4445586e+02   3.6123866e+02
   2.6123010e+02   3.8529516e+02
   2.8273524e+02   4.0514070e+02
   3.0879628e+02   4.1853365e+02
   3.3749873e+02   4.2314963e+02
   3.6643855e+02   4.1633353e+02
   3.9252098e+02   4.0245717e+02
   4.1434245e+02   3.8262560e+02
   4.3034096e+02   3.5789338e+02
   4.4149192e+02   3.3046579e+02
   4.4827347e+02   3.0169664e+02
   4.5040722e+02   2.7211130e+02
   4.4925562e+02   2.4272069e+02
   2.3906737e+02   2.1009154e+02
   2.5410314e+02   2.0583306e+02
   2.6951608e+02   2.0318368e+02
   2.8507207e+02   2.0478591e+02
   3.0022572e+02   2.0817732e+02
   3.5269443e+02   2.0878608e+02
   3.6785845e+02   2.0278205e+02
   3.8379320e+02   1.9989284e+02
   3.9989150e+02   2.0092970e+02
   4.1577104e+02   2.0400716e+02
   3.2989602e+02   2.3121647e+02
   3.2918275e+02   2.4673191e+02
   3.2890156e+02   2.6224381e+02
   3.2812471e+02   2.7763245e+02
   3.1328602e+02   3.1090514e+02
   3.2136869e+02   3.0938249e+02
   3.2951683e+02   3.0906990e+02
   3.3798444e+02   3.0874101e+02
   3.4625888e+02   3.1010681e+02
   2.5861677e+02   2.3773206e+02
   2.7109661e+02   2.2768216e+02
   2.8723015e+02   2.2750255e+02
   2.9865671e+02   2.3830368e+02
   2.8542103e+02   2.4489945e+02
   2.7081187e+02   2.4552536e+02
   3.6263319e+02   2.3606077e+02
   3.7376417e+02   2.2452504e+02
   3.8987383e+02   2.2422503e+02
   4.0335755e+02   2.3312982e+02
   3.9133254e+02   2.4196417e+02
   3.7639786e+02   2.4206854e+02
   2.9348349e+02   3.4852818e+02
   3.0547480e+02   3.4429891e+02
   3.1803277e+02   3.4215752e+02
   3.3029314e+02   3.4490430e+02
   3.4553553e+02   3.4243927e+02
   3.6080102e+02   3.4463901e+02
   3.7542953e+02   3.4913726e+02
   3.6097231e+02   3.5645987e+02
   3.4670745e+02   3.6415875e+02
   3.3097268e+02   3.6615477e+02
   3.1712456e+02   3.6338803e+02
   3.0455381e+02   3.5687455e+02
   3.0125837e+02   3.4960970e+02
   3.1592126e+02   3.5168266e+02
   3.3042485e+02   3.5391230e+02
   3.4657346e+02   3.5133291e+02
   3.6263546e+02   3.5045947e+02
   3.4657423e+02   3.5171348e+02
   3.3082836e+02   3.5454666e+02
   3.1596968e+02   3.5211298e+02
