   2.1985121e+02   2.4126794e+02
   2.2068619e+02   2.7054518e+02
   2.2464681e+02   2.9957766e+02
   2.3135301e+02   3.2793384e+02
   2.4228418e+02   3.5488271e+02
   2.5954333e+02   3.7838897e+02
   2.8171697e+02   3.9714787e+02
   3.0930441e+02   4.0627615e+02
   3.3825960e+02   4.0871420e+02
   3.6696807e+02   4.0362038e+02
   3.9319277e+02   3.9131318e+02
   4.1458386e+02   3.7150986e+02
   4.3097064e+02   3.4755618e+02
   4.4107297e+02   3.2028935e+02
   4.4789133e+02   2.9194418e+02
   4.5016251e+02   2.6304744e+02
   4.4960662e+02   2.3403432e+02
   2.3391266e+02   1.9819721e+02
   2.4726198e+02   1.8818371e+02
   2.6448982e+02   1.8692701e+02
   2.8165168e+02   1.8831023e+02
   2.9855105e+02   1.9105869e+02
   3.5720075e+02   1.9069929e+02
   3.7298746e+02   1.8552363e+02
   3.8930994e+02   1.8298978e+02
   4.0576456e+02   1.8312215e+02
   4.2001909e+02   1.9061962e+02
   3.2978913e+02   2.1847888e+02
   3.2890913e+02   2.3407750e+02
   3.2845000e+02   2.4965731e+02
   3.2759566e+02   2.6506596e+02
   3.1133900e+02   2.9601030e+02
   3.2060602e+02   2.9442142e+02
   3.2999546e+02   2.9394345e+02
   3.3924751e+02   2.9477882e+02
   3.4826949e+02   2.9601990e+02
   2.5472516e+02   2.2632421e+02
   2.6830432e+02   2.1504571e+02
   2.8620122e+02   2.1599676e+02
   2.9841195e+02   2.2848427e+02
   2.8367790e+02   2.3487497e+02
   2.6780242e+02   2.3489078e+02
   3.6291564e+02   2.2533433e+02
   3.7503483e+02   2.1248922e+02
   3.9279723e+02   2.1133034e+02
   4.0611419e+02   2.2260504e+02
   3.9302483e+02   2.3154125e+02
   3.7712854e+02   2.3210839e+02
   2.9768130e+02   3.4024495e+02
   3.0697579e+02   3.2999025e+02
   3.1936446e+02   3.2372260e+02
   3.3238701e+02   3.2636835e+02
   3.4526671e+02   3.2466653e+02
   3.5728862e+02   3.2988261e+02
   3.6778183e+02   3.3785654e+02
   3.5800265e+02   3.4684617e+02
   3.4590168e+02   3.5186471e+02
   3.3283769e+02   3.5282272e+02
   3.1996596e+02   3.5201354e+02
   3.0781611e+02   3.4790610e+02
   3.0260603e+02   3.3948107e+02
   3.1767151e+02   3.3639795e+02
   3.3294466e+02   3.3701388e+02
   3.4778531e+02   3.3616947e+02
   3.6245732e+02   3.3791932e+02
   3.4754752e+02   3.3660502e+02
   3.3279867e+02   3.3793084e+02
   3.1752797e+02   3.3748483e+02
