   2.2001165e+02   2.4105755e+02
   2.2084482e+02   2.7027426e+02
   2.2476970e+02   2.9923336e+02
   2.3148883e+02   3.2746447e+02
   2.4242438e+02   3.5434929e+02
   2.5960136e+02   3.7777303e+02
   2.8171024e+02   3.9656548e+02
   3.0917890e+02   4.0568522e+02
   3.3808717e+02   4.0804658e+02
   3.6674124e+02   4.0289740e+02
   3.9301381e+02   3.9082023e+02
   4.1441905e+02   3.7110035e+02
   4.3081064e+02   3.4727150e+02
   4.4096665e+02   3.2007359e+02
   4.4783132e+02   2.9178011e+02
   4.5016567e+02   2.6299972e+02
   4.4976169e+02   2.3402211e+02
   2.3382315e+02   1.9747110e+02
   2.4695891e+02   1.8692815e+02
   2.6443816e+02   1.8590321e+02
   2.8178443e+02   1.8765939e+02
   2.9891335e+02   1.9026698e+02
   3.5774008e+02   1.8999378e+02
   3.7357284e+02   1.8462065e+02
   3.8997152e+02   1.8201678e+02
   4.0653072e+02   1.8184451e+02
   4.2059401e+02   1.8979842e+02
   3.3012274e+02   2.1751635e+02
   3.2897288e+02   2.3306026e+02
   3.2846243e+02   2.4858068e+02
   3.2733061e+02   2.6395028e+02
   3.1156496e+02   2.9522966e+02
   3.2070292e+02   2.9393658e+02
   3.2991415e+02   2.9346145e+02
   3.3931023e+02   2.9429052e+02
   3.4852386e+02   2.9526509e+02
   2.5449523e+02   2.2578409e+02
   2.6817062e+02   2.1447832e+02
   2.8616664e+02   2.1548295e+02
   2.9869207e+02   2.2781124e+02
   2.8388600e+02   2.3438030e+02
   2.6788733e+02   2.3423952e+02
   3.6304729e+02   2.2456524e+02
   3.7528200e+02   2.1208043e+02
   3.9285867e+02   2.1103125e+02
   4.0598376e+02   2.2226812e+02
   3.9283947e+02   2.3091569e+02
   3.7707576e+02   2.3140504e+02
   2.9747257e+02   3.3949247e+02
   3.0691964e+02   3.2950336e+02
   3.1925039e+02   3.2343569e+02
   3.3235488e+02   3.2556908e+02
   3.4531673e+02   3.2422272e+02
   3.5746915e+02   3.2919898e+02
   3.6810324e+02   3.3697858e+02
   3.5803097e+02   3.4583274e+02
   3.4570935e+02   3.5067996e+02
   3.3248172e+02   3.5196353e+02
   3.1981509e+02   3.5078378e+02
   3.0781981e+02   3.4663710e+02
   3.0260809e+02   3.3858938e+02
   3.1764057e+02   3.3576613e+02
   3.3278684e+02   3.3652616e+02
   3.4777815e+02   3.3554737e+02
   3.6266457e+02   3.3703079e+02
   3.4757348e+02   3.3605213e+02
   3.3271186e+02   3.3742677e+02
   3.1749315e+02   3.3677399e+02
