   1.5894672e+02   2.4729454e+02
   1.5821333e+02   2.7440875e+02
   1.5853331e+02   3.0138609e+02
   1.6197329e+02   3.2821732e+02
   1.7119707e+02   3.5360332e+02
   1.8703279e+02   3.7563577e+02
   2.0795260e+02   3.9247311e+02
   2.3299523e+02   4.0277274e+02
   2.5945009e+02   4.0660211e+02
   2.8808240e+02   4.0491650e+02
   3.1596130e+02   3.9877902e+02
   3.4046695e+02   3.8397088e+02
   3.5794019e+02   3.6132785e+02
   3.6904609e+02   3.3516648e+02
   3.7333800e+02   3.0671854e+02
   3.7495137e+02   2.7836055e+02
   3.7631525e+02   2.4974776e+02
   1.7424814e+02   1.9945252e+02
   1.8723619e+02   1.8965378e+02
   2.0250763e+02   1.8473983e+02
   2.1846736e+02   1.8690456e+02
   2.3415345e+02   1.9080244e+02
   2.9432677e+02   1.8712507e+02
   3.1205610e+02   1.8409497e+02
   3.2984126e+02   1.8515923e+02
   3.4557688e+02   1.9333191e+02
   3.5830901e+02   2.0576371e+02
   2.6655135e+02   2.2640961e+02
   2.6562280e+02   2.4281070e+02
   2.6493628e+02   2.5924644e+02
   2.6417048e+02   2.7544240e+02
   2.3682444e+02   2.9225106e+02
   2.4900142e+02   2.9958306e+02
   2.6302573e+02   3.0122397e+02
   2.7711434e+02   2.9997879e+02
   2.8960904e+02   2.9390626e+02
   1.9677795e+02   2.3476137e+02
   2.0883751e+02   2.2431912e+02
   2.2502981e+02   2.2528323e+02
   2.3842778e+02   2.3440272e+02
   2.2487511e+02   2.3982124e+02
   2.1044347e+02   2.3969186e+02
   2.9340914e+02   2.3554599e+02
   3.0712428e+02   2.2733970e+02
   3.2284148e+02   2.2674058e+02
   3.3418445e+02   2.3721760e+02
   3.2058596e+02   2.4151580e+02
   3.0646906e+02   2.4077909e+02
   2.1885013e+02   3.3443323e+02
   2.3109385e+02   3.2209481e+02
   2.4682060e+02   3.1527208e+02
   2.6338402e+02   3.1853103e+02
   2.7975466e+02   3.1731807e+02
   2.9434821e+02   3.2531086e+02
   3.0566392e+02   3.3731476e+02
   2.9151545e+02   3.4151351e+02
   2.7688855e+02   3.4362660e+02
   2.6216305e+02   3.4413504e+02
   2.4720173e+02   3.4318535e+02
   2.3300877e+02   3.3897475e+02
   2.3848284e+02   3.2846274e+02
   2.5070739e+02   3.2910287e+02
   2.6286072e+02   3.2983898e+02
   2.7579383e+02   3.3011998e+02
   2.8848878e+02   3.3122601e+02
   2.7566785e+02   3.3131676e+02
   2.6293735e+02   3.3127899e+02
   2.5062053e+02   3.2988852e+02
