   1.5914069e+02   2.4606627e+02
   1.5836598e+02   2.7328594e+02
   1.5862927e+02   3.0039345e+02
   1.6191717e+02   3.2728140e+02
   1.7116721e+02   3.5276426e+02
   1.8691668e+02   3.7498902e+02
   2.0780087e+02   3.9198752e+02
   2.3291934e+02   4.0230397e+02
   2.5950143e+02   4.0612086e+02
   2.8820352e+02   4.0435991e+02
   3.1624198e+02   3.9850623e+02
   3.4076482e+02   3.8368024e+02
   3.5843661e+02   3.6107410e+02
   3.6943677e+02   3.3481988e+02
   3.7357860e+02   3.0629792e+02
   3.7536847e+02   2.7786166e+02
   3.7699738e+02   2.4921397e+02
   1.7428238e+02   2.0004947e+02
   1.8741169e+02   1.9031532e+02
   2.0282341e+02   1.8555028e+02
   2.1879514e+02   1.8803909e+02
   2.3442888e+02   1.9244708e+02
   2.9407896e+02   1.8906410e+02
   3.1182486e+02   1.8569395e+02
   3.2967410e+02   1.8612797e+02
   3.4577268e+02   1.9359333e+02
   3.5872948e+02   2.0580576e+02
   2.6669817e+02   2.2672620e+02
   2.6589738e+02   2.4287798e+02
   2.6521527e+02   2.5901324e+02
   2.6442802e+02   2.7496836e+02
   2.3666830e+02   2.9150964e+02
   2.4905599e+02   2.9888617e+02
   2.6325047e+02   3.0061460e+02
   2.7724314e+02   2.9928951e+02
   2.8969679e+02   2.9331189e+02
   1.9700461e+02   2.3423130e+02
   2.0915110e+02   2.2397695e+02
   2.2527438e+02   2.2492692e+02
   2.3847281e+02   2.3416810e+02
   2.2490539e+02   2.3930577e+02
   2.1056399e+02   2.3917758e+02
   2.9397857e+02   2.3537239e+02
   3.0744558e+02   2.2706953e+02
   3.2301362e+02   2.2644277e+02
   3.3415607e+02   2.3686897e+02
   3.2077374e+02   2.4107659e+02
   3.0687377e+02   2.4042295e+02
   2.1899511e+02   3.3379110e+02
   2.3126287e+02   3.2141076e+02
   2.4709905e+02   3.1467201e+02
   2.6369517e+02   3.1800470e+02
   2.8008903e+02   3.1687635e+02
   2.9466746e+02   3.2493287e+02
   3.0621300e+02   3.3680410e+02
   2.9185194e+02   3.4073609e+02
   2.7709012e+02   3.4275329e+02
   2.6228316e+02   3.4327827e+02
   2.4738593e+02   3.4216420e+02
   2.3322172e+02   3.3801931e+02
   2.3861862e+02   3.2816813e+02
   2.5089037e+02   3.2867844e+02
   2.6308995e+02   3.2947428e+02
   2.7600087e+02   3.2972623e+02
   2.8866086e+02   3.3110240e+02
   2.7587093e+02   3.3113521e+02
   2.6317599e+02   3.3113425e+02
   2.5082168e+02   3.2959112e+02
