   2.0339095e+02   1.9575748e+02
   2.0346513e+02   2.2561147e+02
   2.0547901e+02   2.5545957e+02
   2.0862832e+02   2.8505061e+02
   2.2000461e+02   3.1244540e+02
   2.3765239e+02   3.3618305e+02
   2.6189180e+02   3.5369359e+02
   2.8953376e+02   3.6456130e+02
   3.1890171e+02   3.6690457e+02
   3.4705116e+02   3.6261397e+02
   3.7292529e+02   3.5139881e+02
   3.9509289e+02   3.3381220e+02
   4.1195118e+02   3.1113841e+02
   4.2186283e+02   2.8487932e+02
   4.2541191e+02   2.5662855e+02
   4.2781499e+02   2.2853054e+02
   4.2855445e+02   2.0032544e+02
   2.2228386e+02   1.7422621e+02
   2.3061203e+02   1.5681623e+02
   2.4923322e+02   1.5020222e+02
   2.6924413e+02   1.4951506e+02
   2.8916145e+02   1.5006110e+02
   3.3978090e+02   1.5044327e+02
   3.5924057e+02   1.5108163e+02
   3.7859233e+02   1.5259469e+02
   3.9602320e+02   1.6053244e+02
   4.0740184e+02   1.7576570e+02
   3.1370855e+02   1.8104046e+02
   3.1286024e+02   2.0021165e+02
   3.1259200e+02   2.1918517e+02
   3.1294423e+02   2.3808698e+02
   2.8907126e+02   2.5351046e+02
   3.0218898e+02   2.5555462e+02
   3.1459504e+02   2.6008012e+02
   3.2609749e+02   2.5500896e+02
   3.3827894e+02   2.5204899e+02
   2.4872559e+02   1.8972457e+02
   2.6224555e+02   1.8286792e+02
   2.7735320e+02   1.8416285e+02
   2.9028582e+02   1.9199606e+02
   2.7610901e+02   1.9313125e+02
   2.6186100e+02   1.9426297e+02
   3.3643547e+02   1.9273332e+02
   3.4943204e+02   1.8514026e+02
   3.6421788e+02   1.8405168e+02
   3.7756376e+02   1.9049927e+02
   3.6429923e+02   1.9475318e+02
   3.5027257e+02   1.9437350e+02
   2.7096179e+02   2.8849048e+02
   2.8528548e+02   2.8044918e+02
   3.0028465e+02   2.7461009e+02
   3.1458627e+02   2.7979002e+02
   3.3022125e+02   2.7420251e+02
   3.4647438e+02   2.7987611e+02
   3.6232243e+02   2.8564043e+02
   3.4813711e+02   2.9455093e+02
   3.3214189e+02   2.9926758e+02
   3.1549426e+02   3.0036852e+02
   2.9972232e+02   3.0006615e+02
   2.8434454e+02   2.9655451e+02
   2.8015621e+02   2.8800026e+02
   2.9731920e+02   2.8579815e+02
   3.1436529e+02   2.8823721e+02
   3.3262199e+02   2.8523997e+02
   3.5092604e+02   2.8586458e+02
   3.3236402e+02   2.8561510e+02
   3.1436437e+02   2.8866013e+02
   2.9720876e+02   2.8622456e+02
