   2.0326347e+02   1.9579441e+02
   2.0333666e+02   2.2538560e+02
   2.0533318e+02   2.5467303e+02
   2.0829414e+02   2.8403691e+02
   2.2005425e+02   3.1110574e+02
   2.3867676e+02   3.3375258e+02
   2.6082934e+02   3.5327570e+02
   2.8791058e+02   3.6428798e+02
   3.1704436e+02   3.6672582e+02
   3.4550067e+02   3.6316771e+02
   3.7185336e+02   3.5221726e+02
   3.9407624e+02   3.3435765e+02
   4.1077413e+02   3.1114695e+02
   4.2391938e+02   2.8554730e+02
   4.2820974e+02   2.5730091e+02
   4.2789050e+02   2.2876145e+02
   4.2863595e+02   2.0025274e+02
   2.2216283e+02   1.7423383e+02
   2.3003899e+02   1.5714598e+02
   2.4810750e+02   1.5031867e+02
   2.6760251e+02   1.4945232e+02
   2.8705289e+02   1.4861088e+02
   3.3975570e+02   1.5036967e+02
   3.5923356e+02   1.5099877e+02
   3.7860385e+02   1.5250345e+02
   3.9605473e+02   1.6043967e+02
   4.0745151e+02   1.7568116e+02
   3.1367489e+02   1.8100812e+02
   3.1283550e+02   2.0019733e+02
   3.1257659e+02   2.1918841e+02
   3.1293871e+02   2.3810739e+02
   2.8331506e+02   2.4687341e+02
   2.9858267e+02   2.5413666e+02
   3.1409600e+02   2.6000996e+02
   3.2931731e+02   2.5349260e+02
   3.4335145e+02   2.4500310e+02
   2.4917201e+02   1.8764040e+02
   2.6263209e+02   1.8290722e+02
   2.7677633e+02   1.8401065e+02
   2.8931476e+02   1.9062383e+02
   2.7578246e+02   1.9101243e+02
   2.6219442e+02   1.9068185e+02
   3.3922321e+02   1.9134755e+02
   3.4982235e+02   1.8495176e+02
   3.6220002e+02   1.8376971e+02
   3.7335123e+02   1.8871751e+02
   3.6217676e+02   1.9131356e+02
   3.5069262e+02   1.9140087e+02
   2.5586345e+02   2.7236213e+02
   2.7525506e+02   2.6998062e+02
   2.9467235e+02   2.6874069e+02
   3.1410337e+02   2.6974566e+02
   3.3447094e+02   2.6748422e+02
   3.5484933e+02   2.6828514e+02
   3.7524719e+02   2.6945419e+02
   3.5808740e+02   2.8582588e+02
   3.3808056e+02   2.9790974e+02
   3.1500863e+02   2.9959682e+02
   2.9264526e+02   2.9827991e+02
   2.7317699e+02   2.8687728e+02
   2.6351273e+02   2.7504254e+02
   2.8915411e+02   2.7472992e+02
   3.1414052e+02   2.7807379e+02
   3.4140749e+02   2.7359352e+02
   3.6892697e+02   2.7237858e+02
   3.4320868e+02   2.8644877e+02
   3.1478613e+02   2.9107070e+02
   2.8737393e+02   2.8841388e+02
