   1.9363367e+02   2.1817002e+02
   1.9775289e+02   2.4470599e+02
   2.0308018e+02   2.7073100e+02
   2.1052570e+02   2.9634749e+02
   2.2258428e+02   3.2029670e+02
   2.3935770e+02   3.4090236e+02
   2.6022690e+02   3.5754165e+02
   2.8372452e+02   3.7010412e+02
   3.0964993e+02   3.7336009e+02
   3.3485145e+02   3.6778506e+02
   3.5650519e+02   3.5403295e+02
   3.7627492e+02   3.3720466e+02
   3.9257234e+02   3.1742003e+02
   4.0240403e+02   2.9351815e+02
   4.0948685e+02   2.6875783e+02
   4.1466683e+02   2.4346359e+02
   4.2037184e+02   2.1840587e+02
   2.1200359e+02   1.7068214e+02
   2.2654963e+02   1.5735354e+02
   2.4538629e+02   1.5223891e+02
   2.6452305e+02   1.5663521e+02
   2.8117580e+02   1.6691109e+02
   3.3297027e+02   1.6679949e+02
   3.4860062e+02   1.5645984e+02
   3.6703221e+02   1.5256587e+02
   3.8543540e+02   1.5575065e+02
   3.9961723e+02   1.6774249e+02
   3.0837351e+02   1.8206492e+02
   3.0862689e+02   2.0191981e+02
   3.0918361e+02   2.2178801e+02
   3.0886370e+02   2.4146479e+02
   2.8036209e+02   2.5458950e+02
   2.9402866e+02   2.6014403e+02
   3.0839875e+02   2.6196175e+02
   3.2322665e+02   2.5976173e+02
   3.3626606e+02   2.5280531e+02
   2.3599525e+02   1.9029978e+02
   2.5004920e+02   1.8204857e+02
   2.6641601e+02   1.8331080e+02
   2.7881720e+02   1.9367628e+02
   2.6436657e+02   1.9392346e+02
   2.4997767e+02   1.9333078e+02
   3.3457583e+02   1.9228653e+02
   3.4695253e+02   1.8158023e+02
   3.6348163e+02   1.8086440e+02
   3.7753537e+02   1.8935261e+02
   3.6325443e+02   1.9176681e+02
   3.4880528e+02   1.9216163e+02
   2.4745226e+02   2.7760767e+02
   2.6786226e+02   2.7712763e+02
   2.8799114e+02   2.7456873e+02
   3.0792211e+02   2.7642008e+02
   3.2877261e+02   2.7428227e+02
   3.4934245e+02   2.7656280e+02
   3.7009188e+02   2.7778968e+02
   3.5119044e+02   2.9337658e+02
   3.3162142e+02   3.0755753e+02
   3.0839646e+02   3.1367370e+02
   2.8462339e+02   3.0897994e+02
   2.6514861e+02   2.9424354e+02
   2.5804178e+02   2.8233818e+02
   2.8315964e+02   2.8365407e+02
   3.0764342e+02   2.8758245e+02
   3.3377542e+02   2.8290661e+02
   3.5997352e+02   2.8112890e+02
   3.3476276e+02   2.9181812e+02
   3.0816497e+02   2.9703461e+02
   2.8198868e+02   2.9302398e+02
