   1.9347625e+02   2.1833578e+02
   1.9757149e+02   2.4479824e+02
   2.0287678e+02   2.7079486e+02
   2.1026972e+02   2.9634853e+02
   2.2223415e+02   3.2025848e+02
   2.3893127e+02   3.4088648e+02
   2.5966311e+02   3.5756266e+02
   2.8325307e+02   3.6973267e+02
   3.0919531e+02   3.7289545e+02
   3.3448013e+02   3.6753311e+02
   3.5643023e+02   3.5426569e+02
   3.7610033e+02   3.3752745e+02
   3.9249940e+02   3.1763650e+02
   4.0228967e+02   2.9383507e+02
   4.0939872e+02   2.6902610e+02
   4.1459017e+02   2.4372277e+02
   4.2030702e+02   2.1865654e+02
   2.1187144e+02   1.7083536e+02
   2.2642842e+02   1.5750675e+02
   2.4527470e+02   1.5239707e+02
   2.6441763e+02   1.5680233e+02
   2.8107335e+02   1.6708864e+02
   3.3288902e+02   1.6699637e+02
   3.4858743e+02   1.5663421e+02
   3.6706704e+02   1.5276744e+02
   3.8553506e+02   1.5580147e+02
   3.9956288e+02   1.6796468e+02
   3.0827650e+02   1.8225884e+02
   3.0852256e+02   2.0212194e+02
   3.0907207e+02   2.2199847e+02
   3.0874467e+02   2.4168317e+02
   2.7951559e+02   2.5381838e+02
   2.9368939e+02   2.5995808e+02
   3.0867770e+02   2.6248982e+02
   3.2333044e+02   2.5945779e+02
   3.3654455e+02   2.5287675e+02
   2.3663383e+02   1.9006125e+02
   2.5025774e+02   1.8250021e+02
   2.6590854e+02   1.8380054e+02
   2.7812796e+02   1.9331027e+02
   2.6421459e+02   1.9279036e+02
   2.5034107e+02   1.9211261e+02
   3.3381075e+02   1.9209355e+02
   3.4664846e+02   1.8200095e+02
   3.6305809e+02   1.8100285e+02
   3.7718151e+02   1.8908808e+02
   3.6281665e+02   1.9120655e+02
   3.4818418e+02   1.9114476e+02
   2.4601003e+02   2.7565209e+02
   2.6674012e+02   2.7438123e+02
   2.8738679e+02   2.7275227e+02
   3.0765069e+02   2.7520527e+02
   3.2876740e+02   2.7272186e+02
   3.4985291e+02   2.7418099e+02
   3.7080467e+02   2.7642035e+02
   3.5166083e+02   2.9253439e+02
   3.3201806e+02   3.0756373e+02
   3.0838078e+02   3.1442439e+02
   2.8369844e+02   3.0936401e+02
   2.6390853e+02   2.9349302e+02
   2.5580307e+02   2.8021042e+02
   2.8195229e+02   2.8256318e+02
   3.0732863e+02   2.8758594e+02
   3.3454026e+02   2.8189909e+02
   3.6174352e+02   2.7927970e+02
   3.3580094e+02   2.9141456e+02
   3.0802403e+02   2.9760435e+02
   2.8045951e+02   2.9303523e+02
