   2.0386037e+02   2.0681968e+02
   2.0649361e+02   2.4108912e+02
   2.1121514e+02   2.7544303e+02
   2.1830909e+02   3.0896397e+02
   2.3137871e+02   3.4068717e+02
   2.4928857e+02   3.6992180e+02
   2.7235880e+02   3.9519363e+02
   3.0170582e+02   4.1259459e+02
   3.3545904e+02   4.1630546e+02
   3.6784268e+02   4.0956253e+02
   3.9377341e+02   3.8901306e+02
   4.1155453e+02   3.6112369e+02
   4.2471335e+02   3.3060462e+02
   4.3670900e+02   2.9967648e+02
   4.4284432e+02   2.6694576e+02
   4.4633258e+02   2.3412644e+02
   4.4606565e+02   2.0104043e+02
   2.2986398e+02   1.8282184e+02
   2.4344098e+02   1.7517338e+02
   2.5932926e+02   1.7528096e+02
   2.7521369e+02   1.7708648e+02
   2.9086816e+02   1.7976822e+02
   3.5286851e+02   1.7933575e+02
   3.6956518e+02   1.7344521e+02
   3.8701878e+02   1.7039873e+02
   4.0452825e+02   1.6839942e+02
   4.2037129e+02   1.7484330e+02
   3.2769853e+02   2.0208945e+02
   3.2864619e+02   2.2349636e+02
   3.3058015e+02   2.4474232e+02
   3.3154269e+02   2.6582257e+02
   3.1152094e+02   2.8521391e+02
   3.2147933e+02   2.8694857e+02
   3.3153900e+02   2.8752941e+02
   3.4263452e+02   2.8685233e+02
   3.5314525e+02   2.8360905e+02
   2.5286236e+02   2.0382516e+02
   2.6487209e+02   1.9207813e+02
   2.8200508e+02   1.9369662e+02
   2.9536373e+02   2.0433003e+02
   2.8142576e+02   2.0963001e+02
   2.6656713e+02   2.0944349e+02
   3.5836619e+02   2.0133711e+02
   3.7232277e+02   1.9239823e+02
   3.8870150e+02   1.9140241e+02
   4.0286791e+02   1.9934212e+02
   3.8954568e+02   2.0845467e+02
   3.7326085e+02   2.0784299e+02
   2.9094965e+02   3.3411903e+02
   3.0245939e+02   3.2200668e+02
   3.1699672e+02   3.1432954e+02
   3.3344617e+02   3.1325666e+02
   3.5029777e+02   3.1213588e+02
   3.6572005e+02   3.1938312e+02
   3.8103153e+02   3.2690811e+02
   3.6793361e+02   3.3807315e+02
   3.5158153e+02   3.4340138e+02
   3.3447772e+02   3.4538572e+02
   3.1953060e+02   3.4300204e+02
   3.0489412e+02   3.3974628e+02
   3.0713056e+02   3.2576541e+02
   3.2077471e+02   3.2408846e+02
   3.3446341e+02   3.2482906e+02
   3.4659163e+02   3.2356089e+02
   3.5869928e+02   3.2344637e+02
   3.4627259e+02   3.2413998e+02
   3.3398524e+02   3.2578513e+02
   3.2047624e+02   3.2449603e+02
