   2.0387115e+02   2.0710974e+02
   2.0647276e+02   2.4132106e+02
   2.1114389e+02   2.7551351e+02
   2.1818149e+02   3.0898684e+02
   2.3120541e+02   3.4066035e+02
   2.4824258e+02   3.7027226e+02
   2.7121192e+02   3.9548315e+02
   3.0076487e+02   4.1240293e+02
   3.3429700e+02   4.1708636e+02
   3.6676952e+02   4.0994102e+02
   3.9296068e+02   3.8952354e+02
   4.1094281e+02   3.6158728e+02
   4.2419725e+02   3.3094738e+02
   4.3626628e+02   2.9988973e+02
   4.4243031e+02   2.6700476e+02
   4.4545360e+02   2.3399408e+02
   4.4499971e+02   2.0072758e+02
   2.2984770e+02   1.8317429e+02
   2.4339978e+02   1.7556067e+02
   2.5928668e+02   1.7697898e+02
   2.7515348e+02   1.7883538e+02
   2.9074406e+02   1.8173933e+02
   3.5263877e+02   1.7978991e+02
   3.6931067e+02   1.7392270e+02
   3.8673597e+02   1.7089514e+02
   4.0421622e+02   1.6891295e+02
   4.2002641e+02   1.7535781e+02
   3.2565610e+02   2.0172422e+02
   3.2814108e+02   2.2268795e+02
   3.3022769e+02   2.4374132e+02
   3.3059723e+02   2.6461613e+02
   3.1063622e+02   2.8533787e+02
   3.2094999e+02   2.8782359e+02
   3.3143797e+02   2.8874738e+02
   3.4123366e+02   2.8737539e+02
   3.5071683e+02   2.8517050e+02
   2.5278934e+02   2.0415858e+02
   2.6478710e+02   1.9244152e+02
   2.8188871e+02   1.9407048e+02
   2.9521563e+02   2.0469558e+02
   2.8141081e+02   2.1055313e+02
   2.6656536e+02   2.0980069e+02
   3.5810969e+02   2.0175689e+02
   3.7204869e+02   1.9284456e+02
   3.8839940e+02   1.9186322e+02
   4.0253475e+02   1.9979998e+02
   3.8891571e+02   2.0895602e+02
   3.7257963e+02   2.0928167e+02
   2.9108893e+02   3.3438486e+02
   3.0229634e+02   3.2210940e+02
   3.1708963e+02   3.1441780e+02
   3.3355182e+02   3.1431010e+02
   3.4989432e+02   3.1264775e+02
   3.6520049e+02   3.1951139e+02
   3.7951102e+02   3.2754976e+02
   3.6662441e+02   3.3901243e+02
   3.5072612e+02   3.4539556e+02
   3.3366813e+02   3.4686117e+02
   3.1868559e+02   3.4494629e+02
   3.0416296e+02   3.4127476e+02
   3.0693474e+02   3.2713900e+02
   3.2040860e+02   3.2611076e+02
   3.3382329e+02   3.2605917e+02
   3.4653818e+02   3.2533191e+02
   3.5919501e+02   3.2587693e+02
   3.4620569e+02   3.2656555e+02
   3.3333870e+02   3.2702628e+02
   3.2002503e+02   3.2691105e+02
