   1.7997858e+02   2.3074360e+02
   1.8317511e+02   2.6089991e+02
   1.8879499e+02   2.9076514e+02
   1.9421202e+02   3.2060886e+02
   2.0181485e+02   3.4988276e+02
   2.1801448e+02   3.7509167e+02
   2.3966379e+02   3.9623194e+02
   2.6653709e+02   4.0984189e+02
   2.9626422e+02   4.1407944e+02
   3.2545897e+02   4.0807493e+02
   3.5129970e+02   3.9378100e+02
   3.7212905e+02   3.7271344e+02
   3.8695571e+02   3.4694519e+02
   3.9476528e+02   3.1826259e+02
   4.0022236e+02   2.8912625e+02
   4.0379785e+02   2.5955949e+02
   4.0659428e+02   2.3023793e+02
   1.9707690e+02   2.1030100e+02
   2.0869563e+02   1.9791728e+02
   2.2419312e+02   1.9126473e+02
   2.4102186e+02   1.9338808e+02
   2.5717387e+02   1.9816095e+02
   3.1935695e+02   1.9646735e+02
   3.3531322e+02   1.9122187e+02
   3.5156063e+02   1.8821340e+02
   3.6692698e+02   1.9477827e+02
   3.8070893e+02   2.0395557e+02
   2.9057282e+02   2.2819645e+02
   2.9098572e+02   2.4795192e+02
   2.9130511e+02   2.6757651e+02
   2.9184778e+02   2.8704097e+02
   2.6511993e+02   2.9824586e+02
   2.7851273e+02   3.0244908e+02
   2.9227355e+02   3.0459168e+02
   3.0417766e+02   3.0140178e+02
   3.1562585e+02   2.9700315e+02
   2.2005297e+02   2.3437750e+02
   2.3323111e+02   2.2463196e+02
   2.4971495e+02   2.2651533e+02
   2.6183976e+02   2.3761301e+02
   2.4744929e+02   2.3866634e+02
   2.3313425e+02   2.3958441e+02
   3.1785973e+02   2.3517555e+02
   3.3041106e+02   2.2369551e+02
   3.4706563e+02   2.2192174e+02
   3.6009339e+02   2.3209468e+02
   3.4685234e+02   2.3806088e+02
   3.3227352e+02   2.3742065e+02
   2.4911528e+02   3.3023850e+02
   2.6406417e+02   3.2912912e+02
   2.7831299e+02   3.2346987e+02
   2.9309922e+02   3.2504956e+02
   3.0702599e+02   3.2276810e+02
   3.2079874e+02   3.2710329e+02
   3.3480506e+02   3.2678138e+02
   3.2254110e+02   3.3766445e+02
   3.0952471e+02   3.4736261e+02
   2.9373793e+02   3.5027135e+02
   2.7748396e+02   3.4760792e+02
   2.6323768e+02   3.3898270e+02
   2.6482653e+02   3.3491670e+02
   2.7911092e+02   3.3385328e+02
   2.9331464e+02   3.3490030e+02
   3.0763797e+02   3.3279716e+02
   3.2186758e+02   3.3371465e+02
   3.0747374e+02   3.3330384e+02
   2.9339676e+02   3.3559174e+02
   2.7901365e+02   3.3448566e+02
