   1.8009082e+02   2.3071000e+02
   1.8330003e+02   2.6107278e+02
   1.8758434e+02   2.9100330e+02
   1.9154053e+02   3.2098815e+02
   2.0158037e+02   3.4946821e+02
   2.1789529e+02   3.7487100e+02
   2.4010841e+02   3.9497891e+02
   2.6692584e+02   4.0879237e+02
   2.9666726e+02   4.1270159e+02
   3.2585557e+02   4.0813296e+02
   3.5156089e+02   3.9374517e+02
   3.7216699e+02   3.7257283e+02
   3.8655806e+02   3.4643652e+02
   3.9578251e+02   3.1847283e+02
   4.0016269e+02   2.8922195e+02
   4.0375842e+02   2.5967390e+02
   4.0657473e+02   2.3037240e+02
   1.9760844e+02   2.0907161e+02
   2.1004844e+02   1.9810735e+02
   2.2503402e+02   1.9169471e+02
   2.4132169e+02   1.9468975e+02
   2.5726522e+02   1.9820351e+02
   3.1941328e+02   1.9655693e+02
   3.3554971e+02   1.9215249e+02
   3.5168244e+02   1.8888500e+02
   3.6695682e+02   1.9490405e+02
   3.8072393e+02   2.0408620e+02
   2.9062245e+02   2.2824622e+02
   2.9102048e+02   2.4799047e+02
   2.9132516e+02   2.6760385e+02
   2.9185310e+02   2.8705736e+02
   2.6413282e+02   2.9759902e+02
   2.7797848e+02   3.0132676e+02
   2.9212387e+02   3.0259454e+02
   3.0465434e+02   3.0076453e+02
   3.1633248e+02   2.9614304e+02
   2.1537724e+02   2.3700418e+02
   2.3098230e+02   2.3659424e+02
   2.4659384e+02   2.3618859e+02
   2.6192002e+02   2.3756857e+02
   2.4631447e+02   2.3985823e+02
   2.3059087e+02   2.4071249e+02
   3.1871004e+02   2.3493090e+02
   3.3417154e+02   2.3483393e+02
   3.4948233e+02   2.3511353e+02
   3.6464355e+02   2.3422623e+02
   3.4955349e+02   2.3809796e+02
   3.3402382e+02   2.3756591e+02
   2.4286617e+02   3.2235343e+02
   2.5987614e+02   3.2429458e+02
   2.7666236e+02   3.1992936e+02
   2.9352939e+02   3.2098345e+02
   3.0912502e+02   3.1830947e+02
   3.2485195e+02   3.2129955e+02
   3.4075858e+02   3.2164328e+02
   3.2689580e+02   3.3355104e+02
   3.1250273e+02   3.4474860e+02
   2.9497029e+02   3.4762343e+02
   2.7561867e+02   3.4456252e+02
   2.5931062e+02   3.3320276e+02
   2.6400286e+02   3.3048976e+02
   2.7904072e+02   3.2986920e+02
   2.9389765e+02   3.3117055e+02
   3.0976423e+02   3.2871334e+02
   3.2557453e+02   3.2788772e+02
   3.0965006e+02   3.2967465e+02
   2.9384574e+02   3.3179851e+02
   2.7890414e+02   3.3056430e+02
