   1.8684532e+02   2.3634119e+02
   1.8971332e+02   2.6552138e+02
   1.9267107e+02   2.9474899e+02
   1.9896925e+02   3.2312128e+02
   2.0811676e+02   3.5085304e+02
   2.2417714e+02   3.7516120e+02
   2.4450147e+02   3.9606374e+02
   2.7087712e+02   4.0853498e+02
   2.9964340e+02   4.1229139e+02
   3.2791520e+02   4.0911256e+02
   3.5346402e+02   3.9680128e+02
   3.7481240e+02   3.7820988e+02
   3.8904318e+02   3.5371509e+02
   3.9701382e+02   3.2649264e+02
   4.0349595e+02   2.9884523e+02
   4.0641280e+02   2.7065101e+02
   4.0633146e+02   2.4228632e+02
   2.0648459e+02   1.8482429e+02
   2.1880962e+02   1.7230208e+02
   2.3485110e+02   1.6554044e+02
   2.5241234e+02   1.6692756e+02
   2.6952719e+02   1.7034052e+02
   3.2664440e+02   1.7469568e+02
   3.4354767e+02   1.6936779e+02
   3.6103359e+02   1.6744066e+02
   3.7802395e+02   1.7123641e+02
   3.8955776e+02   1.8392435e+02
   3.0124429e+02   2.0386412e+02
   3.0107696e+02   2.2114000e+02
   3.0089701e+02   2.3812871e+02
   3.0087356e+02   2.5520060e+02
   2.6969273e+02   2.7998501e+02
   2.8402973e+02   2.8506404e+02
   2.9912324e+02   2.8617566e+02
   3.1271149e+02   2.8535351e+02
   3.2524854e+02   2.8061299e+02
   2.2746864e+02   2.1022032e+02
   2.3790019e+02   2.0041308e+02
   2.5245161e+02   2.0084585e+02
   2.6451923e+02   2.0895621e+02
   2.5243768e+02   2.1425807e+02
   2.3936127e+02   2.1537075e+02
   3.3672686e+02   2.0782700e+02
   3.4891775e+02   1.9991309e+02
   3.6332536e+02   2.0133226e+02
   3.7326870e+02   2.1168770e+02
   3.6084163e+02   2.1541347e+02
   3.4810872e+02   2.1383975e+02
   2.3563331e+02   3.0649043e+02
   2.5738762e+02   3.0412177e+02
   2.7896523e+02   3.0171425e+02
   3.0038972e+02   3.0502779e+02
   3.2054271e+02   3.0101398e+02
   3.4074229e+02   3.0306620e+02
   3.6070091e+02   3.0798877e+02
   3.4539460e+02   3.3216739e+02
   3.2571499e+02   3.5169079e+02
   2.9855185e+02   3.5722007e+02
   2.7097961e+02   3.5028372e+02
   2.4970864e+02   3.3099835e+02
   2.4277327e+02   3.1112746e+02
   2.7132687e+02   3.1231721e+02
   2.9927650e+02   3.1545706e+02
   3.2624042e+02   3.1327896e+02
   3.5302692e+02   3.1089511e+02
   3.2972474e+02   3.3325143e+02
   2.9813218e+02   3.4260033e+02
   2.6671566e+02   3.3315587e+02
