   1.8628972e+02   2.3867739e+02
   1.8931573e+02   2.6799082e+02
   1.9243911e+02   2.9739435e+02
   1.9890234e+02   3.2583038e+02
   2.0819171e+02   3.5369131e+02
   2.2451110e+02   3.7803295e+02
   2.4493597e+02   3.9902993e+02
   2.7158053e+02   4.1133105e+02
   3.0052281e+02   4.1496261e+02
   3.2892190e+02   4.1162875e+02
   3.5453936e+02   3.9912966e+02
   3.7590428e+02   3.8033935e+02
   3.9008660e+02   3.5565079e+02
   3.9796373e+02   3.2825155e+02
   4.0434274e+02   3.0043253e+02
   4.0713575e+02   2.7208145e+02
   4.0691459e+02   2.4357378e+02
   2.0577505e+02   1.8680354e+02
   2.1826877e+02   1.7442020e+02
   2.3412473e+02   1.6737397e+02
   2.5166515e+02   1.6876420e+02
   2.6869755e+02   1.7228003e+02
   3.2676248e+02   1.7637933e+02
   3.4350957e+02   1.7075426e+02
   3.6093926e+02   1.6907350e+02
   3.7791150e+02   1.7251725e+02
   3.8947530e+02   1.8504092e+02
   3.0110735e+02   2.0547386e+02
   3.0102408e+02   2.2283790e+02
   3.0092672e+02   2.3991336e+02
   3.0098707e+02   2.5707167e+02
   2.7046046e+02   2.8337917e+02
   2.8471072e+02   2.8780503e+02
   2.9953884e+02   2.8877527e+02
   3.1268163e+02   2.8805006e+02
   3.2492775e+02   2.8385245e+02
   2.2697077e+02   2.1256533e+02
   2.3719394e+02   2.0250152e+02
   2.5178289e+02   2.0303071e+02
   2.6402686e+02   2.1102611e+02
   2.5201223e+02   2.1648004e+02
   2.3893051e+02   2.1757744e+02
   3.3692786e+02   2.0979589e+02
   3.4895004e+02   2.0150917e+02
   3.6342406e+02   2.0303095e+02
   3.7341154e+02   2.1349473e+02
   3.6102388e+02   2.1709365e+02
   3.4840387e+02   2.1549505e+02
   2.3682557e+02   3.1071254e+02
   2.5825534e+02   3.0785875e+02
   2.7947465e+02   3.0514423e+02
   3.0055724e+02   3.0847317e+02
   3.2048906e+02   3.0444810e+02
   3.4048696e+02   3.0652976e+02
   3.6014407e+02   3.1166647e+02
   3.4483646e+02   3.3533537e+02
   3.2577933e+02   3.5511693e+02
   2.9926742e+02   3.6150086e+02
   2.7194725e+02   3.5447363e+02
   2.5090810e+02   3.3514413e+02
   2.4449973e+02   3.1530553e+02
   2.7236617e+02   3.1565472e+02
   2.9976707e+02   3.1827049e+02
   3.2633334e+02   3.1616432e+02
   3.5264922e+02   3.1426135e+02
   3.2961471e+02   3.3670950e+02
   2.9872585e+02   3.4581927e+02
   2.6811008e+02   3.3685919e+02
