   1.8652992e+02   2.4150540e+02
   1.8967510e+02   2.7091730e+02
   1.9287261e+02   3.0014353e+02
   1.9950640e+02   3.2897444e+02
   2.0919438e+02   3.5668472e+02
   2.2528906e+02   3.8112495e+02
   2.4654043e+02   4.0155083e+02
   2.7285377e+02   4.1446694e+02
   3.0183880e+02   4.1802089e+02
   3.3033076e+02   4.1456955e+02
   3.5599686e+02   4.0192933e+02
   3.7737139e+02   3.8299032e+02
   3.9151486e+02   3.5815779e+02
   3.9931975e+02   3.3062788e+02
   4.0561942e+02   3.0268217e+02
   4.0831783e+02   2.7421571e+02
   4.0799032e+02   2.4560324e+02
   2.0589542e+02   1.8936723e+02
   2.1730228e+02   1.7520503e+02
   2.3469707e+02   1.6917230e+02
   2.5305477e+02   1.6996945e+02
   2.7135435e+02   1.7233818e+02
   3.2554630e+02   1.7623527e+02
   3.4372581e+02   1.7172652e+02
   3.6207504e+02   1.6777030e+02
   3.7991953e+02   1.7301232e+02
   3.9216039e+02   1.8664241e+02
   3.0165004e+02   2.0775383e+02
   3.0163074e+02   2.2518251e+02
   3.0159623e+02   2.4232160e+02
   3.0172031e+02   2.5954326e+02
   2.7802193e+02   2.8522155e+02
   2.8897563e+02   2.8754854e+02
   3.0007635e+02   2.8847937e+02
   3.1133182e+02   2.8810687e+02
   3.2216301e+02   2.8557053e+02
   2.2738032e+02   2.1295409e+02
   2.3897819e+02   2.0381192e+02
   2.5386456e+02   2.0322147e+02
   2.6570013e+02   2.1182499e+02
   2.5300350e+02   2.1692210e+02
   2.3952341e+02   2.1862157e+02
   3.3671123e+02   2.0865802e+02
   3.4998613e+02   2.0204745e+02
   3.6460143e+02   2.0245105e+02
   3.7502901e+02   2.1224027e+02
   3.6207398e+02   2.1723117e+02
   3.4821263e+02   2.1618970e+02
   2.5223583e+02   3.2712625e+02
   2.6777263e+02   3.1708872e+02
   2.8484811e+02   3.1105203e+02
   3.0226309e+02   3.1504565e+02
   3.1878271e+02   3.0941389e+02
   3.3549558e+02   3.1550911e+02
   3.5051181e+02   3.2487201e+02
   3.3480449e+02   3.3547123e+02
   3.1777964e+02   3.4296232e+02
   2.9926391e+02   3.4495212e+02
   2.8214791e+02   3.4291663e+02
   2.6621816e+02   3.3669343e+02
   2.6493630e+02   3.2829830e+02
   2.8280150e+02   3.2688856e+02
   3.0047358e+02   3.2714251e+02
   3.1785826e+02   3.2569287e+02
   3.3513469e+02   3.2691472e+02
   3.1766848e+02   3.2615553e+02
   3.0047539e+02   3.2755830e+02
   2.8259993e+02   3.2729732e+02
