   1.8663723e+02   2.4196763e+02
   1.8973742e+02   2.7136771e+02
   1.9289125e+02   3.0058894e+02
   1.9947796e+02   3.2940598e+02
   2.0911350e+02   3.5712030e+02
   2.2517227e+02   3.8156894e+02
   2.4636554e+02   4.0202841e+02
   2.7265665e+02   4.1496000e+02
   3.0162216e+02   4.1855421e+02
   3.3010330e+02   4.1514670e+02
   3.5577367e+02   4.0255128e+02
   3.7716412e+02   3.8365427e+02
   3.9133622e+02   3.5885640e+02
   3.9917725e+02   3.3135333e+02
   4.0551450e+02   3.0343248e+02
   4.0825328e+02   2.7498587e+02
   4.0796803e+02   2.4638889e+02
   2.0606861e+02   1.8988703e+02
   2.1751595e+02   1.7579007e+02
   2.3487380e+02   1.6975984e+02
   2.5320212e+02   1.7059631e+02
   2.7145934e+02   1.7301691e+02
   3.2571385e+02   1.7699181e+02
   3.4385650e+02   1.7248344e+02
   3.6218052e+02   1.6860930e+02
   3.7998830e+02   1.7383022e+02
   3.9218824e+02   1.8744420e+02
   3.0174275e+02   2.0840421e+02
   3.0169783e+02   2.2582313e+02
   3.0163813e+02   2.4295260e+02
   3.0173682e+02   2.6016483e+02
   2.7809429e+02   2.8596871e+02
   2.8902044e+02   2.8823087e+02
   3.0007418e+02   2.8916764e+02
   3.1125755e+02   2.8883461e+02
   3.2204409e+02   2.8639926e+02
   2.2750394e+02   2.1354496e+02
   2.3907585e+02   2.0440093e+02
   2.5394893e+02   2.0385833e+02
   2.6577688e+02   2.1245950e+02
   2.5309561e+02   2.1754526e+02
   2.3962906e+02   2.1921077e+02
   3.3680467e+02   2.0943877e+02
   3.5005223e+02   2.0280930e+02
   3.6465676e+02   2.0325985e+02
   3.7505534e+02   2.1307517e+02
   3.6211311e+02   2.1801226e+02
   3.4828960e+02   2.1693865e+02
   2.5230801e+02   3.2785095e+02
   2.6780571e+02   3.1780808e+02
   2.8482688e+02   3.1178160e+02
   3.0217027e+02   3.1581169e+02
   3.1865493e+02   3.1022628e+02
   3.3531399e+02   3.1634976e+02
   3.5026015e+02   3.2575975e+02
   3.3454028e+02   3.3626281e+02
   3.1759585e+02   3.4376254e+02
   2.9917457e+02   3.4583062e+02
   2.8210599e+02   3.4373222e+02
   2.6624274e+02   3.3745051e+02
   2.6505392e+02   3.2904420e+02
   2.8281818e+02   3.2756783e+02
   3.0040484e+02   3.2779761e+02
   3.1773118e+02   3.2640312e+02
   3.3493542e+02   3.2772963e+02
   3.1750433e+02   3.2698134e+02
   3.0039950e+02   3.2831428e+02
   2.8264444e+02   3.2805843e+02
