   2.0604948e+02   1.9598920e+02
   2.0454195e+02   2.3139333e+02
   2.0830435e+02   2.6649448e+02
   2.1469069e+02   3.0113445e+02
   2.2901721e+02   3.3350566e+02
   2.4740893e+02   3.6372905e+02
   2.7114608e+02   3.8987120e+02
   3.0030855e+02   4.0902608e+02
   3.3461694e+02   4.1585553e+02
   3.6655172e+02   4.0423937e+02
   3.9209464e+02   3.8225663e+02
   4.1154776e+02   3.5435260e+02
   4.2704917e+02   3.2411683e+02
   4.3877614e+02   2.9226732e+02
   4.4316367e+02   2.5850664e+02
   4.4628048e+02   2.2442214e+02
   4.4233704e+02   1.9111588e+02
   2.3716848e+02   1.8354328e+02
   2.5350486e+02   1.7745742e+02
   2.7084951e+02   1.7688481e+02
   2.8808681e+02   1.7882301e+02
   3.0192247e+02   1.8876767e+02
   3.4774031e+02   1.8671984e+02
   3.6352797e+02   1.7760176e+02
   3.8106554e+02   1.7307985e+02
   3.9907220e+02   1.7189490e+02
   4.1531513e+02   1.7898807e+02
   3.2810576e+02   1.9658564e+02
   3.2952801e+02   2.1893319e+02
   3.3035284e+02   2.4131635e+02
   3.3179707e+02   2.6342972e+02
   3.0509453e+02   2.7045806e+02
   3.1795332e+02   2.7886819e+02
   3.3284787e+02   2.8169117e+02
   3.4819015e+02   2.7688474e+02
   3.5953014e+02   2.6588210e+02
   2.5235800e+02   2.0345443e+02
   2.6756627e+02   1.9796682e+02
   2.8392009e+02   1.9929998e+02
   2.9931506e+02   2.0426124e+02
   2.8351991e+02   2.0547922e+02
   2.6782917e+02   2.0514822e+02
   3.5883529e+02   2.0301508e+02
   3.7275510e+02   1.9788154e+02
   3.8723748e+02   1.9618783e+02
   4.0099094e+02   2.0090676e+02
   3.8686161e+02   2.0261787e+02
   3.7282802e+02   2.0373047e+02
   2.8682458e+02   3.1647290e+02
   2.9702946e+02   3.0089616e+02
   3.1583442e+02   2.9751109e+02
   3.3495789e+02   2.9995648e+02
   3.5207810e+02   2.9508471e+02
   3.6928544e+02   2.9737804e+02
   3.7780553e+02   3.1190191e+02
   3.6487672e+02   3.1988524e+02
   3.5061359e+02   3.2480870e+02
   3.3565284e+02   3.2630144e+02
   3.1877513e+02   3.2495853e+02
   3.0206584e+02   3.2297866e+02
   2.9862625e+02   3.1201545e+02
   3.1042792e+02   3.1175973e+02
   3.3425161e+02   3.1295303e+02
   3.5619932e+02   3.1047811e+02
   3.6700243e+02   3.1067065e+02
   3.5594605e+02   3.1086318e+02
   3.3425162e+02   3.1330427e+02
   3.1012599e+02   3.1227118e+02
