   1.7245621e+02   2.2256476e+02
   1.7629710e+02   2.5543416e+02
   1.7954365e+02   2.8793235e+02
   1.8483520e+02   3.2042028e+02
   1.9765581e+02   3.5033417e+02
   2.1838742e+02   3.7607017e+02
   2.4033548e+02   4.0029092e+02
   2.6964430e+02   4.1493292e+02
   3.0166266e+02   4.2046577e+02
   3.3223427e+02   4.1541313e+02
   3.5783413e+02   3.9799633e+02
   3.7653153e+02   3.7301686e+02
   3.8904378e+02   3.4466218e+02
   3.9856009e+02   3.1501810e+02
   4.0197462e+02   2.8405083e+02
   4.0531043e+02   2.5298314e+02
   4.0086808e+02   2.2262234e+02
   1.9877534e+02   1.9825324e+02
   2.1282342e+02   1.9195665e+02
   2.2818366e+02   1.9066983e+02
   2.4318670e+02   1.9422240e+02
   2.5709516e+02   2.0100883e+02
   3.1987258e+02   1.9899949e+02
   3.3394439e+02   1.9292095e+02
   3.4856210e+02   1.8855350e+02
   3.6374807e+02   1.8756177e+02
   3.7844139e+02   1.9138905e+02
   2.9108817e+02   2.2480796e+02
   2.9189912e+02   2.4878201e+02
   2.9196229e+02   2.7237845e+02
   2.9195552e+02   2.9607623e+02
   2.6512869e+02   2.9896589e+02
   2.7801829e+02   3.0562217e+02
   2.9198344e+02   3.0858453e+02
   3.0959095e+02   3.0469199e+02
   3.2192232e+02   2.9174092e+02
   2.2247608e+02   2.2479067e+02
   2.3513999e+02   2.1457379e+02
   2.5164416e+02   2.1641920e+02
   2.6452821e+02   2.2657190e+02
   2.5026418e+02   2.2911133e+02
   2.3591001e+02   2.2944190e+02
   3.1720492e+02   2.2525721e+02
   3.3001304e+02   2.1612103e+02
   3.4578095e+02   2.1496567e+02
   3.5925816e+02   2.2261185e+02
   3.4585202e+02   2.2767883e+02
   3.3136913e+02   2.2722505e+02
   2.5215183e+02   3.2750782e+02
   2.6555686e+02   3.2298491e+02
   2.7981495e+02   3.2291942e+02
   2.9393301e+02   3.2284436e+02
   3.0836961e+02   3.1998746e+02
   3.2296506e+02   3.1875800e+02
   3.3728677e+02   3.2095133e+02
   3.3026058e+02   3.3849701e+02
   3.1382793e+02   3.4801223e+02
   2.9498017e+02   3.4931261e+02
   2.7728789e+02   3.4890579e+02
   2.6114122e+02   3.4224278e+02
   2.6501546e+02   3.3388484e+02
   2.7954687e+02   3.3444974e+02
   2.9401199e+02   3.3386217e+02
   3.0843052e+02   3.3184280e+02
   3.2240821e+02   3.2887031e+02
   3.0851531e+02   3.3271910e+02
   2.9438364e+02   3.3530455e+02
   2.7958154e+02   3.3538659e+02
