   1.7254227e+02   2.2261921e+02
   1.7638992e+02   2.5546365e+02
   1.7967372e+02   2.8821772e+02
   1.8501281e+02   3.2067499e+02
   1.9806841e+02   3.5076075e+02
   2.1884650e+02   3.7644021e+02
   2.4025212e+02   4.0128918e+02
   2.6934315e+02   4.1616113e+02
   3.0171248e+02   4.2033915e+02
   3.3220885e+02   4.1502989e+02
   3.5778677e+02   3.9767156e+02
   3.7656259e+02   3.7282403e+02
   3.8904155e+02   3.4447720e+02
   3.9852353e+02   3.1487194e+02
   4.0191722e+02   2.8394734e+02
   4.0523781e+02   2.5292495e+02
   4.0078849e+02   2.2261041e+02
   1.9868614e+02   1.9864163e+02
   2.1346122e+02   1.9185025e+02
   2.2923714e+02   1.8838049e+02
   2.4492763e+02   1.9178554e+02
   2.5995758e+02   1.9781228e+02
   3.1640946e+02   1.9432318e+02
   3.3159909e+02   1.8794901e+02
   3.4730797e+02   1.8405851e+02
   3.6350719e+02   1.8513316e+02
   3.7907199e+02   1.8996030e+02
   2.9108884e+02   2.2482633e+02
   2.9190617e+02   2.4878275e+02
   2.9197613e+02   2.7236205e+02
   2.9197626e+02   2.9604265e+02
   2.6558169e+02   3.0206161e+02
   2.7864835e+02   3.0806374e+02
   2.9281595e+02   3.0968936e+02
   3.0853926e+02   3.0705347e+02
   3.2089055e+02   2.9712812e+02
   2.2252651e+02   2.2482897e+02
   2.3517826e+02   2.1461583e+02
   2.5167100e+02   2.1645510e+02
   2.6454865e+02   2.2659670e+02
   2.5029717e+02   2.3144762e+02
   2.3549254e+02   2.3176623e+02
   3.1718678e+02   2.2526766e+02
   3.2998295e+02   2.1613439e+02
   3.4573909e+02   2.1497529e+02
   3.5920875e+02   2.2261201e+02
   3.4614865e+02   2.2920993e+02
   3.3143971e+02   2.2859825e+02
   2.5244035e+02   3.3417175e+02
   2.6649715e+02   3.3110447e+02
   2.8059917e+02   3.2924196e+02
   2.9484789e+02   3.2924638e+02
   3.0914043e+02   3.2621373e+02
   3.2375267e+02   3.2613320e+02
   3.3825832e+02   3.2760891e+02
   3.2950084e+02   3.4318957e+02
   3.1445627e+02   3.5296898e+02
   2.9702723e+02   3.5634184e+02
   2.7924575e+02   3.5513195e+02
   2.6334277e+02   3.4784409e+02
   2.6535629e+02   3.3913395e+02
   2.8054915e+02   3.4096219e+02
   2.9571008e+02   3.3978692e+02
   3.0934038e+02   3.3869268e+02
   3.2236280e+02   3.3509924e+02
   3.0917795e+02   3.3996772e+02
   2.9532758e+02   3.4153020e+02
   2.8010484e+02   3.4180719e+02
