   1.7242276e+02   2.2256924e+02
   1.7626843e+02   2.5542071e+02
   1.7951289e+02   2.8783354e+02
   1.8479826e+02   3.2030476e+02
   1.9756159e+02   3.5015261e+02
   2.1827463e+02   3.7587857e+02
   2.4034550e+02   3.9992503e+02
   2.6969070e+02   4.1449332e+02
   3.0160267e+02   4.2034039e+02
   3.3209896e+02   4.1501186e+02
   3.5768422e+02   3.9765663e+02
   3.7647548e+02   3.7281475e+02
   3.8895793e+02   3.4446257e+02
   3.9844294e+02   3.1485395e+02
   4.0183933e+02   2.8392520e+02
   4.0516312e+02   2.5289880e+02
   4.0071554e+02   2.2257966e+02
   1.9856446e+02   1.9861775e+02
   2.1230791e+02   1.9213246e+02
   2.2759293e+02   1.9126591e+02
   2.4251747e+02   1.9465141e+02
   2.5630142e+02   2.0128592e+02
   3.2017083e+02   1.9972444e+02
   3.3410279e+02   1.9386064e+02
   3.4857788e+02   1.8946831e+02
   3.6360409e+02   1.8800511e+02
   3.7812342e+02   1.9171600e+02
   2.9099333e+02   2.2478679e+02
   2.9180880e+02   2.4874817e+02
   2.9187680e+02   2.7233229e+02
   2.9187493e+02   2.9601772e+02
   2.6499227e+02   2.9858093e+02
   2.7787262e+02   3.0498317e+02
   2.9171100e+02   3.0824188e+02
   3.0947465e+02   3.0419022e+02
   3.2177974e+02   2.9111425e+02
   2.2241701e+02   2.2478366e+02
   2.3507220e+02   2.1456950e+02
   2.5156815e+02   2.1641054e+02
   2.6444758e+02   2.2655529e+02
   2.5020458e+02   2.2862149e+02
   2.3593780e+02   2.2893319e+02
   3.1709655e+02   2.2523041e+02
   3.2989611e+02   2.1609636e+02
   3.4565555e+02   2.1493834e+02
   3.5912732e+02   2.2257776e+02
   3.4567625e+02   2.2740376e+02
   3.3121438e+02   2.2707834e+02
   2.5210871e+02   3.2633704e+02
   2.6518238e+02   3.2134733e+02
   2.7935664e+02   3.2174088e+02
   2.9328531e+02   3.2182785e+02
   3.0791612e+02   3.1909984e+02
   3.2263633e+02   3.1763464e+02
   3.3701038e+02   3.2017870e+02
   3.2991068e+02   3.3777535e+02
   3.1318443e+02   3.4724178e+02
   2.9401678e+02   3.4792035e+02
   2.7657711e+02   3.4764663e+02
   2.6058592e+02   3.4112115e+02
   2.6527279e+02   3.3285899e+02
   2.7925015e+02   3.3324018e+02
   2.9317499e+02   3.3305784e+02
   3.0791452e+02   3.3056028e+02
   3.2230080e+02   3.2778155e+02
   3.0807843e+02   3.3132228e+02
   2.9377493e+02   3.3433388e+02
   2.7941892e+02   3.3421935e+02
