   1.8882259e+02   1.7398782e+02
   1.9222170e+02   2.0401388e+02
   1.9685716e+02   2.3361761e+02
   1.9934386e+02   2.6329959e+02
   2.0691218e+02   2.9219375e+02
   2.2211371e+02   3.1782824e+02
   2.4628562e+02   3.3546875e+02
   2.7358089e+02   3.4795222e+02
   3.0299484e+02   3.5021793e+02
   3.3065706e+02   3.4373668e+02
   3.5623679e+02   3.3149586e+02
   3.7675843e+02   3.1224194e+02
   3.9250315e+02   2.8881338e+02
   3.9944119e+02   2.6111697e+02
   4.0431931e+02   2.3324715e+02
   4.0646918e+02   2.0506670e+02
   4.0816963e+02   1.7688783e+02
   2.1078405e+02   1.5044231e+02
   2.2584347e+02   1.4389494e+02
   2.4254536e+02   1.4488250e+02
   2.5916582e+02   1.4485798e+02
   2.7562840e+02   1.4683328e+02
   3.2649402e+02   1.4905564e+02
   3.4264792e+02   1.4813727e+02
   3.5878620e+02   1.4816895e+02
   3.7490309e+02   1.4934874e+02
   3.8945477e+02   1.5550559e+02
   3.0137171e+02   1.7317895e+02
   3.0129049e+02   1.9299634e+02
   3.0264897e+02   2.1257186e+02
   3.0219893e+02   2.3209081e+02
   2.8028468e+02   2.4747243e+02
   2.9016043e+02   2.4838105e+02
   2.9988988e+02   2.4887177e+02
   3.1119211e+02   2.4766079e+02
   3.2226249e+02   2.4607216e+02
   2.3319012e+02   1.7793313e+02
   2.4553424e+02   1.6831941e+02
   2.6135262e+02   1.6935687e+02
   2.7329352e+02   1.7936356e+02
   2.5977302e+02   1.8310429e+02
   2.4582310e+02   1.8324182e+02
   3.2877086e+02   1.8216686e+02
   3.4075505e+02   1.7128703e+02
   3.5691616e+02   1.7185283e+02
   3.6935339e+02   1.8216318e+02
   3.5594966e+02   1.8488087e+02
   3.4225464e+02   1.8406793e+02
   2.5466778e+02   2.8617652e+02
   2.6585178e+02   2.7311116e+02
   2.8176626e+02   2.6682205e+02
   2.9894726e+02   2.6705595e+02
   3.1516762e+02   2.6674525e+02
   3.2962580e+02   2.7460090e+02
   3.4323428e+02   2.8373253e+02
   3.2754645e+02   2.8585756e+02
   3.1306947e+02   2.9320356e+02
   2.9748723e+02   2.9405702e+02
   2.8241568e+02   2.9207015e+02
   2.6917551e+02   2.8328203e+02
   2.7603697e+02   2.7549800e+02
   2.8776737e+02   2.7394520e+02
   2.9941274e+02   2.7358932e+02
   3.1093313e+02   2.7317080e+02
   3.2178175e+02   2.7685369e+02
   3.1055082e+02   2.7343069e+02
   2.9894484e+02   2.7452376e+02
   2.8740607e+02   2.7455568e+02
