   1.8826217e+02   1.7340703e+02
   1.9156955e+02   2.0352926e+02
   1.9611819e+02   2.3323214e+02
   1.9851174e+02   2.6300623e+02
   2.0600392e+02   2.9200743e+02
   2.2116184e+02   3.1776553e+02
   2.4534240e+02   3.3553737e+02
   2.7267255e+02   3.4814815e+02
   3.0216182e+02   3.5051951e+02
   3.2987330e+02   3.4412927e+02
   3.5557382e+02   3.3195356e+02
   3.7619221e+02   3.1276463e+02
   3.9180982e+02   2.8912338e+02
   3.9888665e+02   2.6135706e+02
   4.0417358e+02   2.3351179e+02
   4.0641782e+02   2.0530799e+02
   4.0821816e+02   1.7705537e+02
   2.1239093e+02   1.5224133e+02
   2.2637806e+02   1.4439937e+02
   2.4310784e+02   1.4554289e+02
   2.5967439e+02   1.4526322e+02
   2.7618389e+02   1.4707683e+02
   3.2357131e+02   1.5032246e+02
   3.4032379e+02   1.4947632e+02
   3.5705358e+02   1.4879137e+02
   3.7384328e+02   1.4983116e+02
   3.8909193e+02   1.5615048e+02
   3.0113149e+02   1.7297566e+02
   3.0095337e+02   1.9235579e+02
   3.0223181e+02   2.1143927e+02
   3.0230413e+02   2.3057669e+02
   2.7906152e+02   2.4590954e+02
   2.8813343e+02   2.4701131e+02
   2.9700656e+02   2.4841095e+02
   3.0911135e+02   2.4822140e+02
   3.2074294e+02   2.4565392e+02
   2.3120217e+02   1.8200788e+02
   2.4480649e+02   1.8234579e+02
   2.5876824e+02   1.8214971e+02
   2.7240891e+02   1.8083253e+02
   2.5880545e+02   1.8436527e+02
   2.4487805e+02   1.8476518e+02
   3.3124194e+02   1.8397796e+02
   3.4435634e+02   1.8649749e+02
   3.5849557e+02   1.8752243e+02
   3.7119739e+02   1.8456192e+02
   3.5821651e+02   1.8940648e+02
   3.4432295e+02   1.8855353e+02
   2.5063039e+02   2.8395354e+02
   2.6400283e+02   2.7348020e+02
   2.7964903e+02   2.6695301e+02
   2.9644989e+02   2.6825471e+02
   3.1369077e+02   2.6736183e+02
   3.2941782e+02   2.7495567e+02
   3.4363945e+02   2.8484017e+02
   3.2714086e+02   2.8639827e+02
   3.1227200e+02   2.9307553e+02
   2.9641823e+02   2.9389354e+02
   2.8084358e+02   2.9189516e+02
   2.6649109e+02   2.8483300e+02
   2.7556152e+02   2.7527911e+02
   2.8641687e+02   2.7508475e+02
   2.9726100e+02   2.7522877e+02
   3.0966712e+02   2.7489742e+02
   3.2159826e+02   2.7772573e+02
   3.0943470e+02   2.7514114e+02
   2.9710065e+02   2.7581796e+02
   2.8620588e+02   2.7557318e+02
