   1.8835250e+02   1.7357250e+02
   1.9169140e+02   2.0367034e+02
   1.9627023e+02   2.3334773e+02
   1.9869554e+02   2.6309870e+02
   2.0621510e+02   2.9207159e+02
   2.2139150e+02   3.1779501e+02
   2.4557540e+02   3.3552752e+02
   2.7290093e+02   3.4809899e+02
   3.0237262e+02   3.5043565e+02
   3.3006089e+02   3.4401775e+02
   3.5572966e+02   3.3182078e+02
   3.7631388e+02   3.1261893e+02
   3.9190916e+02   2.8898800e+02
   3.9894848e+02   2.6123372e+02
   4.0418275e+02   2.3339672e+02
   4.0639419e+02   2.0520687e+02
   4.0816160e+02   1.7697163e+02
   2.1266985e+02   1.5273842e+02
   2.2641060e+02   1.4461057e+02
   2.4311694e+02   1.4570731e+02
   2.5964899e+02   1.4537364e+02
   2.7613800e+02   1.4712643e+02
   3.2335824e+02   1.5043828e+02
   3.4014588e+02   1.4956581e+02
   3.5691034e+02   1.4874649e+02
   3.7374080e+02   1.4975391e+02
   3.8905005e+02   1.5606685e+02
   3.0114386e+02   1.7301483e+02
   3.0098237e+02   1.9229126e+02
   3.0227834e+02   2.1125877e+02
   3.0248064e+02   2.3030331e+02
   2.7906030e+02   2.4554091e+02
   2.8805472e+02   2.4673173e+02
   2.9686148e+02   2.4826587e+02
   3.0903567e+02   2.4819791e+02
   3.2068356e+02   2.4540565e+02
   2.3095588e+02   1.8255312e+02
   2.4473799e+02   1.8412619e+02
   2.5850195e+02   1.8377862e+02
   2.7232606e+02   1.8106819e+02
   2.5869798e+02   1.8457328e+02
   2.4475877e+02   1.8502006e+02
   3.3162812e+02   1.8415432e+02
   3.4486496e+02   1.8833812e+02
   3.5877265e+02   1.8933902e+02
   3.7150670e+02   1.8466586e+02
   3.5860503e+02   1.8990644e+02
   3.4467386e+02   1.8907632e+02
   2.5065958e+02   2.8337003e+02
   2.6427071e+02   2.7342331e+02
   2.7974108e+02   2.6697119e+02
   2.9631663e+02   2.6846216e+02
   3.1358889e+02   2.6743876e+02
   3.2943690e+02   2.7484429e+02
   3.4369449e+02   2.8470490e+02
   3.2726836e+02   2.8647279e+02
   3.1242255e+02   2.9303749e+02
   2.9659381e+02   2.9387170e+02
   2.8099419e+02   2.9188427e+02
   2.6648784e+02   2.8519885e+02
   2.7569564e+02   2.7528974e+02
   2.8647192e+02   2.7532748e+02
   2.9723762e+02   2.7561761e+02
   3.0971361e+02   2.7520724e+02
   3.2177785e+02   2.7780145e+02
   3.0951469e+02   2.7547534e+02
   2.9713556e+02   2.7614301e+02
   2.8629068e+02   2.7578706e+02
