   3.1584180e+02   2.0626411e+02
   3.1665329e+02   2.3114879e+02
   3.1988014e+02   2.5571605e+02
   3.2503914e+02   2.7999768e+02
   3.3231966e+02   3.0368935e+02
   3.4546834e+02   3.2449692e+02
   3.6394912e+02   3.4114762e+02
   3.8576949e+02   3.5235293e+02
   4.1000734e+02   3.5712568e+02
   4.3490016e+02   3.5213537e+02
   4.5756162e+02   3.4145361e+02
   4.7724903e+02   3.2565460e+02
   4.9089198e+02   3.0454305e+02
   4.9925051e+02   2.8066679e+02
   5.0425448e+02   2.5581132e+02
   5.0828714e+02   2.3092945e+02
   5.1029917e+02   2.0591806e+02
   3.3006520e+02   1.8832404e+02
   3.4099666e+02   1.7923788e+02
   3.5512363e+02   1.7700386e+02
   3.6918045e+02   1.7994622e+02
   3.8304332e+02   1.8309517e+02
   4.2980955e+02   1.8098796e+02
   4.4471779e+02   1.7647410e+02
   4.6007256e+02   1.7467562e+02
   4.7524253e+02   1.7710796e+02
   4.8575320e+02   1.8769133e+02
   4.1041946e+02   2.0278714e+02
   4.1057994e+02   2.1367652e+02
   4.1134667e+02   2.2446188e+02
   4.1131890e+02   2.3524472e+02
   3.9393203e+02   2.6427949e+02
   4.0154256e+02   2.6161437e+02
   4.0954668e+02   2.6168351e+02
   4.1698395e+02   2.6234029e+02
   4.2396000e+02   2.6458078e+02
   3.5538428e+02   2.0637363e+02
   3.6367888e+02   1.9817677e+02
   3.7556939e+02   1.9894163e+02
   3.8307601e+02   2.0779553e+02
   3.7384993e+02   2.1272846e+02
   3.6334310e+02   2.1274154e+02
   4.3836680e+02   2.0428268e+02
   4.4625937e+02   1.9770230e+02
   4.5659455e+02   1.9890585e+02
   4.6341814e+02   2.0660914e+02
   4.5524568e+02   2.1196044e+02
   4.4558873e+02   2.1083876e+02
   3.7627398e+02   2.9490410e+02
   3.8741555e+02   2.8967798e+02
   3.9815575e+02   2.8386379e+02
   4.0972501e+02   2.8590509e+02
   4.2128366e+02   2.8312211e+02
   4.3215441e+02   2.8861624e+02
   4.4270143e+02   2.9469736e+02
   4.3216248e+02   3.0178417e+02
   4.2096745e+02   3.0734791e+02
   4.0856305e+02   3.0886081e+02
   3.9648322e+02   3.0782328e+02
   3.8547972e+02   3.0265884e+02
   3.8423603e+02   2.9284782e+02
   3.9681257e+02   2.9042227e+02
   4.0924586e+02   2.9252299e+02
   4.2210856e+02   2.8943316e+02
   4.3471940e+02   2.9310854e+02
   4.2194715e+02   2.8981892e+02
   4.0924178e+02   2.9291263e+02
   3.9661902e+02   2.9081027e+02
