   3.1607768e+02   2.0662226e+02
   3.1626011e+02   2.3146482e+02
   3.1959010e+02   2.5603871e+02
   3.2531272e+02   2.8026479e+02
   3.3259912e+02   3.0392163e+02
   3.4574786e+02   3.2470110e+02
   3.6421486e+02   3.4129562e+02
   3.8672946e+02   3.5097319e+02
   4.1112763e+02   3.5466010e+02
   4.3592915e+02   3.5106430e+02
   4.5873896e+02   3.4096390e+02
   4.7804476e+02   3.2500460e+02
   4.9134052e+02   3.0390859e+02
   4.9944389e+02   2.8032818e+02
   5.0436091e+02   2.5565492e+02
   5.0833643e+02   2.3096729e+02
   5.1030734e+02   2.0615005e+02
   3.2955995e+02   1.8414492e+02
   3.4105385e+02   1.7702505e+02
   3.5420190e+02   1.7468808e+02
   3.6742458e+02   1.7701608e+02
   3.8056012e+02   1.7964075e+02
   4.2792873e+02   1.7643490e+02
   4.4148781e+02   1.7204462e+02
   4.5554785e+02   1.7051796e+02
   4.6954372e+02   1.7230387e+02
   4.8089096e+02   1.8047564e+02
   4.0872373e+02   1.9763271e+02
   4.0952263e+02   2.0905173e+02
   4.0918022e+02   2.2049192e+02
   4.0977055e+02   2.3181602e+02
   3.9276062e+02   2.5862137e+02
   4.0058409e+02   2.5708663e+02
   4.0828891e+02   2.5621313e+02
   4.1501914e+02   2.5817012e+02
   4.2185651e+02   2.5953960e+02
   3.5305550e+02   2.0467102e+02
   3.6188100e+02   1.9718233e+02
   3.7349666e+02   1.9735629e+02
   3.8227637e+02   2.0487936e+02
   3.7239498e+02   2.0888488e+02
   3.6189553e+02   2.0988425e+02
   4.3622145e+02   2.0129790e+02
   4.4557762e+02   1.9499137e+02
   4.5686631e+02   1.9591355e+02
   4.6475559e+02   2.0376145e+02
   4.5520347e+02   2.0827316e+02
   4.4470061e+02   2.0743992e+02
   3.7590613e+02   2.9031327e+02
   3.8680025e+02   2.8343222e+02
   3.9721262e+02   2.7600166e+02
   4.0861152e+02   2.7844863e+02
   4.2040943e+02   2.7554800e+02
   4.3077003e+02   2.8302907e+02
   4.4130474e+02   2.9007220e+02
   4.3060386e+02   2.9439379e+02
   4.1919247e+02   2.9622048e+02
   4.0776752e+02   2.9708211e+02
   3.9691058e+02   2.9592961e+02
   3.8622259e+02   2.9369848e+02
   3.8213624e+02   2.8950364e+02
   3.9509493e+02   2.8727463e+02
   4.0818171e+02   2.8719497e+02
   4.2138580e+02   2.8612572e+02
   4.3429384e+02   2.8837438e+02
   4.2128062e+02   2.8633440e+02
   4.0820663e+02   2.8741780e+02
   3.9506756e+02   2.8748206e+02
