   3.1603451e+02   2.0667703e+02
   3.1587637e+02   2.3152984e+02
   3.1955941e+02   2.5612549e+02
   3.2520685e+02   2.8037623e+02
   3.3247532e+02   3.0405394e+02
   3.4561403e+02   3.2486147e+02
   3.6407592e+02   3.4147178e+02
   3.8694649e+02   3.5043713e+02
   4.1144797e+02   3.5362471e+02
   4.3624029e+02   3.5074199e+02
   4.5916402e+02   3.4094390e+02
   4.7832552e+02   3.2491074e+02
   4.9149314e+02   3.0381354e+02
   4.9951065e+02   2.8036029e+02
   5.0442197e+02   2.5575280e+02
   5.0840535e+02   2.3113566e+02
   5.1038972e+02   2.0638616e+02
   3.2958554e+02   1.8460119e+02
   3.4068410e+02   1.7690859e+02
   3.5378103e+02   1.7424820e+02
   3.6708502e+02   1.7638281e+02
   3.8023991e+02   1.7899835e+02
   4.2853710e+02   1.7606015e+02
   4.4172025e+02   1.7099370e+02
   4.5578503e+02   1.7016412e+02
   4.6961207e+02   1.7193224e+02
   4.8066388e+02   1.8018421e+02
   4.0880564e+02   1.9696659e+02
   4.0968813e+02   2.0815555e+02
   4.0941078e+02   2.1936935e+02
   4.0968761e+02   2.3053089e+02
   3.9319713e+02   2.5851657e+02
   4.0092233e+02   2.5701983e+02
   4.0851108e+02   2.5527318e+02
   4.1521545e+02   2.5760681e+02
   4.2205617e+02   2.5939765e+02
   3.5255548e+02   2.0432055e+02
   3.6189932e+02   1.9746566e+02
   3.7341967e+02   1.9743664e+02
   3.8200132e+02   2.0491568e+02
   3.7200025e+02   2.0873442e+02
   3.6146154e+02   2.0952705e+02
   4.3648565e+02   2.0079172e+02
   4.4614959e+02   1.9468068e+02
   4.5760764e+02   1.9580888e+02
   4.6563340e+02   2.0374320e+02
   4.5565404e+02   2.0782441e+02
   4.4502247e+02   2.0708160e+02
   3.7568659e+02   2.8973113e+02
   3.8645716e+02   2.8291872e+02
   3.9671615e+02   2.7564839e+02
   4.0859049e+02   2.7836594e+02
   4.2027604e+02   2.7506865e+02
   4.3062931e+02   2.8251614e+02
   4.4128675e+02   2.8942672e+02
   4.3066430e+02   2.9465342e+02
   4.1898278e+02   2.9648643e+02
   4.0716945e+02   2.9705730e+02
   3.9631556e+02   2.9619612e+02
   3.8571970e+02   2.9367622e+02
   3.8239185e+02   2.8922193e+02
   3.9511016e+02   2.8666953e+02
   4.0797915e+02   2.8678831e+02
   4.2104746e+02   2.8566099e+02
   4.3386978e+02   2.8810821e+02
   4.2103859e+02   2.8584729e+02
   4.0808114e+02   2.8699185e+02
   3.9510229e+02   2.8691451e+02
