   3.1594325e+02   2.0605545e+02
   3.1674377e+02   2.3090108e+02
   3.1991489e+02   2.5543294e+02
   3.2515952e+02   2.7967180e+02
   3.3243945e+02   3.0332377e+02
   3.4557734e+02   3.2409368e+02
   3.6403714e+02   3.4070975e+02
   3.8585233e+02   3.5183960e+02
   4.1006129e+02   3.5655973e+02
   4.3491157e+02   3.5161141e+02
   4.5753927e+02   3.4095481e+02
   4.7717814e+02   3.2516579e+02
   4.9078041e+02   3.0408047e+02
   4.9910794e+02   2.8024592e+02
   5.0409097e+02   2.5543141e+02
   5.0810509e+02   2.3059134e+02
   5.1010208e+02   2.0562280e+02
   3.3004172e+02   1.8746849e+02
   3.4110523e+02   1.7876012e+02
   3.5509698e+02   1.7657570e+02
   3.6901306e+02   1.7946935e+02
   3.8276167e+02   1.8254501e+02
   4.2936564e+02   1.8023645e+02
   4.4415241e+02   1.7587374e+02
   4.5931995e+02   1.7397148e+02
   4.7435320e+02   1.7631692e+02
   4.8502161e+02   1.8655870e+02
   4.1013148e+02   2.0199220e+02
   4.1035891e+02   2.1298217e+02
   4.1096920e+02   2.2388175e+02
   4.1108414e+02   2.3475422e+02
   3.9367533e+02   2.6323452e+02
   4.0132153e+02   2.6071058e+02
   4.0929925e+02   2.6082780e+02
   4.1664009e+02   2.6157588e+02
   4.2359080e+02   2.6361660e+02
   3.5519552e+02   2.0596882e+02
   3.6344528e+02   1.9774752e+02
   3.7530444e+02   1.9847261e+02
   3.8300822e+02   2.0715221e+02
   3.7373407e+02   2.1199679e+02
   3.6324773e+02   2.1218007e+02
   4.3794780e+02   2.0372939e+02
   4.4595816e+02   1.9715394e+02
   4.5637126e+02   1.9827797e+02
   4.6329868e+02   2.0597299e+02
   4.5504314e+02   2.1129425e+02
   4.4531384e+02   2.1019454e+02
   3.7627599e+02   2.9405765e+02
   3.8739679e+02   2.8860843e+02
   3.9811219e+02   2.8255889e+02
   4.0955173e+02   2.8459387e+02
   4.2114785e+02   2.8187556e+02
   4.3193913e+02   2.8762400e+02
   4.4244696e+02   2.9384591e+02
   4.3189067e+02   3.0038960e+02
   4.2073990e+02   3.0546376e+02
   4.0855471e+02   3.0695158e+02
   3.9664814e+02   3.0584666e+02
   3.8567662e+02   3.0112719e+02
   3.8390927e+02   2.9210209e+02
   3.9656551e+02   2.8976720e+02
   4.0911360e+02   2.9154299e+02
   4.2202814e+02   2.8872822e+02
   4.3468095e+02   2.9217355e+02
   4.2185550e+02   2.8909491e+02
   4.0909834e+02   2.9191425e+02
   3.9639020e+02   2.9012414e+02
