   2.4025299e+02   2.2626326e+02
   2.4103079e+02   2.5310848e+02
   2.4407980e+02   2.7943775e+02
   2.5051701e+02   3.0537331e+02
   2.5839363e+02   3.3087215e+02
   2.7055349e+02   3.5453691e+02
   2.8675673e+02   3.7567735e+02
   3.0870366e+02   3.9038529e+02
   3.3465977e+02   3.9386244e+02
   3.6171475e+02   3.8993902e+02
   3.8628780e+02   3.7819825e+02
   4.0400959e+02   3.5786731e+02
   4.1571975e+02   3.3328401e+02
   4.2287164e+02   3.0695961e+02
   4.2821221e+02   2.8018708e+02
   4.3330019e+02   2.5354862e+02
   4.3650060e+02   2.2656186e+02
   2.5762251e+02   2.0981791e+02
   2.7425497e+02   2.0518594e+02
   2.9117287e+02   2.0386489e+02
   3.0747269e+02   2.0870900e+02
   3.2416093e+02   2.0866991e+02
   3.5543498e+02   2.0929422e+02
   3.7144973e+02   2.1032791e+02
   3.8703704e+02   2.0700198e+02
   4.0294314e+02   2.0623164e+02
   4.1767589e+02   2.1167183e+02
   3.3711765e+02   2.2493829e+02
   3.3677862e+02   2.4198595e+02
   3.3669063e+02   2.5902132e+02
   3.3668756e+02   2.7584799e+02
   3.1070423e+02   2.9233048e+02
   3.2337290e+02   2.9422025e+02
   3.3602207e+02   2.9496251e+02
   3.4768869e+02   2.9424973e+02
   3.5932583e+02   2.9291462e+02
   2.7678492e+02   2.3185701e+02
   2.8906921e+02   2.2619681e+02
   3.0256345e+02   2.2627610e+02
   3.1371013e+02   2.3339941e+02
   3.0128053e+02   2.3688176e+02
   2.8841344e+02   2.3679446e+02
   3.6174015e+02   2.3511967e+02
   3.7336441e+02   2.2811112e+02
   3.8705046e+02   2.2796237e+02
   3.9876355e+02   2.3451679e+02
   3.8680279e+02   2.3880320e+02
   3.7401780e+02   2.3827071e+02
   2.9674499e+02   3.2417597e+02
   3.0922431e+02   3.1718247e+02
   3.2170425e+02   3.1068259e+02
   3.3447039e+02   3.1489795e+02
   3.4777247e+02   3.1049541e+02
   3.6034443e+02   3.1787513e+02
   3.7264935e+02   3.2608287e+02
   3.6323226e+02   3.3714721e+02
   3.4942810e+02   3.4251405e+02
   3.3472634e+02   3.4312329e+02
   3.1948870e+02   3.4212381e+02
   3.0570976e+02   3.3606001e+02
   3.0280515e+02   3.2500705e+02
   3.1852985e+02   3.2343869e+02
   3.3404598e+02   3.2519579e+02
   3.4957083e+02   3.2426110e+02
   3.6477034e+02   3.2628804e+02
   3.4929215e+02   3.2463704e+02
   3.3398126e+02   3.2557383e+02
   3.1833786e+02   3.2392943e+02
