   2.4026346e+02   2.2623219e+02
   2.4102535e+02   2.5308871e+02
   2.4406456e+02   2.7942776e+02
   2.5051072e+02   3.0537034e+02
   2.5838048e+02   3.3088256e+02
   2.7053447e+02   3.5456077e+02
   2.8673019e+02   3.7571991e+02
   3.0869172e+02   3.9042394e+02
   3.3465858e+02   3.9389496e+02
   3.6172507e+02   3.8998231e+02
   3.8631335e+02   3.7824549e+02
   4.0404248e+02   3.5790739e+02
   4.1576456e+02   3.3331757e+02
   4.2290940e+02   3.0698139e+02
   4.2825714e+02   2.8019911e+02
   4.3335437e+02   2.5355339e+02
   4.3655412e+02   2.2655484e+02
   2.5760700e+02   2.0980529e+02
   2.7424840e+02   2.0515416e+02
   2.9117715e+02   2.0382364e+02
   3.0748789e+02   2.0866353e+02
   3.2418901e+02   2.0861398e+02
   3.5548586e+02   2.0923253e+02
   3.7150449e+02   2.1030784e+02
   3.8709486e+02   2.0699494e+02
   4.0300192e+02   2.0622600e+02
   4.1772812e+02   2.1168159e+02
   3.3715249e+02   2.2487772e+02
   3.3680805e+02   2.4194431e+02
   3.3671598e+02   2.5899910e+02
   3.3670999e+02   2.7584444e+02
   3.1075074e+02   2.9241727e+02
   3.2340257e+02   2.9427876e+02
   3.3603175e+02   2.9500294e+02
   3.4767717e+02   2.9430714e+02
   3.5930604e+02   2.9301822e+02
   2.7677124e+02   2.3182992e+02
   2.8906351e+02   2.2617100e+02
   3.0256554e+02   2.2624773e+02
   3.1371750e+02   2.3337196e+02
   3.0128040e+02   2.3687501e+02
   2.8840251e+02   2.3678539e+02
   3.6177057e+02   2.3510765e+02
   3.7339896e+02   2.2809767e+02
   3.8709004e+02   2.2795003e+02
   3.9880667e+02   2.3450595e+02
   3.8684371e+02   2.3880215e+02
   3.7405177e+02   2.3826537e+02
   2.9673959e+02   3.2423482e+02
   3.0924362e+02   3.1727309e+02
   3.2171741e+02   3.1076082e+02
   3.3447394e+02   3.1498955e+02
   3.4777008e+02   3.1057417e+02
   3.6033536e+02   3.1797400e+02
   3.7267723e+02   3.2615301e+02
   3.6326139e+02   3.3723866e+02
   3.4944381e+02   3.4261739e+02
   3.3472494e+02   3.4322506e+02
   3.1947933e+02   3.4222352e+02
   3.0570158e+02   3.3613181e+02
   3.0280656e+02   3.2507487e+02
   3.1853254e+02   3.2353478e+02
   3.3404230e+02   3.2530370e+02
   3.4956404e+02   3.2436892e+02
   3.6476602e+02   3.2637130e+02
   3.4928597e+02   3.2474459e+02
   3.3397923e+02   3.2568256e+02
   3.1834002e+02   3.2402701e+02
