   2.3767679e+02   2.2586346e+02
   2.3957818e+02   2.5261917e+02
   2.4329808e+02   2.7901497e+02
   2.4878631e+02   3.0529273e+02
   2.5723470e+02   3.3056236e+02
   2.7002712e+02   3.5398978e+02
   2.8720945e+02   3.7436355e+02
   3.0839286e+02   3.9023595e+02
   3.3422040e+02   3.9477379e+02
   3.6122226e+02   3.9007551e+02
   3.8541951e+02   3.7790433e+02
   4.0338947e+02   3.5777177e+02
   4.1475312e+02   3.3308552e+02
   4.2315471e+02   3.0701498e+02
   4.2839208e+02   2.8026866e+02
   4.3316080e+02   2.5342373e+02
   4.3688300e+02   2.2661517e+02
   2.5820322e+02   2.0742111e+02
   2.7466489e+02   2.0466327e+02
   2.9120039e+02   2.0445746e+02
   3.0702541e+02   2.0995209e+02
   3.2312703e+02   2.1108808e+02
   3.5343676e+02   2.1278494e+02
   3.6965251e+02   2.1021943e+02
   3.8555528e+02   2.0575422e+02
   4.0194686e+02   2.0498428e+02
   4.1775196e+02   2.0932858e+02
   3.3573619e+02   2.2865408e+02
   3.3566473e+02   2.4450262e+02
   3.3572075e+02   2.6029689e+02
   3.3576087e+02   2.7594578e+02
   3.0636402e+02   2.8408409e+02
   3.2102299e+02   2.8892422e+02
   3.3599964e+02   2.9157787e+02
   3.5015817e+02   2.8937931e+02
   3.6304558e+02   2.8373865e+02
   2.7762509e+02   2.3173076e+02
   2.8965755e+02   2.2605850e+02
   3.0285145e+02   2.2656490e+02
   3.1380684e+02   2.3384255e+02
   3.0161288e+02   2.3529216e+02
   2.8932847e+02   2.3523670e+02
   3.6155267e+02   2.3486130e+02
   3.7329774e+02   2.2796121e+02
   3.8696958e+02   2.2790091e+02
   3.9867401e+02   2.3465310e+02
   3.8644313e+02   2.3795352e+02
   3.7387677e+02   2.3763204e+02
   2.9635205e+02   3.1947115e+02
   3.0705797e+02   3.0943185e+02
   3.2065881e+02   3.0406818e+02
   3.3471680e+02   3.0736226e+02
   3.4909807e+02   3.0421386e+02
   3.6264678e+02   3.1005759e+02
   3.7179555e+02   3.2139683e+02
   3.6181545e+02   3.3079076e+02
   3.4869286e+02   3.3506328e+02
   3.3504031e+02   3.3563630e+02
   3.2001076e+02   3.3459947e+02
   3.0571104e+02   3.3071512e+02
   3.0196191e+02   3.1958978e+02
   3.1816183e+02   3.1553227e+02
   3.3480882e+02   3.1647822e+02
   3.5114365e+02   3.1572767e+02
   3.6658867e+02   3.2031447e+02
   3.5079866e+02   3.1614521e+02
   3.3458786e+02   3.1680032e+02
   3.1800562e+02   3.1589717e+02
