   2.3618562e+02   2.1460879e+02
   2.3888820e+02   2.4604930e+02
   2.4309328e+02   2.7690066e+02
   2.4870601e+02   3.0781297e+02
   2.5824137e+02   3.3755306e+02
   2.7154976e+02   3.6568388e+02
   2.9156294e+02   3.9020326e+02
   3.1532008e+02   4.1040016e+02
   3.4519182e+02   4.1570800e+02
   3.7543674e+02   4.0732531e+02
   3.9915725e+02   3.8662393e+02
   4.1772381e+02   3.6102183e+02
   4.3186267e+02   3.3253727e+02
   4.4166888e+02   3.0246048e+02
   4.4692219e+02   2.7147417e+02
   4.5150458e+02   2.4009836e+02
   4.5390227e+02   2.0863243e+02
   2.4806229e+02   1.7112175e+02
   2.6245279e+02   1.6037037e+02
   2.7980314e+02   1.5566094e+02
   2.9769246e+02   1.5531565e+02
   3.1421906e+02   1.6171248e+02
   3.7448574e+02   1.6147281e+02
   3.9034917e+02   1.5618058e+02
   4.0735522e+02   1.5683961e+02
   4.2403750e+02   1.5944315e+02
   4.3875348e+02   1.6721594e+02
   3.4717333e+02   2.0246812e+02
   3.4766245e+02   2.1967984e+02
   3.4681307e+02   2.3674074e+02
   3.4627193e+02   2.5373530e+02
   3.2649433e+02   2.8114417e+02
   3.3638055e+02   2.8381323e+02
   3.4647584e+02   2.8470575e+02
   3.5544982e+02   2.8409419e+02
   3.6412496e+02   2.8220712e+02
   2.7169646e+02   2.0541062e+02
   2.8439679e+02   1.9655455e+02
   3.0003719e+02   1.9843605e+02
   3.1228750e+02   2.0819121e+02
   2.9854569e+02   2.1516284e+02
   2.8332086e+02   2.1492657e+02
   3.7532057e+02   2.0656069e+02
   3.8909774e+02   1.9645502e+02
   4.0586677e+02   1.9510922e+02
   4.1874815e+02   2.0562472e+02
   4.0533190e+02   2.1362102e+02
   3.8962555e+02   2.1291423e+02
   3.1103493e+02   3.3429963e+02
   3.1589771e+02   3.1678017e+02
   3.2772274e+02   3.0340220e+02
   3.4464419e+02   3.0556567e+02
   3.6156177e+02   3.0384252e+02
   3.7297760e+02   3.1723247e+02
   3.7771002e+02   3.3446198e+02
   3.6889483e+02   3.4961624e+02
   3.5957323e+02   3.6411434e+02
   3.4363620e+02   3.6844120e+02
   3.2760299e+02   3.6407154e+02
   3.1825512e+02   3.4993571e+02
   3.1492216e+02   3.3418193e+02
   3.2584129e+02   3.1700817e+02
   3.4528346e+02   3.1285707e+02
   3.6432274e+02   3.1661123e+02
   3.7379476e+02   3.3393812e+02
   3.6060113e+02   3.4722307e+02
   3.4378289e+02   3.5334616e+02
   3.2828659e+02   3.4556185e+02
