   2.3686057e+02   2.1486539e+02
   2.3927800e+02   2.4415482e+02
   2.4275613e+02   2.7316283e+02
   2.4491679e+02   3.0220381e+02
   2.5318390e+02   3.3019956e+02
   2.6773496e+02   3.5529109e+02
   2.9097040e+02   3.7244405e+02
   3.1674622e+02   3.8643003e+02
   3.4497641e+02   3.9161690e+02
   3.7411234e+02   3.8673252e+02
   3.9912795e+02   3.7090263e+02
   4.2144570e+02   3.5128084e+02
   4.3732197e+02   3.2641093e+02
   4.4324602e+02   2.9722445e+02
   4.4809765e+02   2.6787387e+02
   4.5232489e+02   2.3860902e+02
   4.5451068e+02   2.0911085e+02
   2.5198144e+02   1.8810295e+02
   2.6831848e+02   1.8080293e+02
   2.8560837e+02   1.7753483e+02
   3.0349028e+02   1.7825923e+02
   3.2031241e+02   1.8327014e+02
   3.7201225e+02   1.8196155e+02
   3.8800558e+02   1.7761125e+02
   4.0431960e+02   1.7593001e+02
   4.2072962e+02   1.7755824e+02
   4.3585050e+02   1.8354952e+02
   3.4625526e+02   2.0161918e+02
   3.4694070e+02   2.2005971e+02
   3.4761375e+02   2.3851308e+02
   3.4869938e+02   2.5690292e+02
   3.2598304e+02   2.8267109e+02
   3.3632282e+02   2.8408064e+02
   3.4658840e+02   2.8539307e+02
   3.5562750e+02   2.8453311e+02
   3.6453787e+02   2.8354459e+02
   2.7081334e+02   2.1082949e+02
   2.8483547e+02   2.0130652e+02
   3.0179507e+02   2.0232506e+02
   3.1467729e+02   2.1320748e+02
   2.9943812e+02   2.1800119e+02
   2.8385417e+02   2.1899588e+02
   3.8019000e+02   2.1051602e+02
   3.9228840e+02   2.0099570e+02
   4.0776543e+02   2.0141827e+02
   4.1995117e+02   2.1077952e+02
   4.0703922e+02   2.1656885e+02
   3.9292428e+02   2.1641799e+02
   3.0990444e+02   3.2190471e+02
   3.2027105e+02   3.1122937e+02
   3.3274337e+02   3.0350181e+02
   3.4607351e+02   3.0796040e+02
   3.6045924e+02   3.0432931e+02
   3.7348792e+02   3.1189706e+02
   3.8497119e+02   3.2182432e+02
   3.7326595e+02   3.2848835e+02
   3.6077652e+02   3.3249653e+02
   3.4772848e+02   3.3383379e+02
   3.3435039e+02   3.3274252e+02
   3.2215721e+02   3.2705858e+02
   3.1626968e+02   3.2003768e+02
   3.3110920e+02   3.1640708e+02
   3.4622158e+02   3.1802262e+02
   3.6201337e+02   3.1615504e+02
   3.7716013e+02   3.1989244e+02
   3.6164785e+02   3.1662838e+02
   3.4615169e+02   3.1859375e+02
   3.3101784e+02   3.1696487e+02
