   2.3554943e+02   2.1464112e+02
   2.3830361e+02   2.4587361e+02
   2.4245000e+02   2.7649996e+02
   2.4780470e+02   3.0720697e+02
   2.5725784e+02   3.3678982e+02
   2.7114322e+02   3.6434084e+02
   2.9151508e+02   3.8814041e+02
   3.1568450e+02   4.0745838e+02
   3.4545306e+02   4.1248677e+02
   3.7545088e+02   4.0432957e+02
   3.9929082e+02   3.8437767e+02
   4.1760580e+02   3.5899648e+02
   4.3177981e+02   3.3094422e+02
   4.4114805e+02   3.0109921e+02
   4.4625083e+02   2.7035040e+02
   4.5070092e+02   2.3930315e+02
   4.5298485e+02   2.0817202e+02
   2.4739248e+02   1.7177505e+02
   2.6171927e+02   1.6071492e+02
   2.7909446e+02   1.5569885e+02
   2.9706135e+02   1.5567638e+02
   3.1364014e+02   1.6227569e+02
   3.7357288e+02   1.6178020e+02
   3.8950830e+02   1.5633138e+02
   4.0652544e+02   1.5649349e+02
   4.2328849e+02   1.5902782e+02
   4.3780422e+02   1.6722587e+02
   3.4626416e+02   2.0217515e+02
   3.4665944e+02   2.1952063e+02
   3.4599936e+02   2.3673022e+02
   3.4559149e+02   2.5387485e+02
   3.2599519e+02   2.8118612e+02
   3.3582272e+02   2.8353658e+02
   3.4578341e+02   2.8445974e+02
   3.5469738e+02   2.8378695e+02
   3.6334005e+02   2.8212062e+02
   2.7084699e+02   2.0574805e+02
   2.8352452e+02   1.9682802e+02
   2.9916783e+02   1.9879423e+02
   3.1141227e+02   2.0856938e+02
   2.9775225e+02   2.1555385e+02
   2.8253555e+02   2.1518307e+02
   3.7472568e+02   2.0660426e+02
   3.8833509e+02   1.9653864e+02
   4.0494346e+02   1.9519405e+02
   4.1760192e+02   2.0569876e+02
   4.0434327e+02   2.1366928e+02
   3.8880574e+02   2.1302850e+02
   3.1030775e+02   3.3261811e+02
   3.1577787e+02   3.1584916e+02
   3.2763832e+02   3.0308703e+02
   3.4410671e+02   3.0556781e+02
   3.6059101e+02   3.0347658e+02
   3.7222571e+02   3.1606788e+02
   3.7783647e+02   3.3238322e+02
   3.6898942e+02   3.4676973e+02
   3.5925383e+02   3.6003084e+02
   3.4367052e+02   3.6399961e+02
   3.2797108e+02   3.6003974e+02
   3.1812127e+02   3.4710047e+02
   3.1478750e+02   3.3237107e+02
   3.2598816e+02   3.1656934e+02
   3.4482751e+02   3.1311654e+02
   3.6332652e+02   3.1603655e+02
   3.7337920e+02   3.3184498e+02
   3.6011167e+02   3.4350622e+02
   3.4366123e+02   3.4908687e+02
   3.2829783e+02   3.4218695e+02
