   2.3569678e+02   2.1483774e+02
   2.3844924e+02   2.4621612e+02
   2.4266546e+02   2.7699764e+02
   2.4821948e+02   3.0784561e+02
   2.5775886e+02   3.3753404e+02
   2.7130376e+02   3.6546037e+02
   2.9147656e+02   3.8971713e+02
   3.1540951e+02   4.0959014e+02
   3.4526323e+02   4.1477305e+02
   3.7542628e+02   4.0643704e+02
   3.9917907e+02   3.8596783e+02
   4.1764110e+02   3.6041489e+02
   4.3177105e+02   3.3205657e+02
   4.4139772e+02   3.0203836e+02
   4.4657021e+02   2.7111690e+02
   4.5107748e+02   2.3983853e+02
   4.5340553e+02   2.0847429e+02
   2.4752497e+02   1.7154093e+02
   2.6188950e+02   1.6066281e+02
   2.7925184e+02   1.5582691e+02
   2.9717587e+02   1.5557783e+02
   3.1373430e+02   1.6203245e+02
   3.7390879e+02   1.6164397e+02
   3.8979953e+02   1.5627915e+02
   4.0681779e+02   1.5674690e+02
   4.2353837e+02   1.5931097e+02
   4.3819787e+02   1.6722205e+02
   3.4662586e+02   2.0246939e+02
   3.4709887e+02   2.1973545e+02
   3.4633238e+02   2.3685733e+02
   3.4585453e+02   2.5391300e+02
   3.2615804e+02   2.8131871e+02
   3.3603082e+02   2.8386712e+02
   3.4608415e+02   2.8476103e+02
   3.5504046e+02   2.8411890e+02
   3.6370613e+02   2.8230032e+02
   2.7113907e+02   2.0570906e+02
   2.8382868e+02   1.9681414e+02
   2.9947903e+02   1.9871096e+02
   3.1174226e+02   2.0846577e+02
   2.9802962e+02   2.1545801e+02
   2.8280068e+02   2.1518932e+02
   3.7490083e+02   2.0665573e+02
   3.8861503e+02   1.9654632e+02
   4.0533350e+02   1.9518430e+02
   4.1815231e+02   2.0568788e+02
   4.0479337e+02   2.1369139e+02
   3.8913894e+02   2.1302289e+02
   3.1066389e+02   3.3390444e+02
   3.1572589e+02   3.1663776e+02
   3.2755545e+02   3.0345983e+02
   3.4432649e+02   3.0571957e+02
   3.6109734e+02   3.0384933e+02
   3.7260880e+02   3.1695253e+02
   3.7767036e+02   3.3386293e+02
   3.6885465e+02   3.4876114e+02
   3.5939751e+02   3.6283792e+02
   3.4358261e+02   3.6705594e+02
   3.2765562e+02   3.6284465e+02
   3.1811240e+02   3.4913343e+02
   3.1476149e+02   3.3373745e+02
   3.2576777e+02   3.1703018e+02
   3.4500157e+02   3.1310454e+02
   3.6386287e+02   3.1654747e+02
   3.7356168e+02   3.3333709e+02
   3.6034950e+02   3.4606715e+02
   3.4365952e+02   3.5201806e+02
   3.2819516e+02   3.4455731e+02
