   2.3668841e+02   2.1441204e+02
   2.3934018e+02   2.4589028e+02
   2.4351586e+02   2.7678642e+02
   2.4912630e+02   3.0774121e+02
   2.5863616e+02   3.3751901e+02
   2.7179715e+02   3.6577226e+02
   2.9172359e+02   3.9042858e+02
   3.1538192e+02   4.1080574e+02
   3.4526206e+02   4.1620820e+02
   3.7556548e+02   4.0783382e+02
   3.9929617e+02   3.8702970e+02
   4.1796790e+02   3.6143424e+02
   4.3214521e+02   3.3289392e+02
   4.4205994e+02   3.0278369e+02
   4.4738112e+02   2.7176073e+02
   4.5202839e+02   2.4033098e+02
   4.5448778e+02   2.0880635e+02
   2.4864404e+02   1.7089521e+02
   2.6307202e+02   1.6024305e+02
   2.8042372e+02   1.5562580e+02
   2.9829914e+02   1.5524093e+02
   3.1481021e+02   1.6160915e+02
   3.7510608e+02   1.6149124e+02
   3.9096285e+02   1.5625546e+02
   4.0796298e+02   1.5702631e+02
   4.2462516e+02   1.5965970e+02
   4.3937705e+02   1.6735369e+02
   3.4774810e+02   2.0246869e+02
   3.4823680e+02   2.1966122e+02
   3.4733525e+02   2.3669873e+02
   3.4675424e+02   2.5367006e+02
   3.2688813e+02   2.8106828e+02
   3.3678611e+02   2.8380932e+02
   3.4691002e+02   2.8471032e+02
   3.5589823e+02   2.8412121e+02
   3.6458463e+02   2.8220355e+02
   2.7224985e+02   2.0522076e+02
   2.8497374e+02   1.9638937e+02
   3.0061957e+02   1.9826810e+02
   3.1286347e+02   2.0804090e+02
   2.9908713e+02   2.1498197e+02
   2.8385759e+02   2.1476141e+02
   3.7585816e+02   2.0655126e+02
   3.8967492e+02   1.9645661e+02
   4.0647352e+02   1.9514052e+02
   4.1938570e+02   2.0566911e+02
   4.0592845e+02   2.1364315e+02
   3.9019505e+02   2.1290606e+02
   3.1140449e+02   3.3449409e+02
   3.1619278e+02   3.1685866e+02
   3.2803191e+02   3.0339591e+02
   3.4502763e+02   3.0552699e+02
   3.6202499e+02   3.0389135e+02
   3.7338749e+02   3.1743143e+02
   3.7795126e+02   3.3481868e+02
   3.6910736e+02   3.5007813e+02
   3.5983520e+02   3.6476814e+02
   3.4383291e+02   3.6913405e+02
   3.2774883e+02   3.6467614e+02
   3.1850812e+02   3.5032416e+02
   3.1518201e+02   3.3439815e+02
   3.2608671e+02   3.1702242e+02
   3.4563874e+02   3.1278081e+02
   3.6476921e+02   3.1670291e+02
   3.7412840e+02   3.3428612e+02
   3.6091885e+02   3.4780615e+02
   3.4402168e+02   3.5399948e+02
   3.2850892e+02   3.4604405e+02
