   2.3689778e+02   2.1481317e+02
   2.3931673e+02   2.4409987e+02
   2.4279466e+02   2.7310440e+02
   2.4495477e+02   3.0214256e+02
   2.5322170e+02   3.3013613e+02
   2.6778240e+02   3.5521845e+02
   2.9101949e+02   3.7236528e+02
   3.1679963e+02   3.8634050e+02
   3.4502868e+02   3.9152133e+02
   3.7415986e+02   3.8663684e+02
   3.9917515e+02   3.7081619e+02
   4.2148180e+02   3.5119122e+02
   4.3735568e+02   3.2632617e+02
   4.4327542e+02   2.9714481e+02
   4.4812405e+02   2.6779825e+02
   4.5234866e+02   2.3853864e+02
   4.5453209e+02   2.0904606e+02
   2.5201376e+02   1.8804170e+02
   2.6834628e+02   1.8073064e+02
   2.8563606e+02   1.7745423e+02
   3.0351882e+02   1.7818361e+02
   3.2034079e+02   1.8320015e+02
   3.7204289e+02   1.8188785e+02
   3.8803681e+02   1.7753305e+02
   4.0435109e+02   1.7584468e+02
   4.2076234e+02   1.7747258e+02
   4.3587774e+02   1.8347457e+02
   3.4628373e+02   2.0156127e+02
   3.4696722e+02   2.2000202e+02
   3.4764238e+02   2.3845561e+02
   3.4872879e+02   2.5684567e+02
   3.2602139e+02   2.8261334e+02
   3.3635882e+02   2.8401781e+02
   3.4662095e+02   2.8533011e+02
   3.5565828e+02   2.8446916e+02
   3.6456729e+02   2.8348391e+02
   2.7084701e+02   2.1077649e+02
   2.8486608e+02   2.0125329e+02
   3.0182310e+02   2.0227443e+02
   3.1470395e+02   2.1315504e+02
   2.9946910e+02   2.1795203e+02
   2.8388664e+02   2.1894242e+02
   3.8021597e+02   2.1045736e+02
   3.9231256e+02   2.0093749e+02
   4.0778744e+02   2.0135759e+02
   4.1996898e+02   2.1071965e+02
   4.0706010e+02   2.1651129e+02
   3.9294717e+02   2.1636109e+02
   3.0993918e+02   3.2182866e+02
   3.2031072e+02   3.1115954e+02
   3.3278261e+02   3.0343721e+02
   3.4610785e+02   3.0789912e+02
   3.6048725e+02   3.0426320e+02
   3.7351737e+02   3.1182176e+02
   3.8500870e+02   3.2173903e+02
   3.7330675e+02   3.2839876e+02
   3.6081301e+02   3.3239580e+02
   3.4776877e+02   3.3372962e+02
   3.3439479e+02   3.3264237e+02
   3.2219616e+02   3.2697224e+02
   3.1631285e+02   3.1996121e+02
   3.3115304e+02   3.1634029e+02
   3.4625856e+02   3.1796247e+02
   3.6204249e+02   3.1608542e+02
   3.7719197e+02   3.1980920e+02
   3.6168088e+02   3.1653455e+02
   3.4619098e+02   3.1849437e+02
   3.3106046e+02   3.1687562e+02
