   2.3687952e+02   2.1483082e+02
   2.3930036e+02   2.4436170e+02
   2.4262799e+02   2.7348512e+02
   2.4490294e+02   3.0271649e+02
   2.5314761e+02   3.3101352e+02
   2.6873471e+02   3.5567221e+02
   2.9190229e+02   3.7330053e+02
   3.1815368e+02   3.8701085e+02
   3.4669162e+02   3.9173155e+02
   3.7570244e+02   3.8661312e+02
   4.0093141e+02   3.7143838e+02
   4.2177499e+02   3.5067526e+02
   4.3752024e+02   3.2587135e+02
   4.4366749e+02   2.9697487e+02
   4.4848547e+02   2.6767130e+02
   4.5271423e+02   2.3855173e+02
   4.5489929e+02   2.0924056e+02
   2.5136724e+02   1.8474552e+02
   2.6712389e+02   1.7567039e+02
   2.8461874e+02   1.7126958e+02
   3.0279972e+02   1.7267220e+02
   3.1970651e+02   1.7877465e+02
   3.7329215e+02   1.7754079e+02
   3.8955675e+02   1.7258883e+02
   4.0617613e+02   1.7038830e+02
   4.2294107e+02   1.7224839e+02
   4.3742199e+02   1.8003261e+02
   3.4663291e+02   2.0178212e+02
   3.4689101e+02   2.2030947e+02
   3.4750202e+02   2.3883020e+02
   3.4834795e+02   2.5729187e+02
   3.2667066e+02   2.8327071e+02
   3.3674994e+02   2.8427940e+02
   3.4665039e+02   2.8562839e+02
   3.5555831e+02   2.8473877e+02
   3.6437048e+02   2.8413129e+02
   2.7096142e+02   2.1032568e+02
   2.8466417e+02   2.0087206e+02
   3.0130976e+02   2.0248652e+02
   3.1398388e+02   2.1323017e+02
   2.9927632e+02   2.1862664e+02
   2.8374837e+02   2.1879544e+02
   3.7984168e+02   2.1039806e+02
   3.9212002e+02   2.0086760e+02
   4.0763710e+02   2.0089703e+02
   4.1941489e+02   2.1070863e+02
   4.0665066e+02   2.1701043e+02
   3.9245418e+02   2.1675545e+02
   3.0968683e+02   3.2209158e+02
   3.2023641e+02   3.1137606e+02
   3.3277694e+02   3.0367198e+02
   3.4600955e+02   3.0844852e+02
   3.6006637e+02   3.0450596e+02
   3.7316236e+02   3.1177747e+02
   3.8491954e+02   3.2149331e+02
   3.7380321e+02   3.2858599e+02
   3.6096476e+02   3.3234410e+02
   3.4790988e+02   3.3349548e+02
   3.3461005e+02   3.3240601e+02
   3.2197078e+02   3.2732945e+02
   3.1693064e+02   3.2041181e+02
   3.3157955e+02   3.1650325e+02
   3.4647163e+02   3.1843455e+02
   3.6182265e+02   3.1613225e+02
   3.7677532e+02   3.1990532e+02
   3.6155572e+02   3.1708225e+02
   3.4652584e+02   3.1871373e+02
   3.3162997e+02   3.1750852e+02
