   2.5394088e+02   2.2442416e+02
   2.5628182e+02   2.4979271e+02
   2.6053245e+02   2.7464832e+02
   2.6629257e+02   2.9928349e+02
   2.7711485e+02   3.2194699e+02
   2.9353891e+02   3.4098996e+02
   3.1407470e+02   3.5606648e+02
   3.3633178e+02   3.6792476e+02
   3.6096545e+02   3.7084181e+02
   3.8475048e+02   3.6747000e+02
   4.0496425e+02   3.5482931e+02
   4.2220782e+02   3.3803644e+02
   4.3705835e+02   3.1907719e+02
   4.4671318e+02   2.9697265e+02
   4.5054210e+02   2.7327656e+02
   4.5297381e+02   2.4935518e+02
   4.5605168e+02   2.2555301e+02
   2.7247181e+02   1.9232925e+02
   2.8730385e+02   1.8045823e+02
   3.0461077e+02   1.7294162e+02
   3.2347060e+02   1.7364572e+02
   3.3809012e+02   1.8480513e+02
   3.7445257e+02   1.8666373e+02
   3.8909284e+02   1.7457389e+02
   4.0817159e+02   1.7279618e+02
   4.2570753e+02   1.8034450e+02
   4.4041968e+02   1.9274250e+02
   3.5850845e+02   2.1295914e+02
   3.5850035e+02   2.2791273e+02
   3.5848442e+02   2.4274915e+02
   3.5804351e+02   2.5759532e+02
   3.3559764e+02   2.7429829e+02
   3.4637863e+02   2.7783167e+02
   3.5751775e+02   2.7879386e+02
   3.6776956e+02   2.7797609e+02
   3.7755186e+02   2.7497304e+02
   2.9697401e+02   2.1060299e+02
   3.0706324e+02   2.0274634e+02
   3.1994310e+02   2.0259431e+02
   3.3043463e+02   2.0989090e+02
   3.1932992e+02   2.1210334e+02
   3.0807251e+02   2.1221624e+02
   3.8151181e+02   2.1087073e+02
   3.9230340e+02   2.0247700e+02
   4.0618253e+02   2.0404070e+02
   4.1722731e+02   2.1234706e+02
   4.0518127e+02   2.1326787e+02
   3.9316007e+02   2.1328180e+02
   3.2162183e+02   3.0703629e+02
   3.3271907e+02   3.0034208e+02
   3.4509670e+02   2.9687879e+02
   3.5745188e+02   2.9938826e+02
   3.7005459e+02   2.9715616e+02
   3.8227835e+02   3.0105559e+02
   3.9391785e+02   3.0631690e+02
   3.8373006e+02   3.1426640e+02
   3.7122770e+02   3.1782642e+02
   3.5834310e+02   3.1842219e+02
   3.4508160e+02   3.1795631e+02
   3.3216033e+02   3.1469317e+02
   3.3545422e+02   3.0724208e+02
   3.4680462e+02   3.0694910e+02
   3.5790397e+02   3.0856809e+02
   3.6919808e+02   3.0717426e+02
   3.8050894e+02   3.0673107e+02
   3.6908364e+02   3.0830243e+02
   3.5790630e+02   3.0995854e+02
   3.4668322e+02   3.0811967e+02
