   2.5410760e+02   2.2455414e+02
   2.5596705e+02   2.4969010e+02
   2.5969491e+02   2.7469552e+02
   2.6563725e+02   2.9896947e+02
   2.7737903e+02   3.2127276e+02
   2.9302541e+02   3.4080393e+02
   3.1201598e+02   3.5717642e+02
   3.3423411e+02   3.6895613e+02
   3.5880016e+02   3.7271632e+02
   3.8286192e+02   3.6833455e+02
   4.0403901e+02   3.5656759e+02
   4.2143905e+02   3.3955918e+02
   4.3607643e+02   3.2025668e+02
   4.4606072e+02   2.9794306e+02
   4.5040384e+02   2.7412457e+02
   4.5288371e+02   2.4976939e+02
   4.5594803e+02   2.2576622e+02
   2.7588650e+02   1.9568457e+02
   2.9215934e+02   1.8773718e+02
   3.0913459e+02   1.8150561e+02
   3.2699696e+02   1.8281152e+02
   3.4193886e+02   1.9258162e+02
   3.7145786e+02   1.9185564e+02
   3.8671423e+02   1.8333714e+02
   4.0379586e+02   1.8025714e+02
   4.1974299e+02   1.8691396e+02
   4.3578040e+02   1.9342496e+02
   3.5792250e+02   2.1364301e+02
   3.5826749e+02   2.2865567e+02
   3.5853572e+02   2.4363909e+02
   3.5839174e+02   2.5853300e+02
   3.3641378e+02   2.7588002e+02
   3.4704237e+02   2.7887602e+02
   3.5780152e+02   2.8041298e+02
   3.6777329e+02   2.7945229e+02
   3.7750048e+02   2.7765642e+02
   3.0048579e+02   2.1321703e+02
   3.1036539e+02   2.0784766e+02
   3.2158383e+02   2.0735705e+02
   3.3144570e+02   2.1236063e+02
   3.2113771e+02   2.1388729e+02
   3.1077007e+02   2.1392328e+02
   3.8150682e+02   2.1325982e+02
   3.9161471e+02   2.0727493e+02
   4.0336691e+02   2.0794524e+02
   4.1351611e+02   2.1387377e+02
   4.0282336e+02   2.1507613e+02
   3.9208868e+02   2.1486882e+02
   3.2013665e+02   3.0553880e+02
   3.3238214e+02   3.0056176e+02
   3.4537197e+02   2.9878345e+02
   3.5811900e+02   3.0115680e+02
   3.7074149e+02   2.9899289e+02
   3.8348212e+02   3.0111138e+02
   3.9560005e+02   3.0528168e+02
   3.8406937e+02   3.1171564e+02
   3.7190438e+02   3.1667745e+02
   3.5903581e+02   3.1809720e+02
   3.4519970e+02   3.1711807e+02
   3.3249973e+02   3.1177143e+02
   3.3300377e+02   3.0628238e+02
   3.4576924e+02   3.0620412e+02
   3.5824458e+02   3.0778361e+02
   3.7073432e+02   3.0581417e+02
   3.8327090e+02   3.0658958e+02
   3.7065812e+02   3.0683715e+02
   3.5825212e+02   3.0881955e+02
   3.4557333e+02   3.0698496e+02
