   2.5413176e+02   2.2408389e+02
   2.5588043e+02   2.4940817e+02
   2.5972648e+02   2.7445408e+02
   2.6546028e+02   2.9889262e+02
   2.7732332e+02   3.2121175e+02
   2.9356986e+02   3.4060068e+02
   3.1252730e+02   3.5728567e+02
   3.3478085e+02   3.6912215e+02
   3.5945124e+02   3.7264219e+02
   3.8331137e+02   3.6838760e+02
   4.0435749e+02   3.5684338e+02
   4.2072147e+02   3.3901448e+02
   4.3567670e+02   3.2005117e+02
   4.4670049e+02   2.9857489e+02
   4.5040137e+02   2.7484710e+02
   4.5281837e+02   2.5062043e+02
   4.5508172e+02   2.2674919e+02
   2.7648171e+02   1.9620372e+02
   2.9283572e+02   1.8898510e+02
   3.0985307e+02   1.8406709e+02
   3.2746897e+02   1.8538616e+02
   3.4305575e+02   1.9340620e+02
   3.7038616e+02   1.9350004e+02
   3.8568121e+02   1.8524904e+02
   4.0257519e+02   1.8257071e+02
   4.1878044e+02   1.8837591e+02
   4.3496984e+02   1.9392010e+02
   3.5804033e+02   2.1372921e+02
   3.5841525e+02   2.2877121e+02
   3.5855904e+02   2.4377644e+02
   3.5859561e+02   2.5870942e+02
   3.3585577e+02   2.7539416e+02
   3.4681478e+02   2.7899483e+02
   3.5803568e+02   2.8064620e+02
   3.6855086e+02   2.7953242e+02
   3.7853294e+02   2.7656722e+02
   3.0009661e+02   2.1316982e+02
   3.0964212e+02   2.0743885e+02
   3.2075700e+02   2.0717114e+02
   3.3027465e+02   2.1263371e+02
   3.2019334e+02   2.1411407e+02
   3.1008537e+02   2.1415082e+02
   3.8105730e+02   2.1349502e+02
   3.9133035e+02   2.0720228e+02
   4.0330806e+02   2.0776653e+02
   4.1367891e+02   2.1389772e+02
   4.0278353e+02   2.1539304e+02
   3.9182519e+02   2.1523857e+02
   3.1969119e+02   3.0401004e+02
   3.3220758e+02   3.0001364e+02
   3.4529129e+02   2.9915923e+02
   3.5826366e+02   3.0022065e+02
   3.7056718e+02   2.9903788e+02
   3.8289450e+02   2.9998046e+02
   3.9472076e+02   3.0319112e+02
   3.8310797e+02   3.0799586e+02
   3.7102393e+02   3.1118779e+02
   3.5864277e+02   3.1188058e+02
   3.4513911e+02   3.1139698e+02
   3.3226372e+02   3.0833304e+02
   3.3116092e+02   3.0400610e+02
   3.4479424e+02   3.0304626e+02
   3.5831037e+02   3.0397989e+02
   3.7049768e+02   3.0274281e+02
   3.8266659e+02   3.0344877e+02
   3.7045894e+02   3.0357556e+02
   3.5841517e+02   3.0501248e+02
   3.4471349e+02   3.0377232e+02
