   2.0374449e+02   1.8331002e+02
   2.0284970e+02   2.1672273e+02
   2.0418437e+02   2.5012176e+02
   2.1033488e+02   2.8291338e+02
   2.2411933e+02   3.1343399e+02
   2.3965964e+02   3.4289064e+02
   2.6005511e+02   3.6911553e+02
   2.8704831e+02   3.8887177e+02
   3.1919034e+02   3.9509278e+02
   3.4896690e+02   3.8915221e+02
   3.7172675e+02   3.6863565e+02
   3.9078483e+02   3.4398832e+02
   4.0450579e+02   3.1620065e+02
   4.1765410e+02   2.8831940e+02
   4.2657091e+02   2.5857592e+02
   4.3236188e+02   2.2816464e+02
   4.3529171e+02   1.9749497e+02
   2.2732705e+02   1.5827776e+02
   2.3926361e+02   1.4121611e+02
   2.5514527e+02   1.2861339e+02
   2.7556675e+02   1.2711028e+02
   2.9567653e+02   1.3084873e+02
   3.5707432e+02   1.3507224e+02
   3.7588417e+02   1.3293830e+02
   3.9418599e+02   1.3794783e+02
   4.0882039e+02   1.4991960e+02
   4.2043724e+02   1.6480616e+02
   3.2994749e+02   1.7286303e+02
   3.2954821e+02   1.9170346e+02
   3.2922398e+02   2.1034837e+02
   3.2826383e+02   2.2891434e+02
   2.9878967e+02   2.4474892e+02
   3.1254832e+02   2.4643028e+02
   3.2614318e+02   2.4837639e+02
   3.3469482e+02   2.4669834e+02
   3.4329985e+02   2.4543509e+02
   2.5608948e+02   1.8220802e+02
   2.7071059e+02   1.7161468e+02
   2.8894797e+02   1.7322052e+02
   2.9960185e+02   1.8733448e+02
   2.8447454e+02   1.9263179e+02
   2.6863351e+02   1.9156067e+02
   3.4839573e+02   1.8781776e+02
   3.6132008e+02   1.7491412e+02
   3.7993154e+02   1.7569436e+02
   3.9060890e+02   1.9011781e+02
   3.7658119e+02   1.9531279e+02
   3.6175185e+02   1.9425696e+02
   2.8393633e+02   3.0268138e+02
   2.8938084e+02   2.8515828e+02
   3.0321168e+02   2.7353858e+02
   3.2101288e+02   2.7341555e+02
   3.3776595e+02   2.7383898e+02
   3.4908567e+02   2.8691513e+02
   3.5172281e+02   3.0395240e+02
   3.4659201e+02   3.2575056e+02
   3.3752837e+02   3.4562664e+02
   3.1849465e+02   3.5507621e+02
   2.9731727e+02   3.4630200e+02
   2.8631312e+02   3.2600519e+02
   2.8711702e+02   3.0247548e+02
   2.9954275e+02   2.8447122e+02
   3.2064771e+02   2.8039209e+02
   3.4137538e+02   2.8428910e+02
   3.4846071e+02   3.0416689e+02
   3.3746921e+02   3.2558029e+02
   3.1751537e+02   3.3811345e+02
   2.9612493e+02   3.2562400e+02
