   2.5399506e+02   2.2349867e+02
   2.5768735e+02   2.4857103e+02
   2.6229493e+02   2.7323525e+02
   2.6861955e+02   2.9759874e+02
   2.7971176e+02   3.2019958e+02
   2.9550311e+02   3.3969265e+02
   3.1547924e+02   3.5491065e+02
   3.3776083e+02   3.6653560e+02
   3.6225754e+02   3.7034072e+02
   3.8594222e+02   3.6606504e+02
   4.0645068e+02   3.5392716e+02
   4.2350632e+02   3.3694302e+02
   4.3745540e+02   3.1750658e+02
   4.4680233e+02   2.9530065e+02
   4.5062082e+02   2.7154512e+02
   4.5369700e+02   2.4782983e+02
   4.5611211e+02   2.2395363e+02
   2.7503232e+02   1.8427320e+02
   2.8700534e+02   1.7298889e+02
   3.0130389e+02   1.6504646e+02
   3.1756140e+02   1.6277078e+02
   3.3346554e+02   1.6599282e+02
   3.8555017e+02   1.6661053e+02
   4.0075007e+02   1.6380202e+02
   4.1591274e+02   1.6441822e+02
   4.2859629e+02   1.7283457e+02
   4.3934400e+02   1.8374093e+02
   3.6033051e+02   2.0188821e+02
   3.6068730e+02   2.1600742e+02
   3.6082349e+02   2.2996873e+02
   3.6110720e+02   2.4394101e+02
   3.3508423e+02   2.5821029e+02
   3.4727509e+02   2.6377063e+02
   3.6038767e+02   2.6610556e+02
   3.7181332e+02   2.6483667e+02
   3.8225787e+02   2.6039841e+02
   2.9802534e+02   2.0226869e+02
   3.0898860e+02   1.9592285e+02
   3.2161004e+02   1.9494632e+02
   3.3276409e+02   2.0057232e+02
   3.2114726e+02   2.0141054e+02
   3.0956659e+02   2.0193133e+02
   3.8365004e+02   2.0243541e+02
   3.9388158e+02   1.9590698e+02
   4.0609535e+02   1.9662641e+02
   4.1664156e+02   2.0259377e+02
   4.0560385e+02   2.0313949e+02
   3.9454415e+02   2.0304904e+02
   3.1535306e+02   2.8785912e+02
   3.3005251e+02   2.8261765e+02
   3.4531745e+02   2.7906363e+02
   3.6062497e+02   2.8075674e+02
   3.7518420e+02   2.8043954e+02
   3.8929283e+02   2.8405784e+02
   4.0276697e+02   2.8949118e+02
   3.9199742e+02   3.0401122e+02
   3.7794411e+02   3.1482523e+02
   3.6054876e+02   3.1793279e+02
   3.4174112e+02   3.1468234e+02
   3.2650473e+02   3.0328791e+02
   3.2153423e+02   2.8919846e+02
   3.4120162e+02   2.8971203e+02
   3.6059546e+02   2.9058512e+02
   3.7935506e+02   2.8943811e+02
   3.9785625e+02   2.9027081e+02
   3.8065238e+02   3.0149021e+02
   3.6038635e+02   3.0539574e+02
   3.3872326e+02   3.0168600e+02
