   2.5362768e+02   2.2349311e+02
   2.5741364e+02   2.4847154e+02
   2.6200049e+02   2.7318505e+02
   2.6851863e+02   2.9748980e+02
   2.7963367e+02   3.2016038e+02
   2.9523006e+02   3.3968788e+02
   3.1538466e+02   3.5498613e+02
   3.3739783e+02   3.6679905e+02
   3.6212323e+02   3.6839346e+02
   3.8572943e+02   3.6548489e+02
   4.0646817e+02   3.5362154e+02
   4.2345733e+02   3.3676476e+02
   4.3696618e+02   3.1680620e+02
   4.4640535e+02   2.9474526e+02
   4.5058505e+02   2.7133327e+02
   4.5444655e+02   2.4758826e+02
   4.5711046e+02   2.2384515e+02
   2.7313357e+02   1.8674308e+02
   2.8532177e+02   1.7502650e+02
   2.9997136e+02   1.6708454e+02
   3.1648814e+02   1.6571471e+02
   3.3257472e+02   1.7018930e+02
   3.8562348e+02   1.6836401e+02
   4.0040579e+02   1.6565842e+02
   4.1526371e+02   1.6666660e+02
   4.2808784e+02   1.7392158e+02
   4.3919466e+02   1.8388524e+02
   3.5862823e+02   2.0205401e+02
   3.5898311e+02   2.1633336e+02
   3.5951638e+02   2.3068509e+02
   3.6009843e+02   2.4484699e+02
   3.3709007e+02   2.6254817e+02
   3.4903914e+02   2.6590837e+02
   3.6129914e+02   2.6666516e+02
   3.7203523e+02   2.6575265e+02
   3.8197133e+02   2.6163753e+02
   2.9725996e+02   2.0417623e+02
   3.0722005e+02   1.9588910e+02
   3.2027045e+02   1.9488892e+02
   3.3127538e+02   2.0154276e+02
   3.2013492e+02   2.0414743e+02
   3.0867713e+02   2.0472716e+02
   3.8230234e+02   2.0298431e+02
   3.9286749e+02   1.9578611e+02
   4.0566376e+02   1.9657242e+02
   4.1536721e+02   2.0467453e+02
   4.0420731e+02   2.0468489e+02
   3.9315563e+02   2.0469171e+02
   3.1806961e+02   2.9444373e+02
   3.3127993e+02   2.8796108e+02
   3.4513301e+02   2.8354278e+02
   3.5944521e+02   2.8525143e+02
   3.7332774e+02   2.8423594e+02
   3.8639597e+02   2.8915628e+02
   3.9814098e+02   2.9677141e+02
   3.8886089e+02   3.0906855e+02
   3.7565937e+02   3.1710521e+02
   3.6059526e+02   3.2015007e+02
   3.4329398e+02   3.1788918e+02
   3.2868929e+02   3.0815119e+02
   3.2536484e+02   2.9559527e+02
   3.4267579e+02   2.9405874e+02
   3.5983342e+02   2.9521305e+02
   3.7490580e+02   2.9445785e+02
   3.8967722e+02   2.9753786e+02
   3.7596188e+02   3.0544388e+02
   3.6060136e+02   3.0868109e+02
   3.4141491e+02   3.0611497e+02
