   1.8546366e+02   2.3428613e+02
   1.8743437e+02   2.6408887e+02
   1.9262484e+02   2.9345902e+02
   1.9921404e+02   3.2251939e+02
   2.0607095e+02   3.5148049e+02
   2.2189827e+02   3.7669637e+02
   2.4411498e+02   3.9624936e+02
   2.7081082e+02   4.0926401e+02
   3.0004074e+02   4.1280599e+02
   3.2946619e+02   4.0839052e+02
   3.5664815e+02   3.9628400e+02
   3.8059579e+02   3.7880429e+02
   3.9746330e+02   3.5475621e+02
   4.0466369e+02   3.2577229e+02
   4.0974311e+02   2.9646047e+02
   4.1312252e+02   2.6700941e+02
   4.1408249e+02   2.3747752e+02
   2.0223320e+02   2.1826407e+02
   2.1644451e+02   2.0030324e+02
   2.3919800e+02   1.9523277e+02
   2.6252431e+02   1.9755912e+02
   2.8316363e+02   2.0818598e+02
   3.2215386e+02   2.0771364e+02
   3.4059680e+02   1.9927611e+02
   3.6058742e+02   1.9683397e+02
   3.8016276e+02   2.0159544e+02
   3.9647889e+02   2.1319649e+02
   2.9940519e+02   2.2838736e+02
   2.9938193e+02   2.4861910e+02
   2.9915835e+02   2.6881659e+02
   2.9888169e+02   2.8882409e+02
   2.6881893e+02   3.0019129e+02
   2.8213757e+02   3.0923601e+02
   2.9792234e+02   3.1129543e+02
   3.1367444e+02   3.0959580e+02
   3.2700108e+02   3.0117578e+02
   2.2687655e+02   2.3494067e+02
   2.4103064e+02   2.2570614e+02
   2.5788367e+02   2.2589003e+02
   2.7110257e+02   2.3601717e+02
   2.5628805e+02   2.3970423e+02
   2.4111743e+02   2.3989314e+02
   3.2665383e+02   2.3573862e+02
   3.4085231e+02   2.2706659e+02
   3.5755323e+02   2.2747033e+02
   3.7124166e+02   2.3657246e+02
   3.5658435e+02   2.4102259e+02
   3.4122752e+02   2.4034363e+02
   2.5429970e+02   3.4386890e+02
   2.6779850e+02   3.3485367e+02
   2.8172664e+02   3.2666647e+02
   2.9692902e+02   3.2971117e+02
   3.1311113e+02   3.2745434e+02
   3.2779169e+02   3.3566300e+02
   3.4275019e+02   3.4282943e+02
   3.2900792e+02   3.5118649e+02
   3.1380886e+02   3.5612668e+02
   2.9781220e+02   3.5652120e+02
   2.8208120e+02   3.5593385e+02
   2.6696771e+02   3.5263794e+02
   2.6197646e+02   3.4390610e+02
   2.7946970e+02   3.3890051e+02
   2.9740270e+02   3.3929109e+02
   3.1585416e+02   3.3825259e+02
   3.3358155e+02   3.4198052e+02
   3.1561186e+02   3.3916391e+02
   2.9740340e+02   3.4017268e+02
   2.7925548e+02   3.3981725e+02
