   1.8658643e+02   2.3078252e+02
   1.8750235e+02   2.6358160e+02
   1.9331395e+02   2.9617757e+02
   2.0055573e+02   3.2808819e+02
   2.1094189e+02   3.5910251e+02
   2.2440650e+02   3.8915499e+02
   2.4625170e+02   4.1329194e+02
   2.7111287e+02   4.3465211e+02
   3.0252092e+02   4.4080596e+02
   3.3374514e+02   4.3241251e+02
   3.6039324e+02   4.1340898e+02
   3.8164093e+02   3.8905090e+02
   3.9422674e+02   3.5907034e+02
   4.0398470e+02   3.2818013e+02
   4.0953569e+02   2.9599908e+02
   4.1315253e+02   2.6353683e+02
   4.1452012e+02   2.3128542e+02
   2.0287696e+02   2.0562657e+02
   2.1158956e+02   1.8185919e+02
   2.3546359e+02   1.7212136e+02
   2.6080356e+02   1.7649910e+02
   2.8020557e+02   1.9342189e+02
   3.2334867e+02   1.9139410e+02
   3.4071274e+02   1.7752096e+02
   3.6222875e+02   1.7298654e+02
   3.8273108e+02   1.8105517e+02
   3.9620350e+02   1.9831269e+02
   2.9910316e+02   2.2290452e+02
   2.9892718e+02   2.4133130e+02
   2.9881294e+02   2.5961640e+02
   2.9879969e+02   2.7786830e+02
   2.7057584e+02   2.9659101e+02
   2.8351215e+02   3.0373450e+02
   2.9820483e+02   3.0491016e+02
   3.1251544e+02   3.0408593e+02
   3.2554147e+02   2.9838095e+02
   2.2689720e+02   2.2408540e+02
   2.4090781e+02   2.1485677e+02
   2.5781521e+02   2.1590841e+02
   2.6998194e+02   2.2706056e+02
   2.5572440e+02   2.3347895e+02
   2.4011245e+02   2.3236639e+02
   3.2643756e+02   2.2795655e+02
   3.4042603e+02   2.1708560e+02
   3.5834955e+02   2.1673371e+02
   3.7225642e+02   2.2741150e+02
   3.5751283e+02   2.3403096e+02
   3.4140619e+02   2.3402326e+02
   2.5839057e+02   3.5067479e+02
   2.6681413e+02   3.3451747e+02
   2.7887381e+02   3.2134309e+02
   2.9612155e+02   3.2154978e+02
   3.1482150e+02   3.2040126e+02
   3.2895779e+02   3.3367402e+02
   3.3831904e+02   3.5068440e+02
   3.3105377e+02   3.7103074e+02
   3.1775793e+02   3.8781771e+02
   2.9747401e+02   3.9198297e+02
   2.7642866e+02   3.8910461e+02
   2.6405250e+02   3.7168711e+02
   2.6314242e+02   3.5097332e+02
   2.7661831e+02   3.3457995e+02
   2.9671549e+02   3.2897870e+02
   3.1950799e+02   3.3396776e+02
   3.3490237e+02   3.5095350e+02
   3.1914701e+02   3.6782719e+02
   2.9757622e+02   3.7456964e+02
   2.7603671e+02   3.6882836e+02
