   1.8997723e+02   2.0386711e+02
   1.9067762e+02   2.3464724e+02
   1.9332852e+02   2.6479370e+02
   2.0174639e+02   2.9425517e+02
   2.1577191e+02   3.2126623e+02
   2.3675473e+02   3.4316806e+02
   2.6349686e+02   3.5809560e+02
   2.9195752e+02   3.6842841e+02
   3.2217905e+02   3.7008637e+02
   3.4955325e+02   3.6069005e+02
   3.7424052e+02   3.4613524e+02
   3.9413518e+02   3.2516414e+02
   4.0999499e+02   3.0104247e+02
   4.1868773e+02   2.7363152e+02
   4.2263783e+02   2.4516976e+02
   4.2322421e+02   2.1625242e+02
   4.2197740e+02   1.8762057e+02
   2.1057262e+02   1.6704612e+02
   2.2292471e+02   1.5531733e+02
   2.3976141e+02   1.5222437e+02
   2.5718575e+02   1.5242471e+02
   2.7435690e+02   1.5254720e+02
   3.2659969e+02   1.5012940e+02
   3.4405183e+02   1.4609333e+02
   3.6172432e+02   1.4523656e+02
   3.7941740e+02   1.4665105e+02
   3.9340887e+02   1.5686622e+02
   3.0579489e+02   1.7920250e+02
   3.0710386e+02   1.9858852e+02
   3.0749028e+02   2.1815462e+02
   3.0791678e+02   2.3741196e+02
   2.8659876e+02   2.5098235e+02
   2.9751132e+02   2.5417303e+02
   3.0881890e+02   2.5447230e+02
   3.1948847e+02   2.5410102e+02
   3.2970724e+02   2.5144251e+02
   2.3481450e+02   1.9070444e+02
   2.4640874e+02   1.7682605e+02
   2.6474913e+02   1.7671534e+02
   2.7799701e+02   1.8898908e+02
   2.6391593e+02   1.9388382e+02
   2.4913775e+02   1.9439762e+02
   3.3016858e+02   1.8427324e+02
   3.4286015e+02   1.7193263e+02
   3.6049262e+02   1.7063909e+02
   3.7305355e+02   1.8250201e+02
   3.5917553e+02   1.8817482e+02
   3.4439810e+02   1.8855476e+02
   2.6474452e+02   3.0043407e+02
   2.7768627e+02   2.8742955e+02
   2.9352830e+02   2.7862881e+02
   3.1086447e+02   2.8204952e+02
   3.2633986e+02   2.7696179e+02
   3.4197243e+02   2.8339437e+02
   3.5694554e+02   2.9092939e+02
   3.4578583e+02   3.0369832e+02
   3.3206133e+02   3.1363805e+02
   3.1572097e+02   3.1553762e+02
   2.9733350e+02   3.1601767e+02
   2.7970133e+02   3.1090486e+02
   2.8273812e+02   2.9775782e+02
   2.9769891e+02   2.9556992e+02
   3.1258384e+02   2.9518541e+02
   3.2408904e+02   2.9355074e+02
   3.3571370e+02   2.9268051e+02
   3.2431709e+02   2.9460403e+02
   3.1289174e+02   2.9628489e+02
   2.9756590e+02   2.9692466e+02
