   1.8395273e+02   2.0976709e+02
   1.8570390e+02   2.3880518e+02
   1.9032236e+02   2.6741456e+02
   1.9626762e+02   2.9595279e+02
   2.0762522e+02   3.2244073e+02
   2.2421375e+02   3.4628818e+02
   2.4606490e+02   3.6484249e+02
   2.7381752e+02   3.7294407e+02
   3.0257731e+02   3.7548641e+02
   3.3047138e+02   3.7107001e+02
   3.5590551e+02   3.5962361e+02
   3.7751324e+02   3.4159025e+02
   3.9190331e+02   3.1775090e+02
   3.9887712e+02   2.9038407e+02
   4.0326101e+02   2.6259025e+02
   4.0700245e+02   2.3477819e+02
   4.1006820e+02   2.0695044e+02
   2.1244219e+02   1.7343950e+02
   2.2504852e+02   1.6403338e+02
   2.3989661e+02   1.5853072e+02
   2.5403803e+02   1.5134784e+02
   2.6921518e+02   1.4761758e+02
   3.3329833e+02   1.3968021e+02
   3.4885537e+02   1.4288436e+02
   3.6404148e+02   1.4770746e+02
   3.7898597e+02   1.5309999e+02
   3.8947410e+02   1.6448541e+02
   3.0260831e+02   1.6754406e+02
   3.0261845e+02   1.8725901e+02
   3.0310289e+02   2.0704956e+02
   3.0334029e+02   2.2657029e+02
   2.7488077e+02   2.4870584e+02
   2.8938052e+02   2.4975551e+02
   3.0383176e+02   2.5094403e+02
   3.1566148e+02   2.4990160e+02
   3.2740372e+02   2.4831032e+02
   2.3363407e+02   1.8772609e+02
   2.4680639e+02   1.7660735e+02
   2.6383868e+02   1.7610899e+02
   2.7536759e+02   1.8829355e+02
   2.6153774e+02   1.9286967e+02
   2.4711052e+02   1.9269903e+02
   3.2632065e+02   1.8458379e+02
   3.3645144e+02   1.7050897e+02
   3.5415188e+02   1.6923373e+02
   3.6792373e+02   1.7990794e+02
   3.5521918e+02   1.8740345e+02
   3.4062403e+02   1.8810610e+02
   2.5631464e+02   2.9405410e+02
   2.6779982e+02   2.7952881e+02
   2.8489958e+02   2.7231252e+02
   3.0315732e+02   2.7382491e+02
   3.2135430e+02   2.7271887e+02
   3.3714995e+02   2.8234674e+02
   3.4933753e+02   2.9625556e+02
   3.3736797e+02   3.0782625e+02
   3.2152111e+02   3.1332533e+02
   3.0485013e+02   3.1414027e+02
   2.8655995e+02   3.1179767e+02
   2.6881025e+02   3.0698615e+02
   2.6199765e+02   2.9411688e+02
   2.8103746e+02   2.8291732e+02
   3.0273754e+02   2.8090445e+02
   3.2520798e+02   2.8418346e+02
   3.4405294e+02   2.9629176e+02
   3.2444156e+02   3.0163177e+02
   3.0417125e+02   3.0218656e+02
   2.8238773e+02   3.0090592e+02
