   1.8028328e+02   2.0387786e+02
   1.8173525e+02   2.3272236e+02
   1.8668742e+02   2.6101623e+02
   1.9294234e+02   2.8928946e+02
   2.0419689e+02   3.1553034e+02
   2.2068640e+02   3.3919405e+02
   2.4238225e+02   3.5753355e+02
   2.7016386e+02   3.6483946e+02
   2.9872993e+02   3.6720520e+02
   3.2652230e+02   3.6270288e+02
   3.5204791e+02   3.5175351e+02
   3.7403806e+02   3.3423815e+02
   3.8796583e+02   3.1036967e+02
   3.9449336e+02   2.8293725e+02
   3.9894486e+02   2.5533620e+02
   4.0252870e+02   2.2765960e+02
   4.0544012e+02   1.9992013e+02
   2.0897188e+02   1.6681763e+02
   2.2134384e+02   1.5744829e+02
   2.3602946e+02   1.5194588e+02
   2.4976270e+02   1.4422972e+02
   2.6471425e+02   1.4042087e+02
   3.2809972e+02   1.3235475e+02
   3.4360652e+02   1.3591605e+02
   3.5872141e+02   1.4086367e+02
   3.7371798e+02   1.4612345e+02
   3.8425592e+02   1.5745645e+02
   2.9789959e+02   1.5999152e+02
   2.9788782e+02   1.7959670e+02
   2.9847938e+02   1.9929738e+02
   2.9874425e+02   2.1870535e+02
   2.7065759e+02   2.4126252e+02
   2.8514837e+02   2.4219282e+02
   2.9959152e+02   2.4339413e+02
   3.1132449e+02   2.4240306e+02
   3.2298979e+02   2.4084522e+02
   2.2938304e+02   1.8127981e+02
   2.4239280e+02   1.6977383e+02
   2.5949017e+02   1.6904246e+02
   2.7108944e+02   1.8127350e+02
   2.5742921e+02   1.8623224e+02
   2.4305132e+02   1.8586960e+02
   3.2172058e+02   1.7745228e+02
   3.3162413e+02   1.6314329e+02
   3.4938591e+02   1.6178861e+02
   3.6298590e+02   1.7277737e+02
   3.5037294e+02   1.8028411e+02
   3.3588892e+02   1.8117918e+02
   2.5078149e+02   2.8692553e+02
   2.6244696e+02   2.7215762e+02
   2.8014384e+02   2.6516244e+02
   2.9884522e+02   2.6646843e+02
   3.1743009e+02   2.6542540e+02
   3.3363045e+02   2.7520944e+02
   3.4641402e+02   2.8907983e+02
   3.3353053e+02   2.9969700e+02
   3.1752697e+02   3.0472857e+02
   3.0094994e+02   3.0572455e+02
   2.8247601e+02   3.0316292e+02
   2.6423807e+02   2.9906169e+02
   2.5581264e+02   2.8668272e+02
   2.7602295e+02   2.7571744e+02
   2.9856933e+02   2.7347666e+02
   3.2159167e+02   2.7714829e+02
   3.4127577e+02   2.8894759e+02
   3.2096382e+02   2.9346327e+02
   3.0024343e+02   2.9395654e+02
   2.7738238e+02   2.9296222e+02
