   1.8656893e+02   2.1235081e+02
   1.9025468e+02   2.4173184e+02
   1.9424556e+02   2.7107521e+02
   1.9965906e+02   3.0010508e+02
   2.1207460e+02   3.2694439e+02
   2.2954330e+02   3.5068702e+02
   2.5229957e+02   3.6923290e+02
   2.7954061e+02   3.8033479e+02
   3.0872385e+02   3.8284821e+02
   3.3642273e+02   3.7812315e+02
   3.6043939e+02   3.6356491e+02
   3.7929918e+02   3.4278025e+02
   3.9489230e+02   3.1915152e+02
   4.0273180e+02   2.9228359e+02
   4.0604892e+02   2.6404772e+02
   4.0963322e+02   2.3603533e+02
   4.1253809e+02   2.0821003e+02
   2.1171580e+02   1.7962631e+02
   2.2471837e+02   1.6926746e+02
   2.4010260e+02   1.6322714e+02
   2.5607356e+02   1.5860238e+02
   2.7226997e+02   1.5548128e+02
   3.3736458e+02   1.4713061e+02
   3.5309471e+02   1.4755092e+02
   3.6865634e+02   1.5063733e+02
   3.8346362e+02   1.5589299e+02
   3.9400833e+02   1.6706782e+02
   3.0662802e+02   1.7571339e+02
   3.0737642e+02   1.9555102e+02
   3.0793502e+02   2.1535186e+02
   3.0864887e+02   2.3500959e+02
   2.7960336e+02   2.5543124e+02
   2.9386784e+02   2.5660573e+02
   3.0807931e+02   2.5724636e+02
   3.2010521e+02   2.5558840e+02
   3.3192833e+02   2.5348823e+02
   2.3726292e+02   1.9220981e+02
   2.5055874e+02   1.8263582e+02
   2.6695440e+02   1.8286778e+02
   2.7851941e+02   1.9409452e+02
   2.6429047e+02   1.9769315e+02
   2.4975744e+02   1.9880037e+02
   3.2979560e+02   1.8967071e+02
   3.4028515e+02   1.7655353e+02
   3.5731603e+02   1.7507113e+02
   3.7186492e+02   1.8375265e+02
   3.5936580e+02   1.9163411e+02
   3.4453015e+02   1.9182716e+02
   2.6811979e+02   2.9848197e+02
   2.7873636e+02   2.8578035e+02
   2.9247178e+02   2.7714111e+02
   3.0831421e+02   2.7898696e+02
   3.2418341e+02   2.7702630e+02
   3.3806758e+02   2.8514882e+02
   3.4820062e+02   2.9784499e+02
   3.4017692e+02   3.1237062e+02
   3.2564714e+02   3.2001504e+02
   3.0917235e+02   3.2035612e+02
   2.9233574e+02   3.1988804e+02
   2.7718992e+02   3.1273389e+02
   2.7721598e+02   2.9942107e+02
   2.9045124e+02   2.8802333e+02
   3.0755906e+02   2.8660858e+02
   3.2658366e+02   2.8723675e+02
   3.4160211e+02   2.9861997e+02
   3.2582696e+02   3.0652552e+02
   3.0834288e+02   3.0764403e+02
   2.9203592e+02   3.0609295e+02
