   1.8706425e+02   2.1354695e+02
   1.8947986e+02   2.4318008e+02
   1.9426252e+02   2.7222620e+02
   2.0051362e+02   3.0110572e+02
   2.1293912e+02   3.2810771e+02
   2.3052034e+02   3.5180676e+02
   2.5345605e+02   3.7030686e+02
   2.8036866e+02   3.8213141e+02
   3.0952617e+02   3.8478413e+02
   3.3724617e+02   3.8013910e+02
   3.6080129e+02   3.6471757e+02
   3.7990058e+02   3.4387430e+02
   3.9544568e+02   3.2038528e+02
   4.0202817e+02   2.9297119e+02
   4.0602120e+02   2.6492370e+02
   4.0957349e+02   2.3693315e+02
   4.1243416e+02   2.0896114e+02
   2.0917200e+02   1.8167808e+02
   2.2141057e+02   1.6902253e+02
   2.3765754e+02   1.6218163e+02
   2.5504287e+02   1.5873139e+02
   2.7264408e+02   1.5802405e+02
   3.3458412e+02   1.5256507e+02
   3.5094126e+02   1.5080482e+02
   3.6728255e+02   1.5154777e+02
   3.8305532e+02   1.5592118e+02
   3.9425519e+02   1.6738866e+02
   3.0716162e+02   1.7825440e+02
   3.0809723e+02   1.9806916e+02
   3.0868442e+02   2.1782305e+02
   3.0952299e+02   2.3746281e+02
   2.8041510e+02   2.5744497e+02
   2.9458945e+02   2.5863847e+02
   3.0870694e+02   2.5913880e+02
   3.2074667e+02   2.5732974e+02
   3.3255674e+02   2.5510558e+02
   2.3722539e+02   1.9454020e+02
   2.5022831e+02   1.8445012e+02
   2.6671162e+02   1.8511040e+02
   2.7923492e+02   1.9572665e+02
   2.6506383e+02   2.0139480e+02
   2.4989665e+02   2.0222991e+02
   3.3017029e+02   1.9207639e+02
   3.4020261e+02   1.7843140e+02
   3.5728100e+02   1.7659036e+02
   3.7154933e+02   1.8580609e+02
   3.5971278e+02   1.9451418e+02
   3.4481259e+02   1.9466026e+02
   2.6549569e+02   2.9897970e+02
   2.7865585e+02   2.8904823e+02
   2.9258475e+02   2.8029994e+02
   3.0848841e+02   2.8176189e+02
   3.2405361e+02   2.7959895e+02
   3.3816230e+02   2.8726982e+02
   3.5072606e+02   2.9689128e+02
   3.3860813e+02   3.0480291e+02
   3.2435635e+02   3.1071868e+02
   3.0903276e+02   3.1070286e+02
   2.9327080e+02   3.1120470e+02
   2.7846751e+02   3.0579614e+02
   2.7616791e+02   2.9837312e+02
   2.9140908e+02   2.9175525e+02
   3.0825743e+02   2.9066307e+02
   3.2553152e+02   2.9104021e+02
   3.4125857e+02   2.9679394e+02
   3.2510154e+02   2.9755105e+02
   3.0845024e+02   2.9747679e+02
   2.9193511e+02   2.9775394e+02
