   1.8702459e+02   2.1310982e+02
   1.8899309e+02   2.4283876e+02
   1.9394790e+02   2.7183278e+02
   2.0037999e+02   3.0070949e+02
   2.1272501e+02   3.2779906e+02
   2.3027350e+02   3.5156400e+02
   2.5320903e+02   3.7012606e+02
   2.8008934e+02   3.8203793e+02
   3.0926154e+02   3.8478282e+02
   3.3704960e+02   3.8021521e+02
   3.6063555e+02   3.6476389e+02
   3.8000029e+02   3.4404439e+02
   3.9554137e+02   3.2056932e+02
   4.0184436e+02   2.9297020e+02
   4.0610834e+02   2.6495069e+02
   4.0971801e+02   2.3693676e+02
   4.1263206e+02   2.0889023e+02
   2.0867520e+02   1.8124841e+02
   2.2075713e+02   1.6810189e+02
   2.3721942e+02   1.6111839e+02
   2.5487849e+02   1.5784388e+02
   2.7278885e+02   1.5770645e+02
   3.3404469e+02   1.5305524e+02
   3.5057233e+02   1.5094818e+02
   3.6710451e+02   1.5125742e+02
   3.8312908e+02   1.5546546e+02
   3.9447773e+02   1.6705138e+02
   3.0731371e+02   1.7801735e+02
   3.0822153e+02   1.9785466e+02
   3.0877656e+02   2.1762983e+02
   3.0958590e+02   2.3729191e+02
   2.8041076e+02   2.5723509e+02
   2.9459618e+02   2.5845445e+02
   3.0872575e+02   2.5897570e+02
   3.2078200e+02   2.5718121e+02
   3.3260835e+02   2.5497149e+02
   2.3712322e+02   1.9433686e+02
   2.5008900e+02   1.8405518e+02
   2.6664973e+02   1.8481039e+02
   2.7939844e+02   1.9537079e+02
   2.6522886e+02   2.0155869e+02
   2.4989065e+02   2.0223903e+02
   3.3032638e+02   1.9202625e+02
   3.4027318e+02   1.7820547e+02
   3.5742736e+02   1.7631806e+02
   3.7159817e+02   1.8580137e+02
   3.5987229e+02   1.9467732e+02
   3.4494515e+02   1.9481076e+02
   2.6422735e+02   2.9857325e+02
   2.7806876e+02   2.8921015e+02
   2.9225182e+02   2.8051648e+02
   3.0831391e+02   2.8190076e+02
   3.2395408e+02   2.7975632e+02
   3.3822151e+02   2.8743304e+02
   3.5146465e+02   2.9642747e+02
   3.3814670e+02   3.0262581e+02
   3.2385871e+02   3.0801080e+02
   3.0877231e+02   3.0790671e+02
   2.9316295e+02   3.0851592e+02
   2.7829756e+02   3.0360272e+02
   2.7511686e+02   2.9757937e+02
   2.9115970e+02   2.9211051e+02
   3.0820638e+02   2.9108982e+02
   3.2527020e+02   2.9157074e+02
   3.4137140e+02   2.9606920e+02
   3.2490159e+02   2.9498736e+02
   3.0827934e+02   2.9457517e+02
   2.9141319e+02   2.9527126e+02
