   1.9223888e+02   2.1796245e+02
   1.9726413e+02   2.4517526e+02
   2.0372668e+02   2.7180106e+02
   2.1433194e+02   2.9706105e+02
   2.3091018e+02   3.1876037e+02
   2.4900922e+02   3.3912416e+02
   2.7178136e+02   3.5479079e+02
   2.9480504e+02   3.6964667e+02
   3.2108375e+02   3.7429974e+02
   3.4880285e+02   3.6838095e+02
   3.7203861e+02   3.5185031e+02
   3.9431656e+02   3.3401811e+02
   4.1380674e+02   3.1302804e+02
   4.2703954e+02   2.8780987e+02
   4.3261853e+02   2.6014706e+02
   4.3475350e+02   2.3159028e+02
   4.3546293e+02   2.0315938e+02
   2.0928879e+02   1.8238653e+02
   2.2443352e+02   1.6174095e+02
   2.5030083e+02   1.5633887e+02
   2.7663556e+02   1.5351541e+02
   3.0156050e+02   1.6128523e+02
   3.1711584e+02   1.5831812e+02
   3.4262201e+02   1.4830300e+02
   3.6989235e+02   1.4656594e+02
   3.9687188e+02   1.5097272e+02
   4.1308900e+02   1.7165963e+02
   3.0894352e+02   1.7813249e+02
   3.0898147e+02   1.9783104e+02
   3.0870630e+02   2.1762505e+02
   3.0893878e+02   2.3719293e+02
   2.8242850e+02   2.5580427e+02
   2.9643128e+02   2.6210973e+02
   3.1172678e+02   2.6231557e+02
   3.2650230e+02   2.6103833e+02
   3.3963236e+02   2.5417980e+02
   2.4057135e+02   1.9556453e+02
   2.5307723e+02   1.8634548e+02
   2.6844415e+02   1.8648758e+02
   2.8126911e+02   1.9510504e+02
   2.6768760e+02   1.9934705e+02
   2.5371906e+02   2.0036534e+02
   3.4080165e+02   1.8999396e+02
   3.5338033e+02   1.7993636e+02
   3.6950368e+02   1.7849275e+02
   3.8359066e+02   1.8604332e+02
   3.7021314e+02   1.9234334e+02
   3.5530884e+02   1.9296789e+02
   2.7149202e+02   3.0044967e+02
   2.8508294e+02   2.9244652e+02
   2.9845149e+02   2.8449125e+02
   3.1335174e+02   2.8650196e+02
   3.2974749e+02   2.8291416e+02
   3.4588481e+02   2.8879592e+02
   3.6195155e+02   2.9464605e+02
   3.4741157e+02   3.0247119e+02
   3.3249313e+02   3.0896349e+02
   3.1642508e+02   3.1182436e+02
   3.0094385e+02   3.1002199e+02
   2.8617048e+02   3.0528163e+02
   2.8079985e+02   2.9836186e+02
   2.9753958e+02   2.9487099e+02
   3.1428074e+02   2.9579872e+02
   3.3480028e+02   2.9349391e+02
   3.5520793e+02   2.9441492e+02
   3.3466825e+02   2.9387052e+02
   3.1451357e+02   2.9603938e+02
   2.9737373e+02   2.9535058e+02
