   1.9207543e+02   2.1848969e+02
   1.9709848e+02   2.4572728e+02
   2.0362380e+02   2.7237380e+02
   2.1422541e+02   2.9767404e+02
   2.3073216e+02   3.1945346e+02
   2.4898768e+02   3.3972420e+02
   2.7187083e+02   3.5525667e+02
   2.9492981e+02   3.7011529e+02
   3.2123224e+02   3.7481132e+02
   3.4892768e+02   3.6882260e+02
   3.7211351e+02   3.5219022e+02
   3.9443661e+02   3.3440997e+02
   4.1384286e+02   3.1333490e+02
   4.2699040e+02   2.8805878e+02
   4.3257050e+02   2.6036147e+02
   4.3466409e+02   2.3179100e+02
   4.3532314e+02   2.0334687e+02
   2.0911021e+02   1.8286409e+02
   2.2430872e+02   1.6226098e+02
   2.5017448e+02   1.5684029e+02
   2.7651101e+02   1.5399807e+02
   3.0140236e+02   1.6183319e+02
   3.1678936e+02   1.5884882e+02
   3.4224698e+02   1.4870947e+02
   3.6952199e+02   1.4689738e+02
   3.9651657e+02   1.5121638e+02
   4.1292518e+02   1.7174967e+02
   3.0874584e+02   1.7861390e+02
   3.0881986e+02   1.9830848e+02
   3.0857557e+02   2.1808626e+02
   3.0883839e+02   2.3764463e+02
   2.8225829e+02   2.5625178e+02
   2.9631396e+02   2.6254601e+02
   3.1163906e+02   2.6282329e+02
   3.2648199e+02   2.6142804e+02
   3.3965345e+02   2.5447873e+02
   2.4037387e+02   1.9609881e+02
   2.5288367e+02   1.8688112e+02
   2.6825396e+02   1.8699374e+02
   2.8110154e+02   1.9557735e+02
   2.6751723e+02   1.9978144e+02
   2.5355165e+02   2.0078218e+02
   3.4063090e+02   1.9037360e+02
   3.5318592e+02   1.8031094e+02
   3.6929701e+02   1.7888509e+02
   3.8341729e+02   1.8635947e+02
   3.7002973e+02   1.9259375e+02
   3.5514233e+02   1.9323519e+02
   2.7113155e+02   3.0067634e+02
   2.8479019e+02   2.9265691e+02
   2.9829461e+02   2.8483141e+02
   3.1329008e+02   2.8678626e+02
   3.2982446e+02   2.8324461e+02
   3.4612272e+02   2.8895641e+02
   3.6232592e+02   2.9473852e+02
   3.4778926e+02   3.0300477e+02
   3.3267325e+02   3.0973254e+02
   3.1633825e+02   3.1262820e+02
   3.0067479e+02   3.1080365e+02
   2.8579526e+02   3.0586986e+02
   2.8039496e+02   2.9873156e+02
   2.9729053e+02   2.9511703e+02
   3.1422506e+02   2.9595853e+02
   3.3497563e+02   2.9366180e+02
   3.5562102e+02   2.9459272e+02
   3.3490308e+02   2.9457732e+02
   3.1448063e+02   2.9687441e+02
   2.9713499e+02   2.9614163e+02
