   2.5643798e+02   2.2742546e+02
   2.5951536e+02   2.5017770e+02
   2.6395849e+02   2.7255182e+02
   2.6895719e+02   2.9480849e+02
   2.7643126e+02   3.1638922e+02
   2.8852888e+02   3.3566820e+02
   3.0592155e+02   3.5027921e+02
   3.2627497e+02   3.6061927e+02
   3.4849529e+02   3.6505449e+02
   3.7140403e+02   3.6142634e+02
   3.9150462e+02   3.4961870e+02
   4.0989642e+02   3.3520442e+02
   4.2506678e+02   3.1753777e+02
   4.3186417e+02   2.9533485e+02
   4.3550378e+02   2.7226133e+02
   4.3871095e+02   2.4902622e+02
   4.4131999e+02   2.2602166e+02
   2.7074598e+02   1.9914904e+02
   2.8378399e+02   1.8957258e+02
   2.9991935e+02   1.8706438e+02
   3.1616544e+02   1.8889210e+02
   3.3094762e+02   1.9561089e+02
   3.5450202e+02   1.9515098e+02
   3.7139807e+02   1.8892379e+02
   3.8932943e+02   1.8763567e+02
   4.0722558e+02   1.8925998e+02
   4.2008303e+02   2.0096660e+02
   3.4399373e+02   2.1463194e+02
   3.4394558e+02   2.2557335e+02
   3.4431467e+02   2.3649436e+02
   3.4433896e+02   2.4737207e+02
   3.2423685e+02   2.6953910e+02
   3.3381336e+02   2.7105692e+02
   3.4338100e+02   2.7158991e+02
   3.5263951e+02   2.7090824e+02
   3.6163330e+02   2.6934202e+02
   2.8619119e+02   2.1726277e+02
   2.9687308e+02   2.1189320e+02
   3.0875711e+02   2.1182066e+02
   3.1949683e+02   2.1687119e+02
   3.0834333e+02   2.1799970e+02
   2.9720273e+02   2.1825894e+02
   3.6869256e+02   2.1615928e+02
   3.7923323e+02   2.1151587e+02
   3.9067015e+02   2.1168557e+02
   4.0112065e+02   2.1623491e+02
   3.9022290e+02   2.1675992e+02
   3.7941025e+02   2.1680074e+02
   3.0132375e+02   2.9831867e+02
   3.1397638e+02   2.8971805e+02
   3.2866544e+02   2.8580947e+02
   3.4368076e+02   2.8795027e+02
   3.5872616e+02   2.8601117e+02
   3.7345662e+02   2.8956044e+02
   3.8660084e+02   2.9672650e+02
   3.7436190e+02   3.0631898e+02
   3.5947534e+02   3.1114741e+02
   3.4402976e+02   3.1296915e+02
   3.2850964e+02   3.1184620e+02
   3.1350988e+02   3.0742348e+02
   3.1602004e+02   2.9811420e+02
   3.2986129e+02   2.9482977e+02
   3.4382763e+02   2.9493272e+02
   3.5842547e+02   2.9449271e+02
   3.7275006e+02   2.9638372e+02
   3.5834766e+02   2.9927055e+02
   3.4407986e+02   3.0147361e+02
   3.3006985e+02   3.0039181e+02
