   2.5562132e+02   2.3524729e+02
   2.5783829e+02   2.7079358e+02
   2.6455701e+02   3.0536926e+02
   2.7438013e+02   3.3932645e+02
   2.8758229e+02   3.7197415e+02
   3.0725899e+02   4.0129016e+02
   3.3381614e+02   4.2412254e+02
   3.6470691e+02   4.4054373e+02
   3.9907430e+02   4.4393564e+02
   4.3210845e+02   4.3480535e+02
   4.5922119e+02   4.1449466e+02
   4.8114026e+02   3.8758745e+02
   4.9734068e+02   3.5705901e+02
   5.0890886e+02   3.2429557e+02
   5.1617894e+02   2.9035698e+02
   5.2042123e+02   2.5590691e+02
   5.2023117e+02   2.2139639e+02
   2.7417386e+02   2.0278892e+02
   2.9433320e+02   1.8531092e+02
   3.2077990e+02   1.7979010e+02
   3.4750192e+02   1.8406168e+02
   3.7303260e+02   1.9324656e+02
   4.1230758e+02   1.9226057e+02
   4.3428576e+02   1.8311548e+02
   4.5667100e+02   1.7563192e+02
   4.8026802e+02   1.7423382e+02
   5.0141828e+02   1.8354617e+02
   3.9560590e+02   2.2095606e+02
   3.9665811e+02   2.3854803e+02
   3.9837031e+02   2.5593294e+02
   3.9941256e+02   2.7328405e+02
   3.6710453e+02   3.0313907e+02
   3.8238383e+02   3.0583168e+02
   3.9776153e+02   3.0615853e+02
   4.1086192e+02   3.0490558e+02
   4.2373960e+02   3.0269939e+02
   3.0727007e+02   2.2661956e+02
   3.2282937e+02   2.1345828e+02
   3.4341638e+02   2.1319053e+02
   3.5915634e+02   2.2596040e+02
   3.4196083e+02   2.3088827e+02
   3.2421638e+02   2.3132086e+02
   4.2278563e+02   2.2110346e+02
   4.3803271e+02   2.0640088e+02
   4.5931044e+02   2.0574673e+02
   4.7753079e+02   2.1648202e+02
   4.6030183e+02   2.2459877e+02
   4.4125841e+02   2.2577757e+02
   3.4559638e+02   3.5786571e+02
   3.5848281e+02   3.4258050e+02
   3.7623375e+02   3.3326965e+02
   3.9655097e+02   3.3057857e+02
   4.1576017e+02   3.3214290e+02
   4.3198593e+02   3.4179487e+02
   4.4345810e+02   3.5526972e+02
   4.3122235e+02   3.6828939e+02
   4.1670012e+02   3.7791060e+02
   3.9813730e+02   3.8099479e+02
   3.7655157e+02   3.7931391e+02
   3.5831535e+02   3.7219551e+02
   3.5920317e+02   3.5438718e+02
   3.7498067e+02   3.4140662e+02
   3.9676777e+02   3.3807388e+02
   4.1603879e+02   3.4100597e+02
   4.2873874e+02   3.5330120e+02
   4.1551707e+02   3.6242730e+02
   3.9797747e+02   3.6779251e+02
   3.7583861e+02   3.6473401e+02
