   2.5722100e+02   2.3584577e+02
   2.6065151e+02   2.7088567e+02
   2.6716515e+02   3.0529961e+02
   2.7604949e+02   3.3977118e+02
   2.8995150e+02   3.7166143e+02
   3.1008680e+02   4.0060342e+02
   3.3222743e+02   4.2863432e+02
   3.6310276e+02   4.4423871e+02
   3.9802856e+02   4.4849772e+02
   4.3091290e+02   4.4227669e+02
   4.5534593e+02   4.1830770e+02
   4.7626985e+02   3.9172233e+02
   4.9251569e+02   3.6215898e+02
   5.0437502e+02   3.3036531e+02
   5.1143336e+02   2.9749094e+02
   5.1613457e+02   2.6381063e+02
   5.1799756e+02   2.3002340e+02
   2.7567891e+02   2.0903992e+02
   2.9782832e+02   1.9381489e+02
   3.2389812e+02   1.8932339e+02
   3.5070612e+02   1.9121089e+02
   3.7686433e+02   1.9618620e+02
   4.1144543e+02   1.9530699e+02
   4.3193539e+02   1.8553806e+02
   4.5438560e+02   1.8166174e+02
   4.7668981e+02   1.8136321e+02
   4.9835740e+02   1.8770203e+02
   3.9316375e+02   2.2405273e+02
   3.9369867e+02   2.4197460e+02
   3.9458325e+02   2.5980423e+02
   3.9578706e+02   2.7732126e+02
   3.6743348e+02   3.0302886e+02
   3.8298840e+02   3.0629505e+02
   3.9880554e+02   3.0746114e+02
   4.1126861e+02   3.0543672e+02
   4.2293792e+02   3.0103737e+02
   3.0642985e+02   2.3077466e+02
   3.2139000e+02   2.1832004e+02
   3.4060487e+02   2.1760957e+02
   3.5888063e+02   2.2533289e+02
   3.4261207e+02   2.3471846e+02
   3.2435297e+02   2.3588699e+02
   4.2335733e+02   2.2315538e+02
   4.3614254e+02   2.1224719e+02
   4.5285015e+02   2.0998202e+02
   4.6672850e+02   2.1896764e+02
   4.5356246e+02   2.2720968e+02
   4.3821588e+02   2.2696137e+02
   3.4694228e+02   3.6331050e+02
   3.6015993e+02   3.4588208e+02
   3.7836520e+02   3.3367881e+02
   3.9979750e+02   3.3279780e+02
   4.1575078e+02   3.3466331e+02
   4.2942854e+02   3.4336527e+02
   4.3996359e+02   3.5610187e+02
   4.3224741e+02   3.7764909e+02
   4.1953174e+02   3.9620615e+02
   3.9991942e+02   4.0280016e+02
   3.7832054e+02   3.9908309e+02
   3.6173466e+02   3.8130672e+02
   3.5816384e+02   3.6173390e+02
   3.7649711e+02   3.4466729e+02
   4.0078575e+02   3.4330180e+02
   4.1860505e+02   3.4555129e+02
   4.3265947e+02   3.5733861e+02
   4.1579614e+02   3.6709862e+02
   3.9757627e+02   3.7072880e+02
   3.7788201e+02   3.6769832e+02
