   2.5527331e+02   2.3697344e+02
   2.5857419e+02   2.7175627e+02
   2.6540138e+02   3.0571217e+02
   2.7491835e+02   3.3944011e+02
   2.8880331e+02   3.7101699e+02
   3.0858042e+02   3.9967471e+02
   3.3264493e+02   4.2477059e+02
   3.6403724e+02   4.3886046e+02
   3.9848042e+02   4.4179110e+02
   4.3136021e+02   4.3556535e+02
   4.5760974e+02   4.1460226e+02
   4.7940443e+02   3.8883131e+02
   4.9578832e+02   3.5946376e+02
   5.0716105e+02   3.2759435e+02
   5.1382812e+02   2.9458940e+02
   5.1824101e+02   2.6106673e+02
   5.1923461e+02   2.2739274e+02
   2.7366196e+02   2.0901421e+02
   2.9540364e+02   1.9336014e+02
   3.2167010e+02   1.8854846e+02
   3.4847332e+02   1.9097948e+02
   3.7452460e+02   1.9711236e+02
   4.1106399e+02   1.9652769e+02
   4.3262494e+02   1.8700599e+02
   4.5552782e+02   1.8187429e+02
   4.7879381e+02   1.8167990e+02
   5.0056323e+02   1.8960887e+02
   3.9342956e+02   2.2435944e+02
   3.9430009e+02   2.4224040e+02
   3.9561031e+02   2.5994406e+02
   3.9680330e+02   2.7748363e+02
   3.6627378e+02   3.0383152e+02
   3.8212890e+02   3.0699600e+02
   3.9818728e+02   3.0792149e+02
   4.1090557e+02   3.0597889e+02
   4.2307751e+02   3.0241952e+02
   3.0609050e+02   2.3057598e+02
   3.2107212e+02   2.1773893e+02
   3.4081813e+02   2.1728792e+02
   3.5816042e+02   2.2681346e+02
   3.4164074e+02   2.3452167e+02
   3.2363185e+02   2.3531844e+02
   4.2249845e+02   2.2331927e+02
   4.3634647e+02   2.1086672e+02
   4.5496786e+02   2.0917040e+02
   4.7081602e+02   2.1862445e+02
   4.5591887e+02   2.2686508e+02
   4.3898417e+02   2.2727340e+02
   3.4485250e+02   3.5992583e+02
   3.5894907e+02   3.4450602e+02
   3.7732744e+02   3.3459009e+02
   3.9808012e+02   3.3314036e+02
   4.1506465e+02   3.3436050e+02
   4.3015805e+02   3.4223810e+02
   4.4267325e+02   3.5369454e+02
   4.3205670e+02   3.6993056e+02
   4.1777966e+02   3.8272456e+02
   3.9913062e+02   3.8689425e+02
   3.7827771e+02   3.8476992e+02
   3.6048809e+02   3.7396769e+02
   3.5886491e+02   3.5665006e+02
   3.7695527e+02   3.4407909e+02
   3.9891727e+02   3.4241816e+02
   4.1596476e+02   3.4423516e+02
   4.3017487e+02   3.5348859e+02
   4.1430967e+02   3.5978937e+02
   3.9742802e+02   3.6259486e+02
   3.7796262e+02   3.6071012e+02
