   2.5813275e+02   2.3539007e+02
   2.6142912e+02   2.7037788e+02
   2.6781342e+02   3.0476106e+02
   2.7654981e+02   3.3921174e+02
   2.9029515e+02   3.7110878e+02
   3.1033590e+02   4.0004727e+02
   3.3228497e+02   4.2818984e+02
   3.6290888e+02   4.4412959e+02
   3.9773641e+02   4.4862179e+02
   4.3050874e+02   4.4227345e+02
   4.5472732e+02   4.1812707e+02
   4.7551481e+02   3.9150516e+02
   4.9171376e+02   3.6198278e+02
   5.0364967e+02   3.3028418e+02
   5.1082364e+02   2.9750511e+02
   5.1558400e+02   2.6388511e+02
   5.1751522e+02   2.3016607e+02
   2.7657941e+02   2.0854119e+02
   2.9859928e+02   1.9333615e+02
   3.2455914e+02   1.8889370e+02
   3.5124940e+02   1.9088407e+02
   3.7726857e+02   1.9596143e+02
   4.1167051e+02   1.9507779e+02
   4.3199422e+02   1.8537908e+02
   4.5426715e+02   1.8153789e+02
   4.7638916e+02   1.8117818e+02
   4.9790228e+02   1.8743463e+02
   3.9340410e+02   2.2384707e+02
   3.9387992e+02   2.4168063e+02
   3.9470901e+02   2.5943096e+02
   3.9586953e+02   2.7686221e+02
   3.6772345e+02   3.0259319e+02
   3.8313221e+02   3.0584989e+02
   3.9880508e+02   3.0702315e+02
   4.1121719e+02   3.0506693e+02
   4.2283661e+02   3.0070040e+02
   3.0701455e+02   2.3041972e+02
   3.2197263e+02   2.1806353e+02
   3.4110668e+02   2.1736937e+02
   3.5929348e+02   2.2510727e+02
   3.4305685e+02   2.3443041e+02
   3.2485903e+02   2.3558246e+02
   4.2347555e+02   2.2310590e+02
   4.3619808e+02   2.1228742e+02
   4.5280150e+02   2.1006422e+02
   4.6654146e+02   2.1907024e+02
   4.5345682e+02   2.2724915e+02
   4.3821373e+02   2.2695362e+02
   3.4731883e+02   3.6300059e+02
   3.6032074e+02   3.4543269e+02
   3.7840783e+02   3.3307765e+02
   3.9980429e+02   3.3221567e+02
   4.1572394e+02   3.3420159e+02
   4.2924144e+02   3.4311553e+02
   4.3939868e+02   3.5611386e+02
   4.3190741e+02   3.7797029e+02
   4.1937905e+02   3.9689708e+02
   3.9972471e+02   4.0364460e+02
   3.7807939e+02   3.9974673e+02
   3.6170813e+02   3.8144214e+02
   3.5813165e+02   3.6163632e+02
   3.7628562e+02   3.4410029e+02
   4.0074427e+02   3.4269826e+02
   4.1873821e+02   3.4510062e+02
   4.3258662e+02   3.5738444e+02
   4.1584201e+02   3.6769383e+02
   3.9748175e+02   3.7155997e+02
   3.7765542e+02   3.6828721e+02
