   1.8652583e+02   1.9427354e+02
   1.8682098e+02   2.2556957e+02
   1.9135977e+02   2.5637675e+02
   1.9948483e+02   2.8656301e+02
   2.1145253e+02   3.1546087e+02
   2.3005214e+02   3.4021348e+02
   2.5619530e+02   3.5681225e+02
   2.8616924e+02   3.6486438e+02
   3.1719399e+02   3.6806914e+02
   3.4531629e+02   3.6210374e+02
   3.6891186e+02   3.4493934e+02
   3.9106361e+02   3.2589707e+02
   4.0632203e+02   3.0142448e+02
   4.1602939e+02   2.7373499e+02
   4.1999861e+02   2.4494703e+02
   4.1854696e+02   2.1586188e+02
   4.1825009e+02   1.8687327e+02
   2.0612706e+02   1.6770404e+02
   2.1944396e+02   1.5762329e+02
   2.3600074e+02   1.5529879e+02
   2.5285403e+02   1.5696943e+02
   2.6941006e+02   1.5965787e+02
   3.2122052e+02   1.5658810e+02
   3.3864563e+02   1.4933343e+02
   3.5683527e+02   1.4563597e+02
   3.7556041e+02   1.4635659e+02
   3.9119573e+02   1.5584194e+02
   3.0014061e+02   1.7809158e+02
   3.0198878e+02   1.9602806e+02
   3.0242340e+02   2.1390846e+02
   3.0238717e+02   2.3173493e+02
   2.7862806e+02   2.4524394e+02
   2.9053990e+02   2.4990941e+02
   3.0325795e+02   2.5046452e+02
   3.1497632e+02   2.4851159e+02
   3.2560800e+02   2.4348582e+02
   2.3138982e+02   1.8817640e+02
   2.4501727e+02   1.7847526e+02
   2.6169803e+02   1.7808437e+02
   2.7364026e+02   1.8904835e+02
   2.5956209e+02   1.9389488e+02
   2.4489049e+02   1.9391734e+02
   3.2547339e+02   1.8338692e+02
   3.3811287e+02   1.7047873e+02
   3.5634515e+02   1.6956588e+02
   3.6990174e+02   1.8120991e+02
   3.5569212e+02   1.8638108e+02
   3.4043774e+02   1.8601956e+02
   2.6107061e+02   2.9133969e+02
   2.7254133e+02   2.7874257e+02
   2.8797212e+02   2.7183425e+02
   3.0453277e+02   2.7377850e+02
   3.2105307e+02   2.6730279e+02
   3.3846939e+02   2.6908777e+02
   3.5106300e+02   2.8080369e+02
   3.3849388e+02   2.9325077e+02
   3.2388964e+02   3.0311651e+02
   3.0716275e+02   3.0802312e+02
   2.9024601e+02   3.0870478e+02
   2.7446268e+02   3.0181170e+02
   2.7775145e+02   2.8826550e+02
   2.9136039e+02   2.8651016e+02
   3.0497015e+02   2.8650914e+02
   3.1790321e+02   2.8263085e+02
   3.3130974e+02   2.8256054e+02
   3.1774985e+02   2.8325823e+02
   3.0496927e+02   2.8782585e+02
   2.9132977e+02   2.8738230e+02
