   1.8656019e+02   1.9520622e+02
   1.8687958e+02   2.2646507e+02
   1.9143722e+02   2.5723231e+02
   1.9957640e+02   2.8737655e+02
   2.1155268e+02   3.1623090e+02
   2.3014979e+02   3.4093967e+02
   2.5627513e+02   3.5749830e+02
   2.8622001e+02   3.6551737e+02
   3.1721064e+02   3.6869397e+02
   3.4529507e+02   3.6271352e+02
   3.6884929e+02   3.4555084e+02
   3.9095993e+02   3.2651364e+02
   4.0618110e+02   3.0205796e+02
   4.1585524e+02   2.7439353e+02
   4.1979716e+02   2.4563643e+02
   4.1832437e+02   2.1658677e+02
   4.1800507e+02   1.8763261e+02
   2.0611740e+02   1.6865269e+02
   2.2002140e+02   1.5981444e+02
   2.3605703e+02   1.5698040e+02
   2.5227836e+02   1.5900222e+02
   2.6818926e+02   1.6252526e+02
   3.2561025e+02   1.6047153e+02
   3.4116520e+02   1.5196439e+02
   3.5852983e+02   1.4819138e+02
   3.7625931e+02   1.4754577e+02
   3.9095827e+02   1.5665917e+02
   2.9987483e+02   1.7917265e+02
   3.0189660e+02   1.9700694e+02
   3.0233720e+02   2.1479222e+02
   3.0231418e+02   2.3253234e+02
   2.7777683e+02   2.3937811e+02
   2.8858375e+02   2.4971195e+02
   3.0319865e+02   2.5123914e+02
   3.1818867e+02   2.4707383e+02
   3.2967477e+02   2.3632689e+02
   2.3136643e+02   1.8908102e+02
   2.4500542e+02   1.7951114e+02
   2.6159953e+02   1.7909786e+02
   2.7356767e+02   1.8991875e+02
   2.5941364e+02   1.9179057e+02
   2.4524132e+02   1.9149049e+02
   3.2533516e+02   1.8422327e+02
   3.3794957e+02   1.7132039e+02
   3.5615962e+02   1.7039429e+02
   3.6970935e+02   1.8201392e+02
   3.5499905e+02   1.8407468e+02
   3.4006864e+02   1.8479882e+02
   2.6346984e+02   2.8669153e+02
   2.7085815e+02   2.7010871e+02
   2.8834624e+02   2.6433543e+02
   3.0670471e+02   2.6702616e+02
   3.2285543e+02   2.5931633e+02
   3.4054030e+02   2.6139372e+02
   3.4985725e+02   2.7595949e+02
   3.3994599e+02   2.8916004e+02
   3.2608135e+02   2.9781539e+02
   3.1016651e+02   3.0163784e+02
   2.9312257e+02   3.0287718e+02
   2.7716490e+02   2.9692480e+02
   2.7751197e+02   2.8205752e+02
   2.9197768e+02   2.7927542e+02
   3.0666645e+02   2.7921432e+02
   3.1914631e+02   2.7610158e+02
   3.3188081e+02   2.7627290e+02
   3.1888686e+02   2.7705523e+02
   3.0623696e+02   2.8008344e+02
   2.9181025e+02   2.8017196e+02
