   2.0102214e+02   1.9449750e+02
   2.0431262e+02   2.2673490e+02
   2.1084292e+02   2.5871267e+02
   2.1739079e+02   2.9036265e+02
   2.2984055e+02   3.1997974e+02
   2.4684990e+02   3.4742014e+02
   2.6673597e+02   3.7297653e+02
   2.9391169e+02   3.9031436e+02
   3.2517195e+02   3.9812424e+02
   3.5622982e+02   3.8878073e+02
   3.8315918e+02   3.7203219e+02
   4.0192555e+02   3.4574540e+02
   4.1799788e+02   3.1830783e+02
   4.2911763e+02   2.8823900e+02
   4.3589153e+02   2.5667416e+02
   4.4167588e+02   2.2512286e+02
   4.4284611e+02   1.9338261e+02
   2.3013371e+02   1.5627664e+02
   2.4080818e+02   1.3898322e+02
   2.6055997e+02   1.3297815e+02
   2.8123550e+02   1.3415774e+02
   3.0042133e+02   1.4162500e+02
   3.6150169e+02   1.4444787e+02
   3.7876316e+02   1.4029376e+02
   3.9625281e+02   1.3834654e+02
   4.1215463e+02   1.4562575e+02
   4.2522448e+02   1.5760167e+02
   3.2678247e+02   1.8507836e+02
   3.2402957e+02   2.0934258e+02
   3.2302000e+02   2.3371410e+02
   3.2252720e+02   2.5794422e+02
   3.0093904e+02   2.6380946e+02
   3.1108907e+02   2.6957667e+02
   3.2215328e+02   2.7275642e+02
   3.3448711e+02   2.7170685e+02
   3.4523685e+02   2.6580922e+02
   2.5432431e+02   1.8680306e+02
   2.6730405e+02   1.7312218e+02
   2.8629096e+02   1.7645241e+02
   3.0044706e+02   1.8957145e+02
   2.8450006e+02   1.9530776e+02
   2.6776796e+02   1.9625333e+02
   3.5697153e+02   1.9164152e+02
   3.7014844e+02   1.7847108e+02
   3.8908911e+02   1.7815413e+02
   4.0365023e+02   1.8974832e+02
   3.8911548e+02   1.9814668e+02
   3.7234436e+02   1.9812280e+02
   2.8804212e+02   3.0851466e+02
   2.9929458e+02   3.0014146e+02
   3.1235667e+02   2.9499944e+02
   3.2490875e+02   3.0022958e+02
   3.3854791e+02   2.9631506e+02
   3.5158528e+02   3.0260202e+02
   3.6352354e+02   3.1083764e+02
   3.5520651e+02   3.2805487e+02
   3.4411705e+02   3.4320128e+02
   3.2676025e+02   3.4949979e+02
   3.0829127e+02   3.4324501e+02
   2.9693204e+02   3.2660044e+02
   2.9751166e+02   3.1146131e+02
   3.1042463e+02   3.0645198e+02
   3.2433132e+02   3.0744925e+02
   3.3900885e+02   3.0803403e+02
   3.5275493e+02   3.1178489e+02
   3.4281735e+02   3.2846344e+02
   3.2523046e+02   3.3540021e+02
   3.0907048e+02   3.2563496e+02
