   2.0051856e+02   2.0160967e+02
   2.0210518e+02   2.3649629e+02
   2.0907561e+02   2.7085375e+02
   2.1923904e+02   3.0408108e+02
   2.2980128e+02   3.3731253e+02
   2.4396907e+02   3.6923112e+02
   2.6219260e+02   3.9893272e+02
   2.8988838e+02   4.1962523e+02
   3.2291555e+02   4.3083473e+02
   3.5457794e+02   4.1878745e+02
   3.8046641e+02   3.9743988e+02
   3.9885926e+02   3.6915562e+02
   4.1148419e+02   3.3801821e+02
   4.2558456e+02   3.0736478e+02
   4.3698248e+02   2.7565643e+02
   4.4293171e+02   2.4249537e+02
   4.4590387e+02   2.0891629e+02
   2.2549328e+02   1.7103178e+02
   2.3474903e+02   1.4950884e+02
   2.5542977e+02   1.3856889e+02
   2.7887149e+02   1.4086472e+02
   3.0062395e+02   1.4991598e+02
   3.5728936e+02   1.5216167e+02
   3.7587141e+02   1.4688827e+02
   3.9492738e+02   1.4451599e+02
   4.1145453e+02   1.5395652e+02
   4.2426047e+02   1.6846222e+02
   3.2283669e+02   1.9985146e+02
   3.2113903e+02   2.2337478e+02
   3.1968761e+02   2.4668555e+02
   3.1932287e+02   2.7009397e+02
   2.9596679e+02   2.7437805e+02
   3.0675226e+02   2.8276501e+02
   3.1966017e+02   2.8585131e+02
   3.3311087e+02   2.8568172e+02
   3.4499270e+02   2.7965520e+02
   2.4996872e+02   1.9543112e+02
   2.6465869e+02   1.8458069e+02
   2.8299727e+02   1.8646259e+02
   2.9678602e+02   1.9846905e+02
   2.8080693e+02   2.0507827e+02
   2.6369593e+02   2.0531003e+02
   3.5622384e+02   2.0069210e+02
   3.7024548e+02   1.8911117e+02
   3.8836992e+02   1.8826174e+02
   4.0217387e+02   1.9965651e+02
   3.8793445e+02   2.0883425e+02
   3.7103827e+02   2.0888586e+02
   2.8860523e+02   3.3155406e+02
   2.9550940e+02   3.1799047e+02
   3.0808834e+02   3.0968031e+02
   3.2215664e+02   3.1355233e+02
   3.3639412e+02   3.1134727e+02
   3.4878823e+02   3.1923061e+02
   3.5772177e+02   3.3095294e+02
   3.5455177e+02   3.5622144e+02
   3.4497139e+02   3.7930462e+02
   3.2395443e+02   3.9195122e+02
   3.0410747e+02   3.7833330e+02
   2.9413630e+02   3.5565614e+02
   2.9683096e+02   3.3259910e+02
   3.0643153e+02   3.2034145e+02
   3.2192758e+02   3.2144702e+02
   3.3807237e+02   3.2207765e+02
   3.5012684e+02   3.3227807e+02
   3.4562403e+02   3.5939294e+02
   3.2513917e+02   3.7648386e+02
   3.0341347e+02   3.5935222e+02
