   2.5214122e+02   2.0561260e+02
   2.4919242e+02   2.3843068e+02
   2.5129554e+02   2.7141936e+02
   2.4911112e+02   3.0452600e+02
   2.5442719e+02   3.3681850e+02
   2.7342423e+02   3.6362217e+02
   2.9557397e+02   3.8806966e+02
   3.2617264e+02   4.0007471e+02
   3.5824435e+02   4.0756442e+02
   3.9094108e+02   4.0424632e+02
   4.2182218e+02   3.9505810e+02
   4.4691053e+02   3.7421640e+02
   4.6796745e+02   3.4964629e+02
   4.7697163e+02   3.1842996e+02
   4.8200303e+02   2.8622816e+02
   4.8662863e+02   2.5392303e+02
   4.8633603e+02   2.2162729e+02
   2.7724446e+02   1.7995531e+02
   2.9226333e+02   1.7709906e+02
   3.0762255e+02   1.7859717e+02
   3.2281260e+02   1.8086323e+02
   3.3737718e+02   1.8560612e+02
   3.9694678e+02   1.8680375e+02
   4.1246233e+02   1.8593357e+02
   4.2797858e+02   1.8693035e+02
   4.4341427e+02   1.8831623e+02
   4.5842194e+02   1.9178929e+02
   3.7089695e+02   2.0935207e+02
   3.7060606e+02   2.2923189e+02
   3.7000819e+02   2.4914585e+02
   3.6799544e+02   2.6880334e+02
   3.4543988e+02   2.8185277e+02
   3.5661417e+02   2.8415444e+02
   3.6782150e+02   2.8499323e+02
   3.7773311e+02   2.8523951e+02
   3.8757795e+02   2.8430607e+02
   2.9317207e+02   2.1049749e+02
   3.0925098e+02   2.0182621e+02
   3.2716730e+02   2.0659232e+02
   3.3952788e+02   2.2047282e+02
   3.2282255e+02   2.2114385e+02
   3.0641449e+02   2.1993014e+02
   3.9629226e+02   2.2116396e+02
   4.0934479e+02   2.0841783e+02
   4.2779533e+02   2.0774330e+02
   4.4259255e+02   2.1823367e+02
   4.2790251e+02   2.2395879e+02
   4.1200088e+02   2.2296829e+02
   3.0559347e+02   3.1807036e+02
   3.2435739e+02   3.1151157e+02
   3.4375966e+02   3.0804050e+02
   3.6340739e+02   3.0921096e+02
   3.8242710e+02   3.0870613e+02
   4.0091654e+02   3.1237075e+02
   4.1762986e+02   3.2101318e+02
   4.0261667e+02   3.3835434e+02
   3.8226668e+02   3.4833800e+02
   3.5966355e+02   3.5029302e+02
   3.3788963e+02   3.4819554e+02
   3.2018308e+02   3.3479179e+02
   3.1404836e+02   3.1930910e+02
   3.3752806e+02   3.1727812e+02
   3.6066575e+02   3.2080007e+02
   3.8625956e+02   3.1839903e+02
   4.1121079e+02   3.2175871e+02
   3.8734479e+02   3.3354896e+02
   3.6120554e+02   3.3602293e+02
   3.3567611e+02   3.3336298e+02
