   2.1413509e+02   1.5861434e+02
   2.1688192e+02   1.8785022e+02
   2.2135541e+02   2.1656376e+02
   2.2699137e+02   2.4524340e+02
   2.3534748e+02   2.7309649e+02
   2.4842755e+02   2.9906813e+02
   2.6712120e+02   3.2148487e+02
   2.9003387e+02   3.3919459e+02
   3.1777222e+02   3.4683140e+02
   3.4538282e+02   3.4066591e+02
   3.6853786e+02   3.2403126e+02
   3.8968682e+02   3.0499645e+02
   4.0463188e+02   2.8073233e+02
   4.1453352e+02   2.5405286e+02
   4.2101430e+02   2.2628538e+02
   4.2612481e+02   1.9836805e+02
   4.3166720e+02   1.7048609e+02
   2.3440440e+02   1.1744591e+02
   2.4489379e+02   1.0542030e+02
   2.5721077e+02   9.5647006e+01
   2.7282515e+02   9.3754473e+01
   2.8800721e+02   9.7937491e+01
   3.4595150e+02   9.9260966e+01
   3.6251663e+02   9.5838371e+01
   3.7906144e+02   9.7772965e+01
   3.9233314e+02   1.0785970e+02
   4.0244700e+02   1.2117105e+02
   3.1612873e+02   1.4300050e+02
   3.1486399e+02   1.5545283e+02
   3.1287489e+02   1.6764423e+02
   3.1094888e+02   1.7991537e+02
   2.9356815e+02   2.0400597e+02
   3.0187846e+02   2.0738348e+02
   3.1068994e+02   2.0840840e+02
   3.2038519e+02   2.0777045e+02
   3.2978731e+02   2.0545077e+02
   2.5442257e+02   1.4108496e+02
   2.6707250e+02   1.3184168e+02
   2.8268208e+02   1.3326516e+02
   2.9241780e+02   1.4516073e+02
   2.7929901e+02   1.4970119e+02
   2.6551511e+02   1.4904354e+02
   3.4494036e+02   1.4600416e+02
   3.5741622e+02   1.3576745e+02
   3.7353393e+02   1.3520766e+02
   3.8472731e+02   1.4633637e+02
   3.7192297e+02   1.5258843e+02
   3.5760593e+02   1.5235848e+02
   2.8297442e+02   2.6142026e+02
   2.8458299e+02   2.4453284e+02
   2.9538585e+02   2.3151019e+02
   3.1164731e+02   2.2965295e+02
   3.2885219e+02   2.3117597e+02
   3.4080667e+02   2.4462706e+02
   3.4608172e+02   2.6176345e+02
   3.3998744e+02   2.7851265e+02
   3.2991734e+02   2.9236647e+02
   3.1384556e+02   2.9744999e+02
   2.9794526e+02   2.9211791e+02
   2.8817196e+02   2.7810215e+02
   2.8700774e+02   2.6168930e+02
   2.9469446e+02   2.4337673e+02
   3.1307536e+02   2.3854079e+02
   3.3187788e+02   2.4389225e+02
   3.4109751e+02   2.6138887e+02
   3.3068769e+02   2.7721719e+02
   3.1385952e+02   2.8312246e+02
   2.9670485e+02   2.7725996e+02
