   2.1097894e+02   1.5657056e+02
   2.1539693e+02   1.8606659e+02
   2.1862968e+02   2.1548711e+02
   2.2579890e+02   2.4408965e+02
   2.3376742e+02   2.7241185e+02
   2.4463317e+02   2.9984250e+02
   2.6256732e+02   3.2315479e+02
   2.8482206e+02   3.4295732e+02
   3.1233152e+02   3.5191609e+02
   3.4070984e+02   3.4606293e+02
   3.6405992e+02   3.2871955e+02
   3.8496996e+02   3.0814857e+02
   4.0136239e+02   2.8375513e+02
   4.1031736e+02   2.5606869e+02
   4.1880439e+02   2.2793658e+02
   4.2420889e+02   1.9909239e+02
   4.2998615e+02   1.7046824e+02
   2.3104942e+02   1.0693488e+02
   2.4079489e+02   9.3418426e+01
   2.5331535e+02   8.2630432e+01
   2.6916773e+02   7.9209221e+01
   2.8465874e+02   8.4368426e+01
   3.4257750e+02   8.4455043e+01
   3.6071264e+02   8.2110240e+01
   3.7865478e+02   8.5468657e+01
   3.9108194e+02   9.8713892e+01
   4.0033956e+02   1.1435305e+02
   3.1477212e+02   1.3511035e+02
   3.1246897e+02   1.4788565e+02
   3.1026898e+02   1.6051194e+02
   3.0806562e+02   1.7322626e+02
   2.9208820e+02   1.9903470e+02
   2.9976043e+02   2.0227776e+02
   3.0807297e+02   2.0275811e+02
   3.1824833e+02   2.0189715e+02
   3.2825321e+02   1.9985109e+02
   2.5031654e+02   1.3543903e+02
   2.6310154e+02   1.2556733e+02
   2.7924826e+02   1.2732748e+02
   2.9010430e+02   1.3904010e+02
   2.7658727e+02   1.4553307e+02
   2.6189298e+02   1.4449231e+02
   3.4272035e+02   1.3943953e+02
   3.5584828e+02   1.3010322e+02
   3.7187771e+02   1.2974478e+02
   3.8258120e+02   1.4111945e+02
   3.6973905e+02   1.4731673e+02
   3.5542173e+02   1.4604572e+02
   2.8249027e+02   2.6037900e+02
   2.8249527e+02   2.4313633e+02
   2.9249038e+02   2.2925608e+02
   3.0874242e+02   2.2492683e+02
   3.2706595e+02   2.2752116e+02
   3.3900273e+02   2.4182167e+02
   3.4306545e+02   2.6024833e+02
   3.3685418e+02   2.7880502e+02
   3.2813705e+02   2.9649748e+02
   3.1097924e+02   3.0448758e+02
   2.9442661e+02   2.9604109e+02
   2.8630969e+02   2.7873691e+02
   2.8494327e+02   2.6109578e+02
   2.9250102e+02   2.4202314e+02
   3.1122775e+02   2.3361438e+02
   3.3133261e+02   2.4163906e+02
   3.4078530e+02   2.6074368e+02
   3.3028173e+02   2.7921211e+02
   3.1080966e+02   2.8754175e+02
   2.9225571e+02   2.7978491e+02
