   2.1391426e+02   1.5765619e+02
   2.1749304e+02   1.8695237e+02
   2.2139375e+02   2.1594734e+02
   2.2777650e+02   2.4452466e+02
   2.3595757e+02   2.7254064e+02
   2.4798034e+02   2.9915065e+02
   2.6630679e+02   3.2192479e+02
   2.8889196e+02   3.4056528e+02
   3.1647883e+02   3.4877790e+02
   3.4440984e+02   3.4276591e+02
   3.6762134e+02   3.2584036e+02
   3.8860743e+02   3.0609279e+02
   4.0420962e+02   2.8179901e+02
   4.1361772e+02   2.5467594e+02
   4.2102395e+02   2.2677126e+02
   4.2623681e+02   1.9844930e+02
   4.3185224e+02   1.7025291e+02
   2.3401208e+02   1.1248698e+02
   2.4411549e+02   9.9764447e+01
   2.5650640e+02   8.9523779e+01
   2.7220117e+02   8.6878866e+01
   2.8751033e+02   9.1504611e+01
   3.4534389e+02   9.2165818e+01
   3.6263537e+02   8.9260132e+01
   3.7982848e+02   9.1861370e+01
   3.9268968e+02   1.0343243e+02
   4.0240558e+02   1.1781536e+02
   3.1660676e+02   1.3914080e+02
   3.1485281e+02   1.5173924e+02
   3.1277995e+02   1.6413101e+02
   3.1073748e+02   1.7660606e+02
   2.9408316e+02   2.0150352e+02
   3.0207861e+02   2.0481061e+02
   3.1064092e+02   2.0556217e+02
   3.2055043e+02   2.0480701e+02
   3.3022578e+02   2.0261295e+02
   2.5367489e+02   1.3841050e+02
   2.6634905e+02   1.2886529e+02
   2.8218894e+02   1.3043793e+02
   2.9246527e+02   1.4220404e+02
   2.7918807e+02   1.4769181e+02
   2.6499015e+02   1.4686859e+02
   3.4496408e+02   1.4277432e+02
   3.5772494e+02   1.3298376e+02
   3.7376670e+02   1.3250903e+02
   3.8471694e+02   1.4371918e+02
   3.7192170e+02   1.4994068e+02
   3.5762933e+02   1.4922638e+02
   2.8403092e+02   2.6064232e+02
   2.8488876e+02   2.4365251e+02
   2.9527492e+02   2.3026402e+02
   3.1147976e+02   2.2722439e+02
   3.2918614e+02   2.2922299e+02
   3.4113324e+02   2.4301538e+02
   3.4586186e+02   2.6070801e+02
   3.3971026e+02   2.7825192e+02
   3.3031846e+02   2.9389460e+02
   3.1377461e+02   3.0037120e+02
   2.9759110e+02   2.9357594e+02
   2.8860390e+02   2.7804899e+02
   2.8731662e+02   2.6112069e+02
   2.9494014e+02   2.4254535e+02
   3.1342130e+02   2.3599814e+02
   3.3281032e+02   2.4258323e+02
   3.4217546e+02   2.6074069e+02
   3.3173676e+02   2.7774531e+02
   3.1368124e+02   2.8480879e+02
   2.9588748e+02   2.7808402e+02
