   2.1440272e+02   1.5867155e+02
   2.1626291e+02   1.8548607e+02
   2.2129057e+02   2.1174334e+02
   2.2419004e+02   2.3841096e+02
   2.3179508e+02   2.6399868e+02
   2.4569839e+02   2.8684410e+02
   2.6486841e+02   3.0555072e+02
   2.8816432e+02   3.1815914e+02
   3.1442859e+02   3.2214398e+02
   3.4121322e+02   3.1942434e+02
   3.6646208e+02   3.1054977e+02
   3.8864851e+02   2.9535424e+02
   4.0402042e+02   2.7343833e+02
   4.1543824e+02   2.4884365e+02
   4.2076055e+02   2.2247582e+02
   4.2568792e+02   1.9599879e+02
   4.3098583e+02   1.6970272e+02
   2.3680807e+02   1.2724107e+02
   2.4814880e+02   1.1786619e+02
   2.6126242e+02   1.1157157e+02
   2.7585151e+02   1.1016922e+02
   2.9005474e+02   1.1320408e+02
   3.4624146e+02   1.1469687e+02
   3.6143490e+02   1.1268356e+02
   3.7652318e+02   1.1449140e+02
   3.9006291e+02   1.2161338e+02
   4.0216359e+02   1.3075607e+02
   3.1695731e+02   1.4647909e+02
   3.1550264e+02   1.5955674e+02
   3.1376218e+02   1.7244424e+02
   3.1201830e+02   1.8535034e+02
   2.9335770e+02   2.0845393e+02
   3.0216953e+02   2.1289967e+02
   3.1181809e+02   2.1403340e+02
   3.2104074e+02   2.1357915e+02
   3.2994869e+02   2.1135611e+02
   2.5736708e+02   1.4786042e+02
   2.6833179e+02   1.3904249e+02
   2.8256212e+02   1.4126647e+02
   2.9219405e+02   1.5162344e+02
   2.8006522e+02   1.5503150e+02
   2.6754968e+02   1.5479421e+02
   3.4588664e+02   1.5241540e+02
   3.5779172e+02   1.4346546e+02
   3.7256593e+02   1.4340618e+02
   3.8357244e+02   1.5300403e+02
   3.7108079e+02   1.5802752e+02
   3.5763594e+02   1.5853876e+02
   2.7914518e+02   2.5038390e+02
   2.8766097e+02   2.3988062e+02
   2.9935524e+02   2.3278806e+02
   3.1249640e+02   2.3542653e+02
   3.2689675e+02   2.3383924e+02
   3.3930607e+02   2.4175685e+02
   3.4877565e+02   2.5296504e+02
   3.3829360e+02   2.6038646e+02
   3.2611456e+02   2.6541734e+02
   3.1296659e+02   2.6638679e+02
   3.0017805e+02   2.6419281e+02
   2.8883885e+02   2.5829728e+02
   2.8661673e+02   2.4977526e+02
   2.9876052e+02   2.4408643e+02
   3.1300890e+02   2.4426887e+02
   3.2771809e+02   2.4486149e+02
   3.4055551e+02   2.5036022e+02
   3.2726661e+02   2.5279518e+02
   3.1327661e+02   2.5405570e+02
   2.9962326e+02   2.5212956e+02
