   1.9126448e+02   2.3178445e+02
   1.9367490e+02   2.5702861e+02
   1.9806269e+02   2.8209230e+02
   2.0363841e+02   3.0656170e+02
   2.1108606e+02   3.3081013e+02
   2.2438352e+02   3.5206503e+02
   2.4422927e+02   3.6792189e+02
   2.6632293e+02   3.7979127e+02
   2.9087542e+02   3.8499510e+02
   3.1647230e+02   3.8090877e+02
   3.3898594e+02   3.6772534e+02
   3.5991386e+02   3.5256273e+02
   3.7378694e+02   3.3055911e+02
   3.8325434e+02   3.0627696e+02
   3.8829352e+02   2.8075772e+02
   3.9083960e+02   2.5485092e+02
   3.9091318e+02   2.2886378e+02
   2.1121750e+02   2.2261429e+02
   2.2339658e+02   2.1711525e+02
   2.3685761e+02   2.1591725e+02
   2.5045714e+02   2.1658708e+02
   2.6380027e+02   2.1851044e+02
   3.1135165e+02   2.1910658e+02
   3.2466646e+02   2.1493583e+02
   3.3831742e+02   2.1223290e+02
   3.5218316e+02   2.1288657e+02
   3.6532565e+02   2.1689367e+02
   2.8766003e+02   2.3777682e+02
   2.8759014e+02   2.5338042e+02
   2.8874031e+02   2.6894236e+02
   2.8932878e+02   2.8436471e+02
   2.7119352e+02   2.9910050e+02
   2.8066912e+02   3.0290804e+02
   2.9057661e+02   3.0497639e+02
   3.0063812e+02   3.0280087e+02
   3.1035424e+02   2.9961774e+02
   2.3472007e+02   2.4256512e+02
   2.4338647e+02   2.3674731e+02
   2.5374556e+02   2.3596231e+02
   2.6297055e+02   2.4070296e+02
   2.5400082e+02   2.4491363e+02
   2.4415382e+02   2.4536341e+02
   3.1838157e+02   2.3744629e+02
   3.2844037e+02   2.3319263e+02
   3.3937739e+02   2.3392215e+02
   3.4897346e+02   2.3903208e+02
   3.3874412e+02   2.4223113e+02
   3.2796104e+02   2.4202993e+02
   2.5741303e+02   3.3117260e+02
   2.6903567e+02   3.2660209e+02
   2.8080678e+02   3.2306739e+02
   2.9265666e+02   3.2573759e+02
   3.0456802e+02   3.2361924e+02
   3.1631676e+02   3.2668605e+02
   3.2778301e+02   3.3083924e+02
   3.1736981e+02   3.3900600e+02
   3.0508585e+02   3.4393875e+02
   2.9208593e+02   3.4523904e+02
   2.7948875e+02   3.4348253e+02
   2.6806811e+02   3.3799147e+02
   2.6363487e+02   3.3070548e+02
   2.7799783e+02   3.2974965e+02
   2.9211420e+02   3.3120789e+02
   3.0638292e+02   3.3018798e+02
   3.2040989e+02   3.3167959e+02
   3.0630577e+02   3.3337054e+02
   2.9227998e+02   3.3360601e+02
   2.7782818e+02   3.3260036e+02
