   1.8880654e+02   2.2981628e+02
   1.9173597e+02   2.5528272e+02
   1.9715654e+02   2.8041222e+02
   2.0295490e+02   3.0546266e+02
   2.1056540e+02   3.2974265e+02
   2.2397064e+02   3.5162542e+02
   2.4410631e+02   3.6714802e+02
   2.6711443e+02   3.7850578e+02
   2.9213729e+02   3.8185164e+02
   3.1693860e+02   3.7734128e+02
   3.3809601e+02   3.6326339e+02
   3.5873192e+02   3.4858347e+02
   3.7215598e+02   3.2716653e+02
   3.7949450e+02   3.0271616e+02
   3.8331166e+02   2.7770498e+02
   3.8512741e+02   2.5227716e+02
   3.8541670e+02   2.2690321e+02
   2.1002166e+02   2.2044776e+02
   2.2196969e+02   2.1659236e+02
   2.3449611e+02   2.1650192e+02
   2.4698760e+02   2.1709042e+02
   2.5947867e+02   2.1726814e+02
   3.1113500e+02   2.1690090e+02
   3.2339014e+02   2.1335989e+02
   3.3592072e+02   2.1135419e+02
   3.4864799e+02   2.1163332e+02
   3.6107287e+02   2.1396540e+02
   2.8433446e+02   2.3514626e+02
   2.8456697e+02   2.5056635e+02
   2.8549251e+02   2.6599564e+02
   2.8646514e+02   2.8128268e+02
   2.6934308e+02   2.9593493e+02
   2.7895077e+02   2.9981869e+02
   2.8911629e+02   3.0135485e+02
   2.9940628e+02   2.9936641e+02
   3.0876848e+02   2.9483347e+02
   2.3217918e+02   2.3918437e+02
   2.4089577e+02   2.3379954e+02
   2.5084941e+02   2.3207364e+02
   2.5995674e+02   2.3613069e+02
   2.5116920e+02   2.3984156e+02
   2.4162483e+02   2.4013155e+02
   3.1364313e+02   2.3227572e+02
   3.2433384e+02   2.2955288e+02
   3.3525379e+02   2.3084869e+02
   3.4522666e+02   2.3545741e+02
   3.3443045e+02   2.3649367e+02
   3.2368184e+02   2.3598316e+02
   2.5561984e+02   3.2794974e+02
   2.6635341e+02   3.2248909e+02
   2.7832487e+02   3.2108541e+02
   2.9021657e+02   3.2295048e+02
   3.0172855e+02   3.2143499e+02
   3.1311785e+02   3.2316694e+02
   3.2406398e+02   3.2694490e+02
   3.1395676e+02   3.3395571e+02
   3.0272259e+02   3.3891858e+02
   2.9065740e+02   3.3977344e+02
   2.7831127e+02   3.3811379e+02
   2.6691920e+02   3.3290416e+02
   2.6145935e+02   3.2733391e+02
   2.7594025e+02   3.2610688e+02
   2.9028063e+02   3.2715317e+02
   3.0454151e+02   3.2615145e+02
   3.1866724e+02   3.2742778e+02
   3.0442096e+02   3.2823876e+02
   2.9030122e+02   3.2897760e+02
   2.7580896e+02   3.2826064e+02
