   1.9129840e+02   2.3198328e+02
   1.9372432e+02   2.5717040e+02
   1.9809894e+02   2.8218118e+02
   2.0369819e+02   3.0657194e+02
   2.1116849e+02   3.3076556e+02
   2.2447666e+02   3.5193127e+02
   2.4430337e+02   3.6774299e+02
   2.6633676e+02   3.7957812e+02
   2.9083398e+02   3.8482010e+02
   3.1641986e+02   3.8071636e+02
   3.3893851e+02   3.6755920e+02
   3.5981958e+02   3.5236132e+02
   3.7365306e+02   3.3034122e+02
   3.8316540e+02   3.0609181e+02
   3.8821091e+02   2.8058176e+02
   3.9074282e+02   2.5469035e+02
   3.9076021e+02   2.2871601e+02
   2.1148902e+02   2.2288952e+02
   2.2414273e+02   2.1812037e+02
   2.3774991e+02   2.1734663e+02
   2.5147652e+02   2.1825806e+02
   2.6492224e+02   2.2014168e+02
   3.1150891e+02   2.2044879e+02
   3.2456799e+02   2.1613947e+02
   3.3791672e+02   2.1321738e+02
   3.5161510e+02   2.1375437e+02
   3.6471368e+02   2.1719158e+02
   2.8758726e+02   2.3782815e+02
   2.8753023e+02   2.5341487e+02
   2.8871686e+02   2.6895567e+02
   2.8931284e+02   2.8435789e+02
   2.7133670e+02   2.9945770e+02
   2.8076463e+02   3.0291765e+02
   2.9052645e+02   3.0495881e+02
   3.0055649e+02   3.0275987e+02
   3.1026741e+02   2.9963069e+02
   2.3542017e+02   2.4257595e+02
   2.4416739e+02   2.3718257e+02
   2.5436510e+02   2.3650630e+02
   2.6351426e+02   2.4103423e+02
   2.5450128e+02   2.4489937e+02
   2.4476796e+02   2.4527675e+02
   3.1816085e+02   2.3777604e+02
   3.2833320e+02   2.3368152e+02
   3.3932684e+02   2.3449038e+02
   3.4914697e+02   2.3928946e+02
   3.3875618e+02   2.4198869e+02
   3.2797240e+02   2.4184915e+02
   2.5748031e+02   3.3115116e+02
   2.6918403e+02   3.2671718e+02
   2.8097405e+02   3.2325456e+02
   2.9286389e+02   3.2585221e+02
   3.0483259e+02   3.2376761e+02
   3.1660020e+02   3.2683721e+02
   3.2805691e+02   3.3110284e+02
   3.1754563e+02   3.3922190e+02
   3.0519186e+02   3.4423823e+02
   2.9215780e+02   3.4580223e+02
   2.7955022e+02   3.4379911e+02
   2.6819163e+02   3.3800451e+02
   2.6370957e+02   3.3068127e+02
   2.7807491e+02   3.2992177e+02
   2.9217000e+02   3.3139108e+02
   3.0648499e+02   3.3043959e+02
   3.2053427e+02   3.3179534e+02
   3.0647730e+02   3.3352832e+02
   2.9246191e+02   3.3375837e+02
   2.7792770e+02   3.3279198e+02
