   1.8894669e+02   2.3010115e+02
   1.9191505e+02   2.5573226e+02
   1.9752126e+02   2.8099232e+02
   2.0329375e+02   3.0631496e+02
   2.1087035e+02   3.3072633e+02
   2.2426152e+02   3.5291553e+02
   2.4448039e+02   3.6849362e+02
   2.6776585e+02   3.7985413e+02
   2.9298488e+02   3.8282555e+02
   3.1768507e+02   3.7829689e+02
   3.3861845e+02   3.6402639e+02
   3.5931956e+02   3.4951108e+02
   3.7276995e+02   3.2823054e+02
   3.7967564e+02   3.0368496e+02
   3.8329315e+02   2.7873721e+02
   3.8503417e+02   2.5335282e+02
   3.8549487e+02   2.2804764e+02
   2.1042396e+02   2.2068638e+02
   2.2210166e+02   2.1685713e+02
   2.3435922e+02   2.1684494e+02
   2.4654592e+02   2.1732920e+02
   2.5880535e+02   2.1715617e+02
   3.1212338e+02   2.1687159e+02
   3.2431444e+02   2.1359112e+02
   3.3678834e+02   2.1191166e+02
   3.4936904e+02   2.1221149e+02
   3.6167170e+02   2.1450615e+02
   2.8457422e+02   2.3569435e+02
   2.8482010e+02   2.5112293e+02
   2.8562166e+02   2.6657944e+02
   2.8663294e+02   2.8189016e+02
   2.6956577e+02   2.9630289e+02
   2.7924790e+02   3.0043914e+02
   2.8957744e+02   3.0189954e+02
   2.9997596e+02   2.9999728e+02
   3.0929318e+02   2.9513081e+02
   2.3201939e+02   2.3941221e+02
   2.4074458e+02   2.3391236e+02
   2.5071993e+02   2.3192982e+02
   2.5985197e+02   2.3598211e+02
   2.5109562e+02   2.3974311e+02
   2.4153349e+02   2.4000295e+02
   3.1370750e+02   2.3215564e+02
   3.2453016e+02   2.2973995e+02
   3.3544228e+02   2.3116907e+02
   3.4539515e+02   2.3587592e+02
   3.3451485e+02   2.3663542e+02
   3.2374507e+02   2.3597871e+02
   2.5575345e+02   3.2855511e+02
   2.6627394e+02   3.2283007e+02
   2.7832754e+02   3.2193423e+02
   2.9023233e+02   3.2369179e+02
   3.0165597e+02   3.2233881e+02
   3.1297056e+02   3.2379365e+02
   3.2381308e+02   3.2746891e+02
   3.1377791e+02   3.3421236e+02
   3.0278523e+02   3.3910850e+02
   2.9092314e+02   3.3966955e+02
   2.7861599e+02   3.3812159e+02
   2.6718532e+02   3.3309377e+02
   2.6151517e+02   3.2792444e+02
   2.7606565e+02   3.2656952e+02
   2.9050684e+02   3.2756159e+02
   3.0478335e+02   3.2657246e+02
   3.1895610e+02   3.2792332e+02
   3.0460398e+02   3.2845471e+02
   2.9041543e+02   3.2927187e+02
   2.7592122e+02   3.2855093e+02
