   1.8917873e+02   2.3003455e+02
   1.9200859e+02   2.5528693e+02
   1.9717980e+02   2.8024196e+02
   2.0293713e+02   3.0497939e+02
   2.1051188e+02   3.2909105e+02
   2.2385405e+02   3.5065052e+02
   2.4382867e+02   3.6612631e+02
   2.6648642e+02   3.7750463e+02
   2.9125116e+02   3.8126608e+02
   3.1610578e+02   3.7683747e+02
   3.3746640e+02   3.6302744e+02
   3.5802296e+02   3.4826250e+02
   3.7143683e+02   3.2678824e+02
   3.7923845e+02   3.0250369e+02
   3.8329793e+02   2.7749506e+02
   3.8523804e+02   2.5208601e+02
   3.8541208e+02   2.2670202e+02
   2.1012545e+02   2.2078260e+02
   2.2234799e+02   2.1697940e+02
   2.3511859e+02   2.1686555e+02
   2.4788637e+02   2.1759673e+02
   2.6058116e+02   2.1814230e+02
   3.1044434e+02   2.1779001e+02
   3.2272822e+02   2.1402148e+02
   3.3527367e+02   2.1171661e+02
   3.4810558e+02   2.1199651e+02
   3.6061427e+02   2.1435432e+02
   2.8438077e+02   2.3529770e+02
   2.8456642e+02   2.5067495e+02
   2.8557915e+02   2.6604458e+02
   2.8647861e+02   2.8127563e+02
   2.6931753e+02   2.9611285e+02
   2.7882013e+02   2.9974212e+02
   2.8879090e+02   3.0136957e+02
   2.9895482e+02   2.9932250e+02
   3.0834946e+02   2.9514931e+02
   2.3276673e+02   2.3952248e+02
   2.4147236e+02   2.3430592e+02
   2.5137682e+02   2.3286294e+02
   2.6042636e+02   2.3692334e+02
   2.5161690e+02   2.4053740e+02
   2.4211687e+02   2.4083087e+02
   3.1379280e+02   2.3316764e+02
   3.2434426e+02   2.3018336e+02
   3.3524849e+02   2.3137478e+02
   3.4522178e+02   2.3588117e+02
   3.3451904e+02   2.3713271e+02
   3.2381572e+02   2.3674606e+02
   2.5563667e+02   3.2777278e+02
   2.6657114e+02   3.2261447e+02
   2.7844105e+02   3.2074825e+02
   2.9029170e+02   3.2273619e+02
   3.0187155e+02   3.2109277e+02
   3.1330551e+02   3.2311704e+02
   3.2431970e+02   3.2701790e+02
   3.1414270e+02   3.3424927e+02
   3.0268231e+02   3.3924612e+02
   2.9044113e+02   3.4037461e+02
   2.7808725e+02   3.3856777e+02
   2.6677330e+02   3.3314914e+02
   2.6154105e+02   3.2718566e+02
   2.7592477e+02   3.2612962e+02
   2.9013135e+02   3.2725871e+02
   3.0435045e+02   3.2628233e+02
   3.1839759e+02   3.2750616e+02
   3.0428670e+02   3.2855966e+02
   2.9026446e+02   3.2918898e+02
   2.7580288e+02   3.2844786e+02
