   2.2561749e+02   2.1809466e+02
   2.2486448e+02   2.4734804e+02
   2.2650223e+02   2.7637688e+02
   2.3266214e+02   3.0496191e+02
   2.4329282e+02   3.3206786e+02
   2.5987645e+02   3.5589487e+02
   2.8169716e+02   3.7500512e+02
   3.0841208e+02   3.8642249e+02
   3.3707928e+02   3.8947640e+02
   3.6591585e+02   3.8637413e+02
   3.9289761e+02   3.7652793e+02
   4.1398584e+02   3.5711398e+02
   4.2568625e+02   3.3072829e+02
   4.3639506e+02   3.0396135e+02
   4.4132721e+02   2.7564561e+02
   4.4510003e+02   2.4695297e+02
   4.4367331e+02   2.1829168e+02
   2.3762351e+02   1.9488462e+02
   2.5146566e+02   1.8287668e+02
   2.6855373e+02   1.7683940e+02
   2.8681365e+02   1.7756345e+02
   3.0455856e+02   1.8150863e+02
   3.5922336e+02   1.8615048e+02
   3.7635732e+02   1.8144746e+02
   3.9411954e+02   1.8021141e+02
   4.1164686e+02   1.8229609e+02
   4.2418657e+02   1.9385983e+02
   3.3726615e+02   1.9817203e+02
   3.3742988e+02   2.1857579e+02
   3.3716609e+02   2.3906330e+02
   3.3755847e+02   2.5936909e+02
   3.1031799e+02   2.7644423e+02
   3.2306843e+02   2.7996557e+02
   3.3607104e+02   2.8059872e+02
   3.4855547e+02   2.7925785e+02
   3.6068850e+02   2.7702416e+02
   2.6318024e+02   2.1601637e+02
   2.7717973e+02   2.0678543e+02
   2.9413256e+02   2.0699055e+02
   3.0768379e+02   2.1664659e+02
   2.9278185e+02   2.1948943e+02
   2.7778186e+02   2.1942646e+02
   3.6499219e+02   2.1846643e+02
   3.7796352e+02   2.0805215e+02
   3.9475476e+02   2.0835625e+02
   4.0828826e+02   2.1819385e+02
   3.9399476e+02   2.2159092e+02
   3.7934989e+02   2.2142754e+02
   2.9384530e+02   3.1379687e+02
   3.0374482e+02   2.9840790e+02
   3.1908828e+02   2.8885946e+02
   3.3683683e+02   2.8989869e+02
   3.5421983e+02   2.8965661e+02
   3.6840397e+02   3.0026574e+02
   3.8038809e+02   3.1319192e+02
   3.6740216e+02   3.2385123e+02
   3.5240385e+02   3.3126535e+02
   3.3598895e+02   3.3308768e+02
   3.2023892e+02   3.3108667e+02
   3.0608324e+02   3.2391483e+02
   3.0455658e+02   3.1151631e+02
   3.1526787e+02   3.1131032e+02
   3.3662518e+02   3.1115082e+02
   3.5856526e+02   3.1130353e+02
   3.6947668e+02   3.1148808e+02
   3.5844663e+02   3.1167264e+02
   3.3648110e+02   3.1162016e+02
   3.1496387e+02   3.1172229e+02
