   1.7934122e+02   1.8308957e+02
   1.7852918e+02   2.1560233e+02
   1.8578228e+02   2.4721526e+02
   1.9744627e+02   2.7739259e+02
   2.0908611e+02   3.0755378e+02
   2.2663444e+02   3.3474882e+02
   2.5258712e+02   3.5387554e+02
   2.8160566e+02   3.6845211e+02
   3.1339273e+02   3.7092253e+02
   3.4093616e+02   3.6197207e+02
   3.6394166e+02   3.4437431e+02
   3.8438761e+02   3.2423600e+02
   3.9637006e+02   2.9779091e+02
   4.0686224e+02   2.7081800e+02
   4.1356317e+02   2.4243312e+02
   4.1908701e+02   2.1396363e+02
   4.1772091e+02   1.8538040e+02
   2.0577083e+02   1.6084690e+02
   2.2060750e+02   1.5593708e+02
   2.3607643e+02   1.5437992e+02
   2.5159658e+02   1.5428733e+02
   2.6652515e+02   1.5805392e+02
   3.2218989e+02   1.5711466e+02
   3.3820275e+02   1.5315826e+02
   3.5480435e+02   1.5204005e+02
   3.7134797e+02   1.5203870e+02
   3.8757877e+02   1.5433145e+02
   2.9482164e+02   1.8864981e+02
   2.9666410e+02   2.0701877e+02
   2.9792909e+02   2.2520256e+02
   2.9947016e+02   2.4337519e+02
   2.8045549e+02   2.5730277e+02
   2.9032471e+02   2.6008256e+02
   3.0039557e+02   2.6100429e+02
   3.1042719e+02   2.5858330e+02
   3.1987185e+02   2.5450772e+02
   2.2386050e+02   1.8542303e+02
   2.3714039e+02   1.7746048e+02
   2.5257140e+02   1.7810799e+02
   2.6514043e+02   1.8680976e+02
   2.5135911e+02   1.9004991e+02
   2.3726479e+02   1.8966109e+02
   3.2821358e+02   1.8587282e+02
   3.4025849e+02   1.7583364e+02
   3.5591841e+02   1.7515282e+02
   3.6856301e+02   1.8401256e+02
   3.5538167e+02   1.8735181e+02
   3.4170871e+02   1.8721327e+02
   2.5773883e+02   2.9811501e+02
   2.7161888e+02   2.9040367e+02
   2.8529215e+02   2.8245764e+02
   3.0039220e+02   2.8420007e+02
   3.1392620e+02   2.7695805e+02
   3.2842984e+02   2.8400840e+02
   3.4305827e+02   2.9066918e+02
   3.3175803e+02   3.0042569e+02
   3.1928625e+02   3.0836880e+02
   3.0550529e+02   3.1341214e+02
   2.8864583e+02   3.1257867e+02
   2.7326193e+02   3.0488228e+02
   2.7814966e+02   2.9719908e+02
   2.9132301e+02   2.9536159e+02
   3.0456325e+02   2.9533336e+02
   3.1471151e+02   2.9195304e+02
   3.2497684e+02   2.8927068e+02
   3.1446648e+02   2.9278723e+02
   3.0411531e+02   2.9625273e+02
   2.9100120e+02   2.9575509e+02
