   1.8040693e+02   2.4073705e+02
   1.8375840e+02   2.6920633e+02
   1.8927631e+02   2.9719514e+02
   1.9580760e+02   3.2509885e+02
   2.0895596e+02   3.5035915e+02
   2.2601029e+02   3.7323877e+02
   2.4430048e+02   3.9533846e+02
   2.6758123e+02   4.1169139e+02
   2.9544125e+02   4.1511561e+02
   3.2240544e+02   4.0867500e+02
   3.4425106e+02   3.9174862e+02
   3.6275629e+02   3.7084094e+02
   3.8055434e+02   3.4942231e+02
   3.9194228e+02   3.2412427e+02
   3.9758203e+02   2.9686307e+02
   4.0173195e+02   2.6913184e+02
   4.0402165e+02   2.4164934e+02
   1.9328866e+02   2.0070680e+02
   2.0563430e+02   1.9027111e+02
   2.2060534e+02   1.8459612e+02
   2.3674122e+02   1.8574186e+02
   2.5264269e+02   1.8690132e+02
   3.1521792e+02   1.8505865e+02
   3.3158035e+02   1.8068917e+02
   3.4851118e+02   1.8208446e+02
   3.6505882e+02   1.8541697e+02
   3.7779362e+02   1.9609913e+02
   2.8439172e+02   2.2278897e+02
   2.8549353e+02   2.4257536e+02
   2.8581268e+02   2.6246312e+02
   2.8485394e+02   2.8214347e+02
   2.5462381e+02   2.9629014e+02
   2.6967117e+02   3.0153169e+02
   2.8531484e+02   3.0422885e+02
   3.0079604e+02   3.0162464e+02
   3.1557357e+02   2.9708237e+02
   2.1491493e+02   2.2831279e+02
   2.2739560e+02   2.1503244e+02
   2.4582475e+02   2.1688800e+02
   2.5724538e+02   2.3107196e+02
   2.4277457e+02   2.3601008e+02
   2.2768248e+02   2.3599715e+02
   3.1752010e+02   2.3060971e+02
   3.2915217e+02   2.1615381e+02
   3.4767594e+02   2.1406466e+02
   3.6031043e+02   2.2692729e+02
   3.4774260e+02   2.3582713e+02
   3.3223897e+02   2.3556919e+02
   2.3722893e+02   3.3572633e+02
   2.5409120e+02   3.3673031e+02
   2.7038544e+02   3.3155555e+02
   2.8669624e+02   3.3413612e+02
   3.0504276e+02   3.3097811e+02
   3.2368756e+02   3.3437972e+02
   3.4172994e+02   3.3044327e+02
   3.2576575e+02   3.4680082e+02
   3.0564829e+02   3.5757699e+02
   2.8373328e+02   3.6317721e+02
   2.6593045e+02   3.5862329e+02
   2.5089543e+02   3.4797874e+02
   2.4914938e+02   3.4177818e+02
   2.6106982e+02   3.4169027e+02
   2.8502038e+02   3.4586038e+02
   3.1395015e+02   3.4002080e+02
   3.2784005e+02   3.4034532e+02
   3.1424834e+02   3.4066984e+02
   2.8556179e+02   3.4638500e+02
   2.6104913e+02   3.4186610e+02
