   1.8048718e+02   2.4067865e+02
   1.8261971e+02   2.6919888e+02
   1.8894661e+02   2.9712567e+02
   1.9525039e+02   3.2508238e+02
   2.0885194e+02   3.5020584e+02
   2.2614406e+02   3.7289534e+02
   2.4442660e+02   3.9505065e+02
   2.6768250e+02   4.1152412e+02
   2.9552992e+02   4.1496269e+02
   3.2248271e+02   4.0851674e+02
   3.4413473e+02   3.9133475e+02
   3.6278074e+02   3.7065335e+02
   3.8064711e+02   3.4918747e+02
   3.9197092e+02   3.2397640e+02
   3.9760096e+02   2.9672329e+02
   4.0174234e+02   2.6899463e+02
   4.0402267e+02   2.4152737e+02
   1.9335301e+02   2.0065899e+02
   2.0569131e+02   1.9022351e+02
   2.2065541e+02   1.8454631e+02
   2.3678589e+02   1.8568708e+02
   2.5268203e+02   1.8684163e+02
   3.1523450e+02   1.8498191e+02
   3.3158988e+02   1.8060935e+02
   3.4851509e+02   1.8199936e+02
   3.6505779e+02   1.8532601e+02
   3.7779108e+02   1.9600077e+02
   2.8442993e+02   2.2270754e+02
   2.8553694e+02   2.4248658e+02
   2.8586160e+02   2.6236719e+02
   2.8490877e+02   2.8204081e+02
   2.5461753e+02   2.9614901e+02
   2.6969570e+02   3.0141536e+02
   2.8537575e+02   3.0411821e+02
   3.0131542e+02   3.0139910e+02
   3.1657630e+02   2.9673166e+02
   2.1497940e+02   2.2824904e+02
   2.2760308e+02   2.1518516e+02
   2.4599961e+02   2.1687516e+02
   2.5729558e+02   2.3099526e+02
   2.4283131e+02   2.3593572e+02
   2.2774458e+02   2.3592706e+02
   3.1754875e+02   2.3051613e+02
   3.2917260e+02   2.1606208e+02
   3.4768918e+02   2.1396843e+02
   3.6032283e+02   2.2682291e+02
   3.4776198e+02   2.3572315e+02
   3.3226379e+02   2.3546969e+02
   2.3714350e+02   3.3541552e+02
   2.5409302e+02   3.3633940e+02
   2.7042269e+02   3.3131817e+02
   2.8676512e+02   3.3401445e+02
   3.0512607e+02   3.3070684e+02
   3.2372628e+02   3.3383147e+02
   3.4194206e+02   3.3007084e+02
   3.2605372e+02   3.4643133e+02
   3.0559300e+02   3.5662177e+02
   2.8377791e+02   3.6275947e+02
   2.6597417e+02   3.5809674e+02
   2.5083275e+02   3.4772117e+02
   2.4909818e+02   3.4154861e+02
   2.6105287e+02   3.4146758e+02
   2.8507705e+02   3.4566093e+02
   3.1409610e+02   3.3978781e+02
   3.2801908e+02   3.4011212e+02
   3.1440450e+02   3.4043644e+02
   2.8563001e+02   3.4618661e+02
   2.6103735e+02   3.4162964e+02
