   1.8053104e+02   2.4068338e+02
   1.8557888e+02   2.6907728e+02
   1.9039786e+02   2.9711873e+02
   1.9727085e+02   3.2495878e+02
   2.0937894e+02   3.5060813e+02
   2.2607808e+02   3.7382208e+02
   2.4435470e+02   3.9585596e+02
   2.6766198e+02   4.1205745e+02
   2.9556775e+02   4.1527581e+02
   3.2255873e+02   4.0884460e+02
   3.4481061e+02   3.9240517e+02
   3.6319633e+02   3.7126173e+02
   3.8071917e+02   3.4968238e+02
   3.9220229e+02   3.2425962e+02
   3.9786200e+02   2.9697807e+02
   4.0202425e+02   2.6927625e+02
   4.0433776e+02   2.4172038e+02
   1.9344604e+02   2.0062581e+02
   2.0580809e+02   1.9018797e+02
   2.2079516e+02   1.8451639e+02
   2.3694431e+02   1.8567206e+02
   2.5285882e+02   1.8684133e+02
   3.1548895e+02   1.8503176e+02
   3.3186789e+02   1.8066758e+02
   3.4881252e+02   1.8207346e+02
   3.6537256e+02   1.8541801e+02
   3.7811240e+02   1.9611642e+02
   2.8461530e+02   2.2277747e+02
   2.8570709e+02   2.4258150e+02
   2.8601549e+02   2.6248657e+02
   2.8504502e+02   2.8218333e+02
   2.5541224e+02   2.9667566e+02
   2.7018130e+02   3.0167236e+02
   2.8549408e+02   3.0428798e+02
   3.0022929e+02   3.0187175e+02
   3.1428394e+02   2.9766785e+02
   2.1507563e+02   2.2826754e+02
   2.2737109e+02   2.1469268e+02
   2.4585070e+02   2.1677507e+02
   2.5744099e+02   2.3105255e+02
   2.4295499e+02   2.3598690e+02
   2.2784991e+02   2.3596559e+02
   3.1776787e+02   2.3062330e+02
   3.2941796e+02   2.1616141e+02
   3.4795883e+02   2.1408072e+02
   3.6059708e+02   2.2696143e+02
   3.4801350e+02   2.3586197e+02
   3.3249666e+02   2.3559522e+02
   2.3878277e+02   3.3747391e+02
   2.5501893e+02   3.3727294e+02
   2.7088464e+02   3.3165777e+02
   2.8686009e+02   3.3422176e+02
   3.0483071e+02   3.3113523e+02
   3.2307316e+02   3.3522748e+02
   3.4057734e+02   3.3252427e+02
   3.2465600e+02   3.4807295e+02
   3.0557968e+02   3.5941468e+02
   2.8415626e+02   3.6420918e+02
   2.6675269e+02   3.6002105e+02
   2.5225372e+02   3.4922019e+02
   2.5039884e+02   3.4279315e+02
   2.6201491e+02   3.4264812e+02
   2.8531000e+02   3.4657217e+02
   3.1342493e+02   3.4097134e+02
   3.2700113e+02   3.4129657e+02
   3.1363873e+02   3.4162179e+02
   2.8575509e+02   3.4708587e+02
   2.6195138e+02   3.4293818e+02
