   2.1499879e+02   2.3946259e+02
   2.1530047e+02   2.6977041e+02
   2.1665298e+02   2.9981275e+02
   2.2103097e+02   3.2957668e+02
   2.3169938e+02   3.5755607e+02
   2.4775171e+02   3.8314801e+02
   2.6778090e+02   4.0570202e+02
   2.9157287e+02   4.2371639e+02
   3.2030208e+02   4.3139144e+02
   3.5028454e+02   4.2789233e+02
   3.7732919e+02   4.1471212e+02
   3.9851358e+02   3.9319810e+02
   4.1521940e+02   3.6801144e+02
   4.2821065e+02   3.4075928e+02
   4.3642816e+02   3.1156785e+02
   4.4176071e+02   2.8179345e+02
   4.4576596e+02   2.5201706e+02
   2.3603219e+02   2.1179945e+02
   2.5416990e+02   1.9809847e+02
   2.7593989e+02   1.9299712e+02
   2.9788855e+02   1.9869194e+02
   3.1773195e+02   2.0927064e+02
   3.6014844e+02   2.0852439e+02
   3.7872306e+02   2.0210807e+02
   3.9801960e+02   2.0026132e+02
   4.1643763e+02   2.0629186e+02
   4.2996470e+02   2.1998089e+02
   3.3684294e+02   2.2988650e+02
   3.3599963e+02   2.5191352e+02
   3.3559930e+02   2.7375643e+02
   3.3496736e+02   2.9543916e+02
   3.0284952e+02   3.0897862e+02
   3.1697128e+02   3.1593000e+02
   3.3215058e+02   3.1947836e+02
   3.4580848e+02   3.1682809e+02
   3.5848400e+02   3.1155794e+02
   2.5677919e+02   2.3572661e+02
   2.7206710e+02   2.2525835e+02
   2.9052461e+02   2.2672567e+02
   3.0403750e+02   2.3895800e+02
   2.8811986e+02   2.4313985e+02
   2.7166196e+02   2.4238974e+02
   3.6427618e+02   2.4278556e+02
   3.7869467e+02   2.3248290e+02
   3.9638595e+02   2.3295929e+02
   4.0900927e+02   2.4494824e+02
   3.9401944e+02   2.4943452e+02
   3.7840652e+02   2.4896552e+02
   2.7536739e+02   3.3833511e+02
   2.9325707e+02   3.3160666e+02
   3.1248146e+02   3.3020382e+02
   3.3113984e+02   3.3386183e+02
   3.4820893e+02   3.3388001e+02
   3.6478243e+02   3.3755060e+02
   3.8035602e+02   3.4366640e+02
   3.6537718e+02   3.6363706e+02
   3.4981252e+02   3.8306838e+02
   3.2624402e+02   3.8642462e+02
   3.0246143e+02   3.7976759e+02
   2.8569614e+02   3.6104434e+02
   2.7962948e+02   3.4006416e+02
   3.0488971e+02   3.3926808e+02
   3.2980405e+02   3.4343869e+02
   3.5239361e+02   3.4361275e+02
   3.7436835e+02   3.4593291e+02
   3.5387997e+02   3.6368327e+02
   3.2769818e+02   3.6965284e+02
   2.9913516e+02   3.6182923e+02
