   2.1493649e+02   2.4021443e+02
   2.1536964e+02   2.7089937e+02
   2.1614796e+02   3.0126348e+02
   2.2161524e+02   3.3117337e+02
   2.3215771e+02   3.5934318e+02
   2.4850810e+02   3.8489671e+02
   2.6883436e+02   4.0769716e+02
   2.9367019e+02   4.2484931e+02
   3.2283120e+02   4.3246056e+02
   3.5263642e+02   4.2748138e+02
   3.7924863e+02   4.1386950e+02
   3.9966412e+02   3.9227884e+02
   4.1591953e+02   3.6680411e+02
   4.2996082e+02   3.4025509e+02
   4.3809668e+02   3.1142750e+02
   4.4226835e+02   2.8167311e+02
   4.4543981e+02   2.5209102e+02
   2.3558060e+02   2.1417334e+02
   2.5324685e+02   2.0001939e+02
   2.7571534e+02   1.9559584e+02
   2.9799028e+02   2.0018110e+02
   3.1801491e+02   2.1078922e+02
   3.6008514e+02   2.0891614e+02
   3.7909374e+02   2.0314755e+02
   3.9865736e+02   2.0114481e+02
   4.1716300e+02   2.0719286e+02
   4.3046882e+02   2.2122584e+02
   3.3721362e+02   2.3230781e+02
   3.3636786e+02   2.5454922e+02
   3.3594161e+02   2.7648400e+02
   3.3574759e+02   2.9847804e+02
   3.0196066e+02   3.0828754e+02
   3.1730767e+02   3.1611899e+02
   3.3399695e+02   3.2006149e+02
   3.4846885e+02   3.1666227e+02
   3.6174478e+02   3.0999125e+02
   2.5651423e+02   2.3767898e+02
   2.7156213e+02   2.2695487e+02
   2.9010152e+02   2.2802233e+02
   3.0390799e+02   2.3992060e+02
   2.8784556e+02   2.4377797e+02
   2.7136335e+02   2.4395060e+02
   3.6486970e+02   2.4397607e+02
   3.7914849e+02   2.3422317e+02
   3.9622941e+02   2.3429403e+02
   4.0898776e+02   2.4535338e+02
   3.9442389e+02   2.5054101e+02
   3.7885863e+02   2.5017313e+02
   2.7293428e+02   3.3597319e+02
   2.9220709e+02   3.3110105e+02
   3.1204619e+02   3.3031028e+02
   3.3157301e+02   3.3331034e+02
   3.4936138e+02   3.3287786e+02
   3.6674023e+02   3.3670439e+02
   3.8425749e+02   3.3974173e+02
   3.6773174e+02   3.5978380e+02
   3.5201649e+02   3.8059408e+02
   3.2771219e+02   3.8543476e+02
   3.0250422e+02   3.7915943e+02
   2.8499845e+02   3.5955720e+02
   2.7943317e+02   3.3727682e+02
   3.0574372e+02   3.3788747e+02
   3.3165199e+02   3.4226573e+02
   3.5442246e+02   3.4223030e+02
   3.7681111e+02   3.4171525e+02
   3.5701782e+02   3.6290441e+02
   3.2936612e+02   3.7090964e+02
   2.9793888e+02   3.6314409e+02
