   1.6773753e+02   2.3076511e+02
   1.7038701e+02   2.6216786e+02
   1.7244844e+02   2.9352878e+02
   1.8024273e+02   3.2370456e+02
   1.9159064e+02   3.5294478e+02
   2.0939753e+02   3.7879009e+02
   2.3422894e+02   3.9800662e+02
   2.6133482e+02   4.1355723e+02
   2.9186369e+02   4.1643556e+02
   3.2034396e+02   4.0712364e+02
   3.4254171e+02   3.8700771e+02
   3.6204161e+02   3.6386975e+02
   3.7698945e+02   3.3798663e+02
   3.8669695e+02   3.0928369e+02
   3.9247354e+02   2.7978901e+02
   3.9580696e+02   2.4990211e+02
   3.8845286e+02   2.2111024e+02
   1.8572796e+02   1.9969726e+02
   2.0310596e+02   1.8843245e+02
   2.2401253e+02   1.8639618e+02
   2.4480674e+02   1.8872929e+02
   2.6214640e+02   1.9986636e+02
   2.9931191e+02   1.9608747e+02
   3.1606937e+02   1.8786141e+02
   3.3429227e+02   1.8353537e+02
   3.5287363e+02   1.8387185e+02
   3.6948187e+02   1.9149528e+02
   2.8690206e+02   2.2645158e+02
   2.8950050e+02   2.4670581e+02
   2.9062322e+02   2.6719273e+02
   2.9151646e+02   2.8735263e+02
   2.5676467e+02   3.0369794e+02
   2.7323003e+02   3.0720366e+02
   2.8980239e+02   3.0683298e+02
   3.0388503e+02   3.0645817e+02
   3.1707710e+02   3.0211800e+02
   2.0443933e+02   2.2704425e+02
   2.2127484e+02   2.2091750e+02
   2.3886974e+02   2.2320444e+02
   2.5303877e+02   2.3381230e+02
   2.3592647e+02   2.3516881e+02
   2.1878236e+02   2.3542827e+02
   3.1112748e+02   2.3117846e+02
   3.2495757e+02   2.1945929e+02
   3.4301261e+02   2.1683108e+02
   3.6018743e+02   2.2221202e+02
   3.4564626e+02   2.3113960e+02
   3.2832741e+02   2.3210543e+02
   2.4925314e+02   3.4646095e+02
   2.6170651e+02   3.3545114e+02
   2.7602442e+02   3.2725688e+02
   2.9226683e+02   3.2619496e+02
   3.0733222e+02   3.2551770e+02
   3.2181393e+02   3.2967616e+02
   3.3353293e+02   3.3902479e+02
   3.2275367e+02   3.5223864e+02
   3.0815384e+02   3.6075303e+02
   2.9151210e+02   3.6375069e+02
   2.7560898e+02   3.6296437e+02
   2.6071603e+02   3.5728149e+02
   2.5997930e+02   3.4282405e+02
   2.7070547e+02   3.4253787e+02
   2.9229267e+02   3.4229147e+02
   3.1303891e+02   3.4116522e+02
   3.2328592e+02   3.4135286e+02
   3.1271691e+02   3.4154051e+02
   2.9215370e+02   3.4276020e+02
   2.7047236e+02   3.4311023e+02
