   1.6858780e+02   2.3869462e+02
   1.7345418e+02   2.7054215e+02
   1.7771880e+02   3.0238739e+02
   1.8782747e+02   3.3283019e+02
   2.0117630e+02   3.6217740e+02
   2.2031427e+02   3.8794106e+02
   2.4638516e+02   4.0664017e+02
   2.7602807e+02   4.1850996e+02
   3.0770574e+02   4.2030962e+02
   3.3487108e+02   4.0677476e+02
   3.5557967e+02   3.8497087e+02
   3.7149506e+02   3.5907650e+02
   3.8533028e+02   3.3214072e+02
   3.9339239e+02   3.0284289e+02
   3.9764448e+02   2.7274438e+02
   3.9897093e+02   2.4253875e+02
   3.9079868e+02   2.1370380e+02
   1.9002657e+02   2.1540783e+02
   2.0743611e+02   2.0572419e+02
   2.2704958e+02   2.0260940e+02
   2.4693242e+02   2.0366758e+02
   2.6505868e+02   2.1116110e+02
   3.0273308e+02   2.0983078e+02
   3.1897761e+02   2.0060296e+02
   3.3631656e+02   1.9392362e+02
   3.5469516e+02   1.9118309e+02
   3.7262591e+02   1.9482250e+02
   2.9206352e+02   2.3426013e+02
   2.9552359e+02   2.5470485e+02
   2.9820998e+02   2.7526250e+02
   3.0223083e+02   2.9531806e+02
   2.6497453e+02   3.0617164e+02
   2.8312863e+02   3.1228985e+02
   3.0213712e+02   3.1359615e+02
   3.1712095e+02   3.1126387e+02
   3.3000443e+02   3.0386972e+02
   2.1680862e+02   2.3764675e+02
   2.3237700e+02   2.3452426e+02
   2.4822498e+02   2.3524793e+02
   2.6246031e+02   2.4148573e+02
   2.4696451e+02   2.4157607e+02
   2.3149116e+02   2.4118877e+02
   3.1741626e+02   2.3572752e+02
   3.2952952e+02   2.2437317e+02
   3.4608608e+02   2.2139505e+02
   3.6243869e+02   2.2444950e+02
   3.4851265e+02   2.3159229e+02
   3.3300074e+02   2.3463087e+02
   2.6032106e+02   3.4869609e+02
   2.7289749e+02   3.3789180e+02
   2.8786587e+02   3.3167953e+02
   3.0421944e+02   3.3041924e+02
   3.1862105e+02   3.2802465e+02
   3.3304431e+02   3.2965770e+02
   3.4560047e+02   3.3680463e+02
   3.3506255e+02   3.5046129e+02
   3.2080548e+02   3.6016999e+02
   3.0431877e+02   3.6436947e+02
   2.8764657e+02   3.6407842e+02
   2.7162783e+02   3.6022118e+02
   2.7128309e+02   3.4429383e+02
   2.8224512e+02   3.4393095e+02
   3.0442587e+02   3.4500116e+02
   3.2500509e+02   3.4059337e+02
   3.3530278e+02   3.4082392e+02
   3.2479779e+02   3.4105446e+02
   3.0444075e+02   3.4509903e+02
   2.8207102e+02   3.4465670e+02
