   1.7200491e+02   2.4712923e+02
   1.7838997e+02   2.7884224e+02
   1.8417175e+02   3.1058128e+02
   1.9578544e+02   3.4072309e+02
   2.1046124e+02   3.6966217e+02
   2.3053628e+02   3.9488110e+02
   2.5733058e+02   4.1276129e+02
   2.8798880e+02   4.2234070e+02
   3.2000670e+02   4.2306042e+02
   3.4605011e+02   4.0732892e+02
   3.6555967e+02   3.8459436e+02
   3.7926343e+02   3.5749717e+02
   3.9203512e+02   3.3003440e+02
   3.9880665e+02   3.0054430e+02
   4.0181971e+02   2.7038249e+02
   4.0172944e+02   2.4017377e+02
   3.9273533e+02   2.1163024e+02
   1.9479567e+02   2.2682656e+02
   2.1169004e+02   2.1695976e+02
   2.3074602e+02   2.1319719e+02
   2.5028361e+02   2.1334792e+02
   2.6889779e+02   2.1873768e+02
   3.0684239e+02   2.1709910e+02
   3.2249561e+02   2.0703048e+02
   3.3923227e+02   1.9934822e+02
   3.5731396e+02   1.9516830e+02
   3.7544083e+02   1.9717991e+02
   2.9671712e+02   2.4033069e+02
   3.0090084e+02   2.6066665e+02
   3.0461800e+02   2.8104483e+02
   3.1033084e+02   3.0075400e+02
   2.7184571e+02   3.1003692e+02
   2.9101413e+02   3.1675728e+02
   3.1120932e+02   3.1835212e+02
   3.2639097e+02   3.1487491e+02
   3.3881647e+02   3.0596980e+02
   2.2514191e+02   2.4590692e+02
   2.4002720e+02   2.4357822e+02
   2.5503208e+02   2.4372136e+02
   2.6923158e+02   2.4778758e+02
   2.5445890e+02   2.4752052e+02
   2.3976237e+02   2.4710228e+02
   3.2232694e+02   2.3987668e+02
   3.3332990e+02   2.2830528e+02
   3.4918235e+02   2.2486920e+02
   3.6507925e+02   2.2703906e+02
   3.5165186e+02   2.3377287e+02
   3.3706627e+02   2.3769880e+02
   2.6936765e+02   3.5256513e+02
   2.8152508e+02   3.4149715e+02
   2.9682445e+02   3.3614616e+02
   3.1317157e+02   3.3496293e+02
   3.2698018e+02   3.3079541e+02
   3.4129143e+02   3.3118136e+02
   3.5410996e+02   3.3730742e+02
   3.4426074e+02   3.5147977e+02
   3.3036386e+02   3.6191593e+02
   3.1405648e+02   3.6688135e+02
   2.9718224e+02   3.6741591e+02
   2.8088888e+02   3.6412082e+02
   2.8028665e+02   3.4777807e+02
   2.9120564e+02   3.4741491e+02
   3.1348741e+02   3.4868105e+02
   3.3372643e+02   3.4227133e+02
   3.4391819e+02   3.4253240e+02
   3.3351713e+02   3.4279347e+02
   3.1348628e+02   3.4869350e+02
   2.9106316e+02   3.4814123e+02
