   1.8383052e+02   2.2299696e+02
   1.8617055e+02   2.5344053e+02
   1.8951896e+02   2.8380078e+02
   1.9412718e+02   3.1389331e+02
   2.0261828e+02   3.4314668e+02
   2.1581497e+02   3.7044492e+02
   2.3888838e+02   3.9025181e+02
   2.6548348e+02   4.0498666e+02
   2.9507696e+02   4.0967726e+02
   3.2383648e+02   4.0509514e+02
   3.4949498e+02   3.9137232e+02
   3.7037555e+02   3.7116163e+02
   3.8605985e+02   3.4664603e+02
   3.9550851e+02   3.1905619e+02
   4.0108798e+02   2.9057087e+02
   4.0485001e+02   2.6161906e+02
   4.0757763e+02   2.3271640e+02
   1.9813299e+02   2.0715659e+02
   2.0910757e+02   1.9362010e+02
   2.2420919e+02   1.8534913e+02
   2.4143766e+02   1.8749356e+02
   2.5803526e+02   1.9248745e+02
   3.2179770e+02   1.9404985e+02
   3.3754014e+02   1.8957446e+02
   3.5350311e+02   1.8696084e+02
   3.6889103e+02   1.9218209e+02
   3.8173247e+02   2.0198769e+02
   2.9126096e+02   2.2418432e+02
   2.9161643e+02   2.4440386e+02
   2.9199192e+02   2.6456809e+02
   2.9201811e+02   2.8446940e+02
   2.6597983e+02   2.9556995e+02
   2.7909250e+02   3.0065124e+02
   2.9278625e+02   3.0263235e+02
   3.0420246e+02   3.0074088e+02
   3.1485130e+02   2.9641898e+02
   2.2208662e+02   2.2919001e+02
   2.3512593e+02   2.1917569e+02
   2.5167007e+02   2.2187927e+02
   2.6304821e+02   2.3383800e+02
   2.4880324e+02   2.3561826e+02
   2.3459352e+02   2.3544514e+02
   3.1908222e+02   2.3385262e+02
   3.3154569e+02   2.2154168e+02
   3.4924594e+02   2.2038385e+02
   3.6313736e+02   2.3077259e+02
   3.4951050e+02   2.3712238e+02
   3.3415294e+02   2.3578876e+02
   2.5355613e+02   3.3519771e+02
   2.6673658e+02   3.3048313e+02
   2.7875052e+02   3.2307797e+02
   2.9203786e+02   3.2456415e+02
   3.0488883e+02   3.2294701e+02
   3.1656131e+02   3.2951860e+02
   3.2912297e+02   3.3338984e+02
   3.1722374e+02   3.4052227e+02
   3.0644988e+02   3.4920401e+02
   2.9314875e+02   3.5132398e+02
   2.7884961e+02   3.4955148e+02
   2.6685289e+02   3.4093459e+02
   2.6847646e+02   3.3611201e+02
   2.8060012e+02   3.3473304e+02
   2.9259825e+02   3.3623656e+02
   3.0469442e+02   3.3428928e+02
   3.1661003e+02   3.3627353e+02
   3.0448577e+02   3.3506762e+02
   2.9254261e+02   3.3696499e+02
   2.8053964e+02   3.3540377e+02
