   1.9142418e+02   1.9691134e+02
   1.9137352e+02   2.2794315e+02
   1.9300264e+02   2.5892547e+02
   1.9626896e+02   2.8988736e+02
   2.0536345e+02   3.1929791e+02
   2.2440938e+02   3.4324163e+02
   2.5106565e+02   3.5874739e+02
   2.7987913e+02   3.7070611e+02
   3.1021520e+02   3.7289204e+02
   3.4027109e+02   3.6916817e+02
   3.6722778e+02   3.5524138e+02
   3.9026022e+02   3.3564303e+02
   4.0490721e+02   3.0912838e+02
   4.1467426e+02   2.8017195e+02
   4.1684898e+02   2.5004010e+02
   4.1599092e+02   2.1956647e+02
   4.1201573e+02   1.8962220e+02
   2.0408043e+02   1.7876427e+02
   2.1966431e+02   1.6709851e+02
   2.3857801e+02   1.6330249e+02
   2.5814842e+02   1.6389074e+02
   2.7699371e+02   1.6851074e+02
   3.2237916e+02   1.7161344e+02
   3.4034917e+02   1.6398564e+02
   3.5956527e+02   1.6123588e+02
   3.7884595e+02   1.6186353e+02
   3.9598135e+02   1.7039016e+02
   3.0479015e+02   1.9338818e+02
   3.0538307e+02   2.1493513e+02
   3.0562812e+02   2.3638442e+02
   3.0565628e+02   2.5777520e+02
   2.8238397e+02   2.7451966e+02
   2.9334409e+02   2.7664130e+02
   3.0443712e+02   2.7769206e+02
   3.1555844e+02   2.7666104e+02
   3.2616100e+02   2.7375083e+02
   2.2832376e+02   2.0440160e+02
   2.4425501e+02   1.9480412e+02
   2.6284393e+02   1.9627515e+02
   2.7726987e+02   2.0779583e+02
   2.6082361e+02   2.0862390e+02
   2.4424990e+02   2.0787102e+02
   3.3010193e+02   2.0772808e+02
   3.4555688e+02   1.9682482e+02
   3.6433353e+02   1.9456422e+02
   3.8012847e+02   2.0405573e+02
   3.6368263e+02   2.0803459e+02
   3.4682033e+02   2.0830575e+02
   2.6002089e+02   3.0055878e+02
   2.7456506e+02   2.9691932e+02
   2.8915843e+02   2.9473949e+02
   3.0390166e+02   2.9582907e+02
   3.1962007e+02   2.9403854e+02
   3.3513360e+02   2.9663482e+02
   3.5037955e+02   3.0005091e+02
   3.3646159e+02   3.0949780e+02
   3.2108265e+02   3.1614051e+02
   3.0458144e+02   3.1760491e+02
   2.8835100e+02   3.1615347e+02
   2.7362136e+02   3.0943146e+02
   2.7101836e+02   3.0204752e+02
   2.8201582e+02   3.0194353e+02
   3.0364194e+02   3.0352946e+02
   3.2708369e+02   3.0026934e+02
   3.3873162e+02   3.0040810e+02
   3.2686614e+02   3.0054687e+02
   3.0371076e+02   3.0374146e+02
   2.8177270e+02   3.0215151e+02
