   3.1289094e+02   2.0411606e+02
   3.1355384e+02   2.2879331e+02
   3.1743657e+02   2.5320689e+02
   3.2302334e+02   2.7737873e+02
   3.2975545e+02   3.0105772e+02
   3.4245299e+02   3.2196198e+02
   3.6328077e+02   3.3509521e+02
   3.8544315e+02   3.4588094e+02
   4.0961024e+02   3.4958420e+02
   4.3447382e+02   3.4575047e+02
   4.5702959e+02   3.3469624e+02
   4.7807096e+02   3.2071097e+02
   4.9373151e+02   3.0114514e+02
   4.9919451e+02   2.7659069e+02
   5.0239203e+02   2.5183017e+02
   5.0548538e+02   2.2675954e+02
   5.0727784e+02   2.0166349e+02
   3.2937365e+02   1.9018999e+02
   3.4108759e+02   1.8396429e+02
   3.5442797e+02   1.8174066e+02
   3.6786190e+02   1.8349041e+02
   3.8122199e+02   1.8535319e+02
   4.2285379e+02   1.8314517e+02
   4.3651309e+02   1.8269328e+02
   4.4995554e+02   1.8031763e+02
   4.6347261e+02   1.8190515e+02
   4.7643456e+02   1.8633573e+02
   4.0629127e+02   2.0123567e+02
   4.0656821e+02   2.1172139e+02
   4.0691561e+02   2.2218413e+02
   4.0694612e+02   2.3255546e+02
   3.8903191e+02   2.6019783e+02
   3.9741451e+02   2.5718086e+02
   4.0625167e+02   2.5739386e+02
   4.1452565e+02   2.5679290e+02
   4.2213837e+02   2.6003276e+02
   3.5029164e+02   2.0739864e+02
   3.5953466e+02   2.0001489e+02
   3.7128906e+02   1.9885485e+02
   3.8005779e+02   2.0632710e+02
   3.7030635e+02   2.1002608e+02
   3.5991909e+02   2.1092318e+02
   4.3307147e+02   2.0411677e+02
   4.4208218e+02   1.9737934e+02
   4.5346357e+02   1.9954825e+02
   4.6270016e+02   2.0638666e+02
   4.5265262e+02   2.0893770e+02
   4.4239274e+02   2.0835876e+02
   3.7218238e+02   2.9107915e+02
   3.8288732e+02   2.8436584e+02
   3.9464966e+02   2.8017172e+02
   4.0676821e+02   2.8200025e+02
   4.2033970e+02   2.7918100e+02
   4.3412874e+02   2.8282975e+02
   4.4525974e+02   2.9143409e+02
   4.3281881e+02   2.9005125e+02
   4.2029283e+02   2.9018003e+02
   4.0776956e+02   2.9105686e+02
   3.9577349e+02   2.9123426e+02
   3.8397848e+02   2.9157240e+02
   3.8103724e+02   2.8839678e+02
   3.9403283e+02   2.8670466e+02
   4.0695082e+02   2.8643798e+02
   4.2068829e+02   2.8560161e+02
   4.3420862e+02   2.8686334e+02
   4.2055028e+02   2.8574102e+02
   4.0695092e+02   2.8663295e+02
   3.9391083e+02   2.8684665e+02
