   3.1346282e+02   2.0505273e+02
   3.1412212e+02   2.2976141e+02
   3.1800171e+02   2.5418812e+02
   3.2358486e+02   2.7837397e+02
   3.3039223e+02   3.0204654e+02
   3.4302275e+02   3.2302422e+02
   3.6384126e+02   3.3618129e+02
   3.8605700e+02   3.4691170e+02
   4.1024296e+02   3.5050688e+02
   4.3513575e+02   3.4671097e+02
   4.5772671e+02   3.3567561e+02
   4.7886252e+02   3.2180205e+02
   4.9452276e+02   3.0221929e+02
   4.9999201e+02   2.7763369e+02
   5.0319811e+02   2.5284229e+02
   5.0629948e+02   2.2774019e+02
   5.0809678e+02   2.0263208e+02
   3.3103059e+02   1.9060713e+02
   3.4318671e+02   1.8591776e+02
   3.5590343e+02   1.8366194e+02
   3.6876765e+02   1.8546101e+02
   3.8149250e+02   1.8720510e+02
   4.2271689e+02   1.8499019e+02
   4.3653035e+02   1.8465118e+02
   4.5012666e+02   1.8222069e+02
   4.6389232e+02   1.8333421e+02
   4.7698790e+02   1.8769555e+02
   4.0694780e+02   2.0322827e+02
   4.0717950e+02   2.1379604e+02
   4.0759407e+02   2.2429532e+02
   4.0755165e+02   2.3473560e+02
   3.8874334e+02   2.6268739e+02
   3.9756418e+02   2.5917688e+02
   4.0696531e+02   2.5974454e+02
   4.1544072e+02   2.5878996e+02
   4.2315160e+02   2.6239008e+02
   3.5086049e+02   2.0914745e+02
   3.6052176e+02   2.0222549e+02
   3.7218267e+02   2.0085475e+02
   3.8121964e+02   2.0796244e+02
   3.7124525e+02   2.1148065e+02
   3.6070253e+02   2.1244962e+02
   4.3421861e+02   2.0571907e+02
   4.4348866e+02   1.9941232e+02
   4.5481833e+02   2.0148331e+02
   4.6424185e+02   2.0794592e+02
   4.5407209e+02   2.1073199e+02
   4.4365773e+02   2.1014890e+02
   3.7220207e+02   2.9331741e+02
   3.8286136e+02   2.8612983e+02
   3.9489019e+02   2.8220197e+02
   4.0739279e+02   2.8359741e+02
   4.2181824e+02   2.8113920e+02
   4.3597884e+02   2.8462248e+02
   4.4726915e+02   2.9363745e+02
   4.3440440e+02   2.9105112e+02
   4.2130186e+02   2.9000322e+02
   4.0833126e+02   2.9061311e+02
   3.9624589e+02   2.9111353e+02
   3.8424957e+02   2.9272439e+02
   3.8171486e+02   2.8963141e+02
   3.9468540e+02   2.8765922e+02
   4.0757239e+02   2.8726313e+02
   4.2174890e+02   2.8667022e+02
   4.3566562e+02   2.8818577e+02
   4.2160829e+02   2.8677811e+02
   4.0757246e+02   2.8745871e+02
   3.9453764e+02   2.8779173e+02
