   3.1291111e+02   2.0433133e+02
   3.1357899e+02   2.2901969e+02
   3.1746840e+02   2.5344524e+02
   3.2306281e+02   2.7762854e+02
   3.2979636e+02   3.0132020e+02
   3.4251047e+02   3.2222782e+02
   3.6335307e+02   3.3536283e+02
   3.8552519e+02   3.4615549e+02
   4.0970483e+02   3.4986591e+02
   4.3457928e+02   3.4602245e+02
   4.5714286e+02   3.3495645e+02
   4.7818570e+02   3.2095002e+02
   4.9385171e+02   3.0137190e+02
   4.9931298e+02   2.7680534e+02
   5.0250727e+02   2.5203294e+02
   5.0559732e+02   2.2695034e+02
   5.0738603e+02   2.0184086e+02
   3.2985687e+02   1.9034345e+02
   3.4174140e+02   1.8472691e+02
   3.5483601e+02   1.8249226e+02
   3.6804125e+02   1.8427176e+02
   3.8115457e+02   1.8607099e+02
   4.2252875e+02   1.8390798e+02
   4.3623142e+02   1.8355038e+02
   4.4970563e+02   1.8111049e+02
   4.6329150e+02   1.8254910e+02
   4.7634890e+02   1.8685591e+02
   4.0633443e+02   2.0192967e+02
   4.0660834e+02   2.1245738e+02
   4.0698362e+02   2.2295093e+02
   4.0699947e+02   2.3336041e+02
   3.8869909e+02   2.6104438e+02
   3.9726469e+02   2.5781684e+02
   4.0633944e+02   2.5817664e+02
   4.1469728e+02   2.5742418e+02
   4.2235197e+02   2.6081367e+02
   3.5032423e+02   2.0802085e+02
   3.5971005e+02   2.0078909e+02
   3.7143269e+02   1.9952478e+02
   3.8027908e+02   2.0688203e+02
   3.7045924e+02   2.1052065e+02
   3.6002691e+02   2.1144778e+02
   4.3325742e+02   2.0471350e+02
   4.4232364e+02   1.9805911e+02
   4.5370428e+02   2.0024086e+02
   4.6304972e+02   2.0693371e+02
   4.5295191e+02   2.0951820e+02
   4.4264799e+02   2.0895356e+02
   3.7193667e+02   2.9182909e+02
   3.8266923e+02   2.8501677e+02
   3.9457877e+02   2.8101093e+02
   4.0685256e+02   2.8263150e+02
   4.2074915e+02   2.7992316e+02
   4.3475444e+02   2.8339820e+02
   4.4594611e+02   2.9219064e+02
   4.3332933e+02   2.9023521e+02
   4.2058527e+02   2.8986830e+02
   4.0790090e+02   2.9065616e+02
   3.9581968e+02   2.9098702e+02
   3.8389147e+02   2.9185598e+02
   3.8102901e+02   2.8877981e+02
   3.9407486e+02   2.8701064e+02
   4.0703387e+02   2.8669292e+02
   4.2096342e+02   2.8592869e+02
   4.3466580e+02   2.8724576e+02
   4.2082342e+02   2.8605981e+02
   4.0703400e+02   2.8688795e+02
   3.9394179e+02   2.8714684e+02
