   1.9008134e+02   2.3857335e+02
   1.9260601e+02   2.6334921e+02
   1.9719002e+02   2.8745345e+02
   2.0266349e+02   3.1157029e+02
   2.1240151e+02   3.3417254e+02
   2.2602953e+02   3.5483978e+02
   2.4325575e+02   3.7222497e+02
   2.6498406e+02   3.8387020e+02
   2.8905438e+02   3.8805301e+02
   3.1515739e+02   3.8516014e+02
   3.3857273e+02   3.7320627e+02
   3.5827667e+02   3.5590598e+02
   3.7213006e+02   3.3345042e+02
   3.8164033e+02   3.0899995e+02
   3.8645835e+02   2.8312297e+02
   3.8892859e+02   2.5681818e+02
   3.8887153e+02   2.3059451e+02
   2.0625644e+02   2.2378250e+02
   2.1752740e+02   2.1703700e+02
   2.3036501e+02   2.1461619e+02
   2.4352902e+02   2.1461824e+02
   2.5663927e+02   2.1543039e+02
   3.0697523e+02   2.1618846e+02
   3.2075150e+02   2.1171633e+02
   3.3493476e+02   2.0977153e+02
   3.4923448e+02   2.1130428e+02
   3.6252056e+02   2.1646812e+02
   2.8400339e+02   2.3914412e+02
   2.8466681e+02   2.5531099e+02
   2.8534926e+02   2.7154500e+02
   2.8586818e+02   2.8759930e+02
   2.6752262e+02   2.9970761e+02
   2.7670304e+02   3.0484862e+02
   2.8691879e+02   3.0678598e+02
   2.9834446e+02   3.0530096e+02
   3.0827901e+02   2.9963562e+02
   2.3055941e+02   2.4319623e+02
   2.3890056e+02   2.3618138e+02
   2.4995485e+02   2.3716321e+02
   2.5955499e+02   2.4285019e+02
   2.5000341e+02   2.4614691e+02
   2.3989101e+02   2.4670187e+02
   3.1637691e+02   2.3935754e+02
   3.2533375e+02   2.3332179e+02
   3.3616816e+02   2.3363242e+02
   3.4519633e+02   2.3953478e+02
   3.3580659e+02   2.4387658e+02
   3.2553444e+02   2.4378064e+02
   2.5016897e+02   3.2157049e+02
   2.6319792e+02   3.2183844e+02
   2.7635668e+02   3.2132373e+02
   2.8907058e+02   3.2433773e+02
   3.0229951e+02   3.2121685e+02
   3.1602550e+02   3.2190465e+02
   3.2949034e+02   3.2278555e+02
   3.1844680e+02   3.3521280e+02
   3.0591794e+02   3.4562801e+02
   2.8999090e+02   3.4814876e+02
   2.7386842e+02   3.4473718e+02
   2.6118438e+02   3.3402781e+02
   2.5500374e+02   3.2373116e+02
   2.7244659e+02   3.2676282e+02
   2.8969130e+02   3.2962623e+02
   3.0741358e+02   3.2755900e+02
   3.2491255e+02   3.2475248e+02
   3.0813621e+02   3.3207395e+02
   2.9001414e+02   3.3324676e+02
   2.7171847e+02   3.3109722e+02
