   1.7329577e+02   2.2045237e+02
   1.7578038e+02   2.4466527e+02
   1.7909859e+02   2.6855202e+02
   1.8579387e+02   2.9148312e+02
   1.9789954e+02   3.1230836e+02
   2.1359355e+02   3.3072687e+02
   2.3401814e+02   3.4349610e+02
   2.5691873e+02   3.5038092e+02
   2.8085292e+02   3.5186140e+02
   3.0582357e+02   3.4719201e+02
   3.2783531e+02   3.3460130e+02
   3.4741826e+02   3.1838670e+02
   3.6172081e+02   2.9756587e+02
   3.7006395e+02   2.7343816e+02
   3.7395473e+02   2.4835941e+02
   3.7492665e+02   2.2288802e+02
   3.7464505e+02   1.9766449e+02
   1.8755083e+02   1.7821410e+02
   1.9852745e+02   1.6492019e+02
   2.1431940e+02   1.5787565e+02
   2.3152635e+02   1.5850583e+02
   2.4816123e+02   1.6304933e+02
   2.9084992e+02   1.6107485e+02
   3.0756951e+02   1.5451776e+02
   3.2506420e+02   1.5101799e+02
   3.4184419e+02   1.5618407e+02
   3.5449933e+02   1.6852047e+02
   2.7058735e+02   1.7877259e+02
   2.7123652e+02   1.9660199e+02
   2.7212897e+02   2.1421837e+02
   2.7290626e+02   2.3185748e+02
   2.5090199e+02   2.4870076e+02
   2.6246173e+02   2.5303036e+02
   2.7477892e+02   2.5347934e+02
   2.8662021e+02   2.5188103e+02
   2.9743782e+02   2.4738467e+02
   2.0937511e+02   1.9385903e+02
   2.2052463e+02   1.8732868e+02
   2.3422606e+02   1.8665672e+02
   2.4583112e+02   1.9170679e+02
   2.3384582e+02   1.9559212e+02
   2.2139591e+02   1.9655594e+02
   2.9633419e+02   1.8836540e+02
   3.0830478e+02   1.8223010e+02
   3.2231156e+02   1.8202775e+02
   3.3382310e+02   1.8850379e+02
   3.2152933e+02   1.9158220e+02
   3.0881202e+02   1.9059168e+02
   2.3653106e+02   2.8624215e+02
   2.4924762e+02   2.7806579e+02
   2.6129465e+02   2.6884050e+02
   2.7567659e+02   2.7009865e+02
   2.9058629e+02   2.6882688e+02
   3.0408914e+02   2.7611573e+02
   3.1794993e+02   2.8212890e+02
   3.0598948e+02   2.9202068e+02
   2.9230488e+02   2.9933710e+02
   2.7716723e+02   3.0080887e+02
   2.6224164e+02   3.0036160e+02
   2.4846080e+02   2.9493610e+02
   2.4817636e+02   2.8623886e+02
   2.6187842e+02   2.8114512e+02
   2.7620561e+02   2.8305689e+02
   2.9150398e+02   2.8039137e+02
   3.0652814e+02   2.8316974e+02
   2.9145348e+02   2.8249200e+02
   2.7660105e+02   2.8490666e+02
   2.6208070e+02   2.8305667e+02
