   2.0078386e+02   1.7811207e+02
   2.0395141e+02   2.1067139e+02
   2.0911151e+02   2.4275610e+02
   2.1385373e+02   2.7509698e+02
   2.2454578e+02   3.0576315e+02
   2.3889179e+02   3.3493935e+02
   2.6004169e+02   3.5973574e+02
   2.8529324e+02   3.8016627e+02
   3.1652314e+02   3.8628874e+02
   3.4875266e+02   3.8021213e+02
   3.7491188e+02   3.6044485e+02
   3.9325421e+02   3.3310361e+02
   4.0735319e+02   3.0310614e+02
   4.1569025e+02   2.7133604e+02
   4.2077956e+02   2.3876599e+02
   4.2401829e+02   2.0582123e+02
   4.2604996e+02   1.7308778e+02
   2.2554521e+02   1.6494494e+02
   2.3776444e+02   1.5518813e+02
   2.5312152e+02   1.5244202e+02
   2.6862919e+02   1.5527276e+02
   2.8385447e+02   1.5925304e+02
   3.4488370e+02   1.6310662e+02
   3.6019798e+02   1.5748287e+02
   3.7619391e+02   1.5435606e+02
   3.9230683e+02   1.5511985e+02
   4.0540756e+02   1.6396721e+02
   3.1820412e+02   1.8660661e+02
   3.2018565e+02   2.0395626e+02
   3.2125140e+02   2.2139760e+02
   3.2118495e+02   2.3863512e+02
   3.0186482e+02   2.6756914e+02
   3.1282373e+02   2.7119039e+02
   3.2408456e+02   2.7266207e+02
   3.3303038e+02   2.7081082e+02
   3.4106674e+02   2.6656162e+02
   2.4787101e+02   1.8382055e+02
   2.5990523e+02   1.7382251e+02
   2.7554850e+02   1.7405804e+02
   2.8584524e+02   1.8532780e+02
   2.7341439e+02   1.9344351e+02
   2.5874816e+02   1.9340077e+02
   3.4772125e+02   1.8593602e+02
   3.5950486e+02   1.7506329e+02
   3.7554791e+02   1.7403459e+02
   3.8635918e+02   1.8522573e+02
   3.7452749e+02   1.9336822e+02
   3.6007586e+02   1.9316505e+02
   2.8583752e+02   3.0552862e+02
   2.9709558e+02   3.0126760e+02
   3.0839282e+02   2.9753985e+02
   3.1982700e+02   2.9953629e+02
   3.3091750e+02   2.9713039e+02
   3.4211873e+02   2.9913855e+02
   3.5212757e+02   3.0458498e+02
   3.4387340e+02   3.1385287e+02
   3.3259649e+02   3.1910803e+02
   3.2035529e+02   3.2061712e+02
   3.0737750e+02   3.1946160e+02
   2.9532353e+02   3.1448802e+02
   2.9090663e+02   3.0679289e+02
   3.0559670e+02   3.0788230e+02
   3.2010307e+02   3.0847653e+02
   3.3362610e+02   3.0728610e+02
   3.4710927e+02   3.0554170e+02
   3.3347176e+02   3.0681162e+02
   3.2023815e+02   3.0786831e+02
   3.0566528e+02   3.0715060e+02
