   1.8735513e+02   1.7550716e+02
   1.8957670e+02   2.0553764e+02
   1.9405617e+02   2.3494195e+02
   1.9645686e+02   2.6475601e+02
   2.0562855e+02   2.9302901e+02
   2.2387021e+02   3.1660814e+02
   2.4875494e+02   3.3310302e+02
   2.7485289e+02   3.4763696e+02
   3.0382664e+02   3.5142588e+02
   3.3007232e+02   3.4394049e+02
   3.5390979e+02   3.3116762e+02
   3.7522769e+02   3.1468213e+02
   3.9177357e+02   2.9324367e+02
   3.9986065e+02   2.6728864e+02
   4.0428732e+02   2.4064970e+02
   4.0691870e+02   2.1372348e+02
   4.0849314e+02   1.8668752e+02
   2.0810410e+02   1.5367402e+02
   2.2069189e+02   1.4459807e+02
   2.3630755e+02   1.4261909e+02
   2.5208476e+02   1.4325786e+02
   2.6763716e+02   1.4562989e+02
   3.3234898e+02   1.4737721e+02
   3.4761012e+02   1.4570829e+02
   3.6293044e+02   1.4614919e+02
   3.7813191e+02   1.4785492e+02
   3.9175403e+02   1.5447853e+02
   3.0223416e+02   1.7833940e+02
   3.0215561e+02   1.9663985e+02
   3.0183288e+02   2.1467892e+02
   3.0224369e+02   2.3272316e+02
   2.7522361e+02   2.4232871e+02
   2.8735642e+02   2.4738820e+02
   3.0015501e+02   2.4987533e+02
   3.1320351e+02   2.4725886e+02
   3.2557097e+02   2.4243835e+02
   2.2863906e+02   1.7535284e+02
   2.4260085e+02   1.6465843e+02
   2.6052809e+02   1.6696281e+02
   2.7131353e+02   1.8061710e+02
   2.5631896e+02   1.8166592e+02
   2.4143056e+02   1.8203559e+02
   3.2984804e+02   1.8186748e+02
   3.4049729e+02   1.6858165e+02
   3.5785122e+02   1.6682346e+02
   3.7140717e+02   1.7704014e+02
   3.5933537e+02   1.8557168e+02
   3.4419193e+02   1.8621092e+02
   2.5334776e+02   2.7641988e+02
   2.6778930e+02   2.6998576e+02
   2.8313602e+02   2.6719456e+02
   2.9844337e+02   2.6988050e+02
   3.1301457e+02   2.6856030e+02
   3.2729202e+02   2.7152520e+02
   3.4086648e+02   2.7685793e+02
   3.2854300e+02   2.8829353e+02
   3.1424499e+02   2.9709076e+02
   2.9793883e+02   2.9984358e+02
   2.8170099e+02   2.9493471e+02
   2.6721477e+02   2.8574127e+02
   2.7353568e+02   2.7592748e+02
   2.8628894e+02   2.7683289e+02
   2.9902257e+02   2.7756450e+02
   3.1157245e+02   2.7662924e+02
   3.2409262e+02   2.7709096e+02
   3.1200623e+02   2.7915805e+02
   2.9957956e+02   2.8015829e+02
   2.8617274e+02   2.7897152e+02
