   2.1121953e+02   2.2710728e+02
   2.1122194e+02   2.6073912e+02
   2.1795797e+02   2.9392743e+02
   2.2662238e+02   3.2649910e+02
   2.3804155e+02   3.5803596e+02
   2.5933721e+02   3.8404519e+02
   2.8559353e+02   4.0512862e+02
   3.1516844e+02   4.2154455e+02
   3.4810330e+02   4.2419853e+02
   3.8216941e+02   4.1823840e+02
   4.1341663e+02   4.0419571e+02
   4.4156833e+02   3.8402355e+02
   4.6444415e+02   3.5852718e+02
   4.7576145e+02   3.2605447e+02
   4.8435496e+02   2.9243273e+02
   4.8971525e+02   2.5840866e+02
   4.8762716e+02   2.2433086e+02
   2.3635946e+02   2.1047525e+02
   2.5383940e+02   1.9901176e+02
   2.7425179e+02   1.9434790e+02
   2.9501717e+02   1.9637527e+02
   3.1510375e+02   2.0168521e+02
   3.7399863e+02   2.0200795e+02
   3.9458117e+02   1.9271903e+02
   4.1655047e+02   1.8886285e+02
   4.3850623e+02   1.9231847e+02
   4.5719798e+02   2.0422436e+02
   3.4657327e+02   2.2106110e+02
   3.4687010e+02   2.4261153e+02
   3.4738611e+02   2.6409682e+02
   3.4767631e+02   2.8548921e+02
   3.2030004e+02   3.1230991e+02
   3.3456203e+02   3.1358636e+02
   3.4878102e+02   3.1424685e+02
   3.6561665e+02   3.1430986e+02
   3.8223943e+02   3.1286584e+02
   2.5848490e+02   2.3060483e+02
   2.7635917e+02   2.2221637e+02
   2.9583951e+02   2.2616028e+02
   3.1268646e+02   2.3684019e+02
   2.9361772e+02   2.3799063e+02
   2.7454746e+02   2.3960091e+02
   3.8130984e+02   2.3542672e+02
   3.9785851e+02   2.2166622e+02
   4.1938087e+02   2.1964723e+02
   4.3853760e+02   2.2923476e+02
   4.2014488e+02   2.3561198e+02
   4.0060615e+02   2.3650479e+02
   2.9322509e+02   3.4294007e+02
   3.1004215e+02   3.3502167e+02
   3.2818208e+02   3.3115588e+02
   3.4622404e+02   3.3470497e+02
   3.6573273e+02   3.3305551e+02
   3.8443223e+02   3.3849425e+02
   4.0168305e+02   3.4739413e+02
   3.8382221e+02   3.5531983e+02
   3.6519718e+02   3.6138635e+02
   3.4596511e+02   3.6291310e+02
   3.2622713e+02   3.6156813e+02
   3.0750800e+02   3.5607624e+02
   3.0654494e+02   3.4453734e+02
   3.1986478e+02   3.4436288e+02
   3.4622105e+02   3.4744623e+02
   3.7399317e+02   3.4733316e+02
   3.8783811e+02   3.4744740e+02
   3.7394231e+02   3.4756165e+02
   3.4634716e+02   3.4770315e+02
   3.1968089e+02   3.4471180e+02
