   2.4504714e+02   2.4439863e+02
   2.4894473e+02   2.7511986e+02
   2.5679357e+02   3.0502902e+02
   2.6484494e+02   3.3478985e+02
   2.7408939e+02   3.6408681e+02
   2.9260097e+02   3.8842895e+02
   3.1810389e+02   4.0588354e+02
   3.4535826e+02   4.2004882e+02
   3.7560996e+02   4.2340590e+02
   4.0630354e+02   4.1973959e+02
   4.3400933e+02   4.0563668e+02
   4.5869092e+02   3.8681574e+02
   4.7628370e+02   3.6138500e+02
   4.8362126e+02   3.3123348e+02
   4.8870446e+02   3.0055968e+02
   4.9416584e+02   2.7004974e+02
   4.9579977e+02   2.3925483e+02
   2.6597201e+02   2.1337047e+02
   2.8474645e+02   2.0122680e+02
   3.0620637e+02   1.9574285e+02
   3.2835722e+02   1.9772895e+02
   3.4973522e+02   2.0401188e+02
   3.8934935e+02   2.0167621e+02
   4.0992534e+02   1.9316701e+02
   4.3170676e+02   1.8916933e+02
   4.5338028e+02   1.9308842e+02
   4.7276342e+02   2.0372267e+02
   3.6966578e+02   2.3516356e+02
   3.6993682e+02   2.5290100e+02
   3.7033371e+02   2.7063961e+02
   3.7097945e+02   2.8813428e+02
   3.4602624e+02   3.1249165e+02
   3.5891928e+02   3.1561415e+02
   3.7204273e+02   3.1668025e+02
   3.8442860e+02   3.1524134e+02
   3.9636029e+02   3.1194797e+02
   2.8504572e+02   2.4111765e+02
   3.0070294e+02   2.2880869e+02
   3.2079721e+02   2.2896624e+02
   3.3772708e+02   2.3949949e+02
   3.2007831e+02   2.4203219e+02
   3.0249197e+02   2.4350737e+02
   4.0242483e+02   2.3831388e+02
   4.1853142e+02   2.2500977e+02
   4.3923304e+02   2.2405356e+02
   4.5658171e+02   2.3541665e+02
   4.3858336e+02   2.3820653e+02
   4.2046328e+02   2.3816258e+02
   3.1855510e+02   3.5350265e+02
   3.3561871e+02   3.4430884e+02
   3.5397894e+02   3.3843165e+02
   3.7310894e+02   3.3857921e+02
   3.9127358e+02   3.3934931e+02
   4.0838958e+02   3.4514237e+02
   4.2480314e+02   3.5285388e+02
   4.0955262e+02   3.6186087e+02
   3.9224328e+02   3.6633201e+02
   3.7454662e+02   3.6711443e+02
   3.5499675e+02   3.6608505e+02
   3.3628505e+02   3.6120741e+02
   3.4230803e+02   3.5218572e+02
   3.5810072e+02   3.5128280e+02
   3.7376408e+02   3.5155610e+02
   3.8907248e+02   3.5181580e+02
   4.0419990e+02   3.5311936e+02
   3.8899181e+02   3.5289087e+02
   3.7389092e+02   3.5286646e+02
   3.5802504e+02   3.5275558e+02
