   1.6299901e+02   2.2810760e+02
   1.6741902e+02   2.5042507e+02
   1.7263066e+02   2.7260590e+02
   1.7933432e+02   2.9423688e+02
   1.9194182e+02   3.1285406e+02
   2.0844429e+02   3.2850730e+02
   2.2766357e+02   3.4036562e+02
   2.4890062e+02   3.4836147e+02
   2.7120973e+02   3.4811217e+02
   2.9642893e+02   3.4450930e+02
   3.1819952e+02   3.3092624e+02
   3.3804761e+02   3.1433179e+02
   3.5171435e+02   2.9254367e+02
   3.6176030e+02   2.6898257e+02
   3.6501733e+02   2.4354554e+02
   3.6553762e+02   2.1765849e+02
   3.6545110e+02   1.9204801e+02
   1.7413157e+02   1.8056121e+02
   1.8280027e+02   1.6500145e+02
   1.9780093e+02   1.5584832e+02
   2.1555978e+02   1.5681276e+02
   2.3310359e+02   1.5919890e+02
   2.7412575e+02   1.5578251e+02
   2.9079924e+02   1.4855444e+02
   3.0818776e+02   1.4427694e+02
   3.2558941e+02   1.4860770e+02
   3.3907973e+02   1.6006049e+02
   2.5617788e+02   1.7714800e+02
   2.5743240e+02   1.9429036e+02
   2.5827447e+02   2.1148851e+02
   2.5959310e+02   2.2842702e+02
   2.4038087e+02   2.4639645e+02
   2.5124910e+02   2.4841567e+02
   2.6215438e+02   2.4936649e+02
   2.7328873e+02   2.4743181e+02
   2.8393645e+02   2.4382119e+02
   1.9806534e+02   1.9164926e+02
   2.0782328e+02   1.8197681e+02
   2.2168261e+02   1.8162732e+02
   2.3438474e+02   1.8740078e+02
   2.2301843e+02   1.9361449e+02
   2.1035567e+02   1.9519032e+02
   2.8181429e+02   1.8355214e+02
   2.9338698e+02   1.7320130e+02
   3.0868641e+02   1.7153727e+02
   3.2154457e+02   1.7970536e+02
   3.0901373e+02   1.8521018e+02
   2.9531232e+02   1.8588045e+02
   2.2537821e+02   2.8240451e+02
   2.3743053e+02   2.7323591e+02
   2.4901302e+02   2.6362459e+02
   2.6343754e+02   2.6433084e+02
   2.7864783e+02   2.6178958e+02
   2.9274910e+02   2.6946178e+02
   3.0761056e+02   2.7473411e+02
   2.9480910e+02   2.8378087e+02
   2.8094070e+02   2.9128629e+02
   2.6576267e+02   2.9417786e+02
   2.5158823e+02   2.9361225e+02
   2.3814077e+02   2.8852400e+02
   2.3717709e+02   2.8004096e+02
   2.5063869e+02   2.7557026e+02
   2.6471797e+02   2.7629747e+02
   2.7946275e+02   2.7355913e+02
   2.9403683e+02   2.7590568e+02
   2.7916809e+02   2.7446842e+02
   2.6458514e+02   2.7708439e+02
   2.5052629e+02   2.7654684e+02
