   1.6294732e+02   2.2790234e+02
   1.6734808e+02   2.5022885e+02
   1.7254077e+02   2.7241940e+02
   1.7922632e+02   2.9406134e+02
   1.9181977e+02   3.1269415e+02
   2.0831176e+02   3.2836589e+02
   2.2752460e+02   3.4024431e+02
   2.4875919e+02   3.4826124e+02
   2.7107354e+02   3.4803212e+02
   2.9630170e+02   3.4445132e+02
   3.1808951e+02   3.3088496e+02
   3.3795713e+02   3.1430477e+02
   3.5164671e+02   2.9252414e+02
   3.6171631e+02   2.6896684e+02
   3.6499715e+02   2.4352704e+02
   3.6554105e+02   2.1763463e+02
   3.6547774e+02   1.9201830e+02
   1.7412553e+02   1.8035533e+02
   1.8276399e+02   1.6478045e+02
   1.9779787e+02   1.5566271e+02
   2.1556032e+02   1.5663378e+02
   2.3313022e+02   1.5904172e+02
   2.7426269e+02   1.5553029e+02
   2.9093795e+02   1.4841240e+02
   3.0831582e+02   1.4418395e+02
   3.2566787e+02   1.4854345e+02
   3.3912945e+02   1.5999966e+02
   2.5619342e+02   1.7701579e+02
   2.5743267e+02   1.9416316e+02
   2.5825933e+02   2.1136595e+02
   2.5956289e+02   2.2830947e+02
   2.4033852e+02   2.4627350e+02
   2.5118927e+02   2.4823989e+02
   2.6208434e+02   2.4907227e+02
   2.7339550e+02   2.4705780e+02
   2.8419045e+02   2.4330618e+02
   1.9789733e+02   1.9142520e+02
   2.0769574e+02   1.8176081e+02
   2.2156299e+02   1.8141290e+02
   2.3422009e+02   1.8731890e+02
   2.2280252e+02   1.9330541e+02
   2.1017437e+02   1.9485293e+02
   2.8199327e+02   1.8324736e+02
   2.9353346e+02   1.7303738e+02
   3.0873353e+02   1.7142902e+02
   3.2142368e+02   1.7963228e+02
   3.0889851e+02   1.8482384e+02
   2.9533851e+02   1.8559440e+02
   2.2506403e+02   2.8161624e+02
   2.3736307e+02   2.7277553e+02
   2.4914374e+02   2.6338504e+02
   2.6363544e+02   2.6394127e+02
   2.7888941e+02   2.6141592e+02
   2.9314609e+02   2.6862211e+02
   3.0808926e+02   2.7362819e+02
   2.9535783e+02   2.8302849e+02
   2.8127343e+02   2.9049278e+02
   2.6592619e+02   2.9352721e+02
   2.5152218e+02   2.9304200e+02
   2.3782996e+02   2.8812694e+02
   2.3675059e+02   2.7957512e+02
   2.5049766e+02   2.7534923e+02
   2.6476788e+02   2.7595258e+02
   2.7977560e+02   2.7330725e+02
   2.9461855e+02   2.7514475e+02
   2.7951754e+02   2.7415473e+02
   2.6468533e+02   2.7670132e+02
   2.5039677e+02   2.7622433e+02
