   1.6304186e+02   2.2857590e+02
   1.6751839e+02   2.5095526e+02
   1.7278878e+02   2.7319603e+02
   1.7955485e+02   2.9488239e+02
   1.9223761e+02   3.1353417e+02
   2.0882196e+02   3.2920524e+02
   2.2812443e+02   3.4106425e+02
   2.4944367e+02   3.4904477e+02
   2.7182260e+02   3.4875211e+02
   2.9711440e+02   3.4508975e+02
   3.1892766e+02   3.3142235e+02
   3.3880663e+02   3.1473772e+02
   3.5247485e+02   2.9285486e+02
   3.6250750e+02   2.6920034e+02
   3.6572625e+02   2.4367694e+02
   3.6619878e+02   2.1770732e+02
   3.6606310e+02   1.9201630e+02
   1.7411876e+02   1.8085842e+02
   1.8240609e+02   1.6509411e+02
   1.9761575e+02   1.5609741e+02
   2.1542384e+02   1.5691082e+02
   2.3323585e+02   1.5931626e+02
   2.7529737e+02   1.5455911e+02
   2.9193633e+02   1.4819182e+02
   3.0919972e+02   1.4419304e+02
   3.2619614e+02   1.4862143e+02
   3.3954759e+02   1.5997831e+02
   2.5641710e+02   1.7727788e+02
   2.5770830e+02   1.9447187e+02
   2.5858584e+02   2.1172260e+02
   2.5994096e+02   2.2871198e+02
   2.4056179e+02   2.4662059e+02
   2.5139564e+02   2.4817461e+02
   2.6233335e+02   2.4797602e+02
   2.7519484e+02   2.4513234e+02
   2.8721790e+02   2.3996234e+02
   1.9663605e+02   1.9182052e+02
   2.0682595e+02   1.8255867e+02
   2.2067974e+02   1.8196676e+02
   2.3300968e+02   1.8828741e+02
   2.2117822e+02   1.9243882e+02
   2.0885091e+02   1.9394423e+02
   2.8369404e+02   1.8184299e+02
   2.9500346e+02   1.7322455e+02
   3.0929040e+02   1.7201306e+02
   3.2074725e+02   1.7983634e+02
   3.0824842e+02   1.8244345e+02
   2.9584076e+02   1.8410528e+02
   2.2356397e+02   2.7651432e+02
   2.3781198e+02   2.7022105e+02
   2.5123547e+02   2.6269545e+02
   2.6625595e+02   2.6191650e+02
   2.8186414e+02   2.5935005e+02
   2.9749728e+02   2.6232944e+02
   3.1314036e+02   2.6501293e+02
   3.0114910e+02   2.7758875e+02
   2.8530796e+02   2.8489356e+02
   2.6854115e+02   2.8930042e+02
   2.5217089e+02   2.8965918e+02
   2.3636004e+02   2.8633509e+02
   2.3423291e+02   2.7716780e+02
   2.5038147e+02   2.7486942e+02
   2.6627938e+02   2.7430794e+02
   2.8357771e+02   2.7223625e+02
   3.0078260e+02   2.6961699e+02
   2.8363486e+02   2.7256471e+02
   2.6662641e+02   2.7474404e+02
   2.5038129e+02   2.7490149e+02
