   1.8679806e+02   2.3424925e+02
   1.8585383e+02   2.6352334e+02
   1.9003845e+02   2.9266625e+02
   1.9333624e+02   3.2204834e+02
   2.0272144e+02   3.5000357e+02
   2.1830393e+02   3.7468166e+02
   2.4144181e+02   3.9276672e+02
   2.6731432e+02   4.0676677e+02
   2.9584404e+02   4.1206955e+02
   3.2596437e+02   4.0875577e+02
   3.5378690e+02   3.9656876e+02
   3.7845002e+02   3.7903573e+02
   3.9619363e+02   3.5453006e+02
   4.0478003e+02   3.2562165e+02
   4.0965387e+02   2.9557774e+02
   4.1328063e+02   2.6541415e+02
   4.1271735e+02   2.3528872e+02
   2.0048642e+02   2.1776024e+02
   2.1194571e+02   1.9781219e+02
   2.3449393e+02   1.9148475e+02
   2.5795770e+02   1.9327945e+02
   2.7870562e+02   2.0428232e+02
   3.2174872e+02   2.0841569e+02
   3.3968078e+02   1.9881410e+02
   3.5995242e+02   1.9744908e+02
   3.7985356e+02   2.0117550e+02
   3.9426193e+02   2.1477260e+02
   2.9636160e+02   2.3260707e+02
   2.9661192e+02   2.5077772e+02
   2.9665434e+02   2.6890934e+02
   2.9667871e+02   2.8697379e+02
   2.6416639e+02   2.9529724e+02
   2.7934747e+02   3.0573418e+02
   2.9739114e+02   3.0890708e+02
   3.1549813e+02   3.0433280e+02
   3.3023406e+02   2.9337833e+02
   2.2353789e+02   2.3417956e+02
   2.3893284e+02   2.3716134e+02
   2.5418818e+02   2.3770914e+02
   2.6949175e+02   2.3506564e+02
   2.5421577e+02   2.3720426e+02
   2.3868376e+02   2.3663872e+02
   3.2554783e+02   2.3653241e+02
   3.4062381e+02   2.3946636e+02
   3.5564611e+02   2.3987491e+02
   3.7057483e+02   2.3682862e+02
   3.5555905e+02   2.3932174e+02
   3.4042524e+02   2.3894553e+02
   2.3666574e+02   3.2326133e+02
   2.5599792e+02   3.2111794e+02
   2.7520457e+02   3.1821918e+02
   2.9416595e+02   3.2105803e+02
   3.1456492e+02   3.1766885e+02
   3.3532677e+02   3.2039415e+02
   3.5599572e+02   3.2086411e+02
   3.3893049e+02   3.4099035e+02
   3.1726489e+02   3.5612761e+02
   2.9175824e+02   3.6048542e+02
   2.6864717e+02   3.5706806e+02
   2.5002055e+02   3.4272587e+02
   2.4416893e+02   3.2582421e+02
   2.6913101e+02   3.2733509e+02
   2.9366746e+02   3.2857790e+02
   3.2259608e+02   3.2503449e+02
   3.5135109e+02   3.2335636e+02
   3.2421499e+02   3.4098525e+02
   2.9311142e+02   3.4809394e+02
   2.6529164e+02   3.4472136e+02
