   1.8486641e+02   2.3282175e+02
   1.8532685e+02   2.6268744e+02
   1.8977563e+02   2.9237509e+02
   1.9443345e+02   3.2176068e+02
   2.0286796e+02   3.5030041e+02
   2.1984410e+02   3.7442162e+02
   2.4317918e+02   3.9308892e+02
   2.6974038e+02   4.0632090e+02
   2.9903418e+02   4.1091559e+02
   3.2879138e+02   4.0650363e+02
   3.5630218e+02   3.9490217e+02
   3.7886733e+02   3.7509744e+02
   3.9510734e+02   3.5028832e+02
   4.0362772e+02   3.2129660e+02
   4.0815316e+02   2.9181937e+02
   4.1231947e+02   2.6220016e+02
   4.1147633e+02   2.3235316e+02
   1.9955002e+02   2.1343259e+02
   2.1239823e+02   1.9545920e+02
   2.3543516e+02   1.9315828e+02
   2.5866640e+02   1.9360905e+02
   2.7894873e+02   2.0384480e+02
   3.1868006e+02   2.0827212e+02
   3.3589911e+02   1.9684005e+02
   3.5665650e+02   1.9536968e+02
   3.7702670e+02   1.9989103e+02
   3.9370729e+02   2.1197608e+02
   2.9492087e+02   2.3022928e+02
   2.9524850e+02   2.4888092e+02
   2.9556159e+02   2.6737433e+02
   2.9553586e+02   2.8578837e+02
   2.6549009e+02   2.9837972e+02
   2.8093228e+02   3.0471699e+02
   2.9727755e+02   3.0648116e+02
   3.1319789e+02   3.0401663e+02
   3.2668973e+02   2.9542837e+02
   2.2386073e+02   2.2912684e+02
   2.3895661e+02   2.2187857e+02
   2.5570624e+02   2.2312248e+02
   2.6858786e+02   2.3320861e+02
   2.5340499e+02   2.3558398e+02
   2.3814881e+02   2.3443711e+02
   3.2425992e+02   2.3426871e+02
   3.3793867e+02   2.2608227e+02
   3.5400456e+02   2.2609007e+02
   3.6807905e+02   2.3344654e+02
   3.5379342e+02   2.3841206e+02
   3.3870812e+02   2.3833314e+02
   2.4131793e+02   3.2201455e+02
   2.5993250e+02   3.2322062e+02
   2.7820921e+02   3.1916857e+02
   2.9610798e+02   3.2198746e+02
   3.1514876e+02   3.1901082e+02
   3.3464979e+02   3.2271093e+02
   3.5373510e+02   3.1840035e+02
   3.3577565e+02   3.3239025e+02
   3.1666761e+02   3.4443915e+02
   2.9459119e+02   3.4770822e+02
   2.7399658e+02   3.4625062e+02
   2.5539614e+02   3.3723167e+02
   2.5309604e+02   3.2851206e+02
   2.7468508e+02   3.2995136e+02
   2.9592993e+02   3.3087614e+02
   3.1732247e+02   3.2892744e+02
   3.3842315e+02   3.2601310e+02
   3.1690124e+02   3.2840621e+02
   2.9590780e+02   3.3014633e+02
   2.7451235e+02   3.2948775e+02
