   1.8751074e+02   2.3515303e+02
   1.8721609e+02   2.6499786e+02
   1.9140497e+02   2.9481709e+02
   1.9476461e+02   3.2462491e+02
   2.0378715e+02   3.5291056e+02
   2.2083820e+02   3.7740603e+02
   2.4533568e+02   3.9442980e+02
   2.7144173e+02   4.0926457e+02
   3.0034067e+02   4.1403039e+02
   3.3014630e+02   4.0924656e+02
   3.5694763e+02   3.9565749e+02
   3.8110925e+02   3.7755365e+02
   3.9799694e+02   3.5277468e+02
   4.0644203e+02   3.2386632e+02
   4.1118060e+02   2.9406580e+02
   4.1534129e+02   2.6438995e+02
   4.1465972e+02   2.3438649e+02
   2.0213356e+02   2.1619785e+02
   2.1557339e+02   1.9774023e+02
   2.3808477e+02   1.9240961e+02
   2.6122009e+02   1.9591652e+02
   2.8208040e+02   2.0612607e+02
   3.2228843e+02   2.1186092e+02
   3.3972849e+02   2.0117032e+02
   3.6025038e+02   1.9891120e+02
   3.8079091e+02   2.0125328e+02
   3.9633545e+02   2.1398840e+02
   2.9687763e+02   2.3437769e+02
   2.9718033e+02   2.5259773e+02
   2.9734365e+02   2.7052808e+02
   2.9732932e+02   2.8856564e+02
   2.6529872e+02   2.9751353e+02
   2.7969782e+02   3.0761238e+02
   2.9683124e+02   3.1076672e+02
   3.1511086e+02   3.0663894e+02
   3.3036604e+02   2.9636335e+02
   2.2454048e+02   2.3123408e+02
   2.3993066e+02   2.2589108e+02
   2.5639861e+02   2.2649162e+02
   2.6984983e+02   2.3451863e+02
   2.5445138e+02   2.3652855e+02
   2.3913808e+02   2.3567604e+02
   3.2652174e+02   2.3578657e+02
   3.4095109e+02   2.2963118e+02
   3.5717131e+02   2.2954606e+02
   3.7185072e+02   2.3484885e+02
   3.5694753e+02   2.3875390e+02
   3.4146118e+02   2.3892946e+02
   2.3630912e+02   3.2402759e+02
   2.5661484e+02   3.2220788e+02
   2.7670759e+02   3.1894645e+02
   2.9631735e+02   3.2248330e+02
   3.1727425e+02   3.1944940e+02
   3.3840450e+02   3.2116239e+02
   3.5942885e+02   3.2188086e+02
   3.4174747e+02   3.4156114e+02
   3.2037392e+02   3.5698361e+02
   2.9506038e+02   3.6240285e+02
   2.7026133e+02   3.6062815e+02
   2.5104186e+02   3.4440089e+02
   2.4336417e+02   3.2591224e+02
   2.6992260e+02   3.2677097e+02
   2.9582037e+02   3.2970762e+02
   3.2439583e+02   3.2619191e+02
   3.5304730e+02   3.2495638e+02
   3.2608677e+02   3.4212848e+02
   2.9510376e+02   3.4918056e+02
   2.6563018e+02   3.4531830e+02
