   2.0291788e+02   2.0685344e+02
   2.0830353e+02   2.3537464e+02
   2.1559797e+02   2.6370541e+02
   2.2323493e+02   2.9161454e+02
   2.3461933e+02   3.1822561e+02
   2.5003300e+02   3.4283304e+02
   2.7230732e+02   3.6117013e+02
   2.9851536e+02   3.7361365e+02
   3.2687633e+02   3.7690176e+02
   3.5584519e+02   3.7352677e+02
   3.8166306e+02   3.5936746e+02
   4.0182754e+02   3.3820061e+02
   4.1645904e+02   3.1296790e+02
   4.2434054e+02   2.8456021e+02
   4.2922222e+02   2.5559457e+02
   4.3385489e+02   2.2662681e+02
   4.3854076e+02   1.9775370e+02
   2.2781009e+02   1.8356282e+02
   2.4072984e+02   1.7295404e+02
   2.5800646e+02   1.7161688e+02
   2.7520438e+02   1.6989945e+02
   2.9208268e+02   1.6617846e+02
   3.4030456e+02   1.6432990e+02
   3.6063909e+02   1.6304456e+02
   3.8077947e+02   1.6202593e+02
   4.0068567e+02   1.6433986e+02
   4.1391888e+02   1.7841612e+02
   3.2037952e+02   1.8718722e+02
   3.1972324e+02   2.0997532e+02
   3.1932295e+02   2.3287335e+02
   3.1825444e+02   2.5535398e+02
   2.9811364e+02   2.6778269e+02
   3.0830014e+02   2.6859701e+02
   3.1826570e+02   2.7058237e+02
   3.2986422e+02   2.6843847e+02
   3.4146952e+02   2.6875231e+02
   2.5400529e+02   1.9611743e+02
   2.6602611e+02   1.8751675e+02
   2.8070076e+02   1.9084744e+02
   2.9138353e+02   2.0134931e+02
   2.7790286e+02   2.0273571e+02
   2.6447675e+02   2.0372928e+02
   3.4942769e+02   1.9955400e+02
   3.5885854e+02   1.8569590e+02
   3.7531964e+02   1.8231796e+02
   3.8930353e+02   1.9126081e+02
   3.7739544e+02   1.9835756e+02
   3.6344345e+02   1.9947219e+02
   2.8384682e+02   3.0614074e+02
   2.9557566e+02   2.9672446e+02
   3.0854365e+02   2.8930775e+02
   3.2275870e+02   2.9194269e+02
   3.3773827e+02   2.8904047e+02
   3.5229373e+02   2.9366569e+02
   3.6469961e+02   3.0245514e+02
   3.5643896e+02   3.1696665e+02
   3.4228531e+02   3.2589063e+02
   3.2587567e+02   3.2843992e+02
   3.0928277e+02   3.2653762e+02
   2.9443931e+02   3.1887888e+02
   2.9395111e+02   3.0609160e+02
   3.0815019e+02   2.9866979e+02
   3.2401261e+02   3.0027658e+02
   3.4164869e+02   2.9974884e+02
   3.5871349e+02   3.0409352e+02
   3.4121174e+02   3.0654128e+02
   3.2378548e+02   3.0822510e+02
   3.0876486e+02   3.0694800e+02
