   1.9442064e+02   2.2096151e+02
   1.9670492e+02   2.4833172e+02
   2.0315830e+02   2.7495970e+02
   2.1175230e+02   3.0115116e+02
   2.2150489e+02   3.2671694e+02
   2.3764989e+02   3.4870169e+02
   2.6057671e+02   3.6356420e+02
   2.8688665e+02   3.7084868e+02
   3.1406423e+02   3.7209642e+02
   3.4082465e+02   3.6951287e+02
   3.6598845e+02   3.6100491e+02
   3.8525031e+02   3.4256900e+02
   4.0086014e+02   3.2095133e+02
   4.0874148e+02   2.9546966e+02
   4.1282042e+02   2.6886885e+02
   4.1960757e+02   2.4295547e+02
   4.2333129e+02   2.1669059e+02
   2.2168215e+02   1.8741509e+02
   2.3397109e+02   1.7758125e+02
   2.4907785e+02   1.7315280e+02
   2.6491034e+02   1.7298631e+02
   2.8018356e+02   1.7657562e+02
   3.3780569e+02   1.7647420e+02
   3.5402272e+02   1.7218804e+02
   3.7058148e+02   1.7161393e+02
   3.8676214e+02   1.7497113e+02
   3.9926178e+02   1.8518662e+02
   3.1425580e+02   2.0568089e+02
   3.1425271e+02   2.2237686e+02
   3.1458347e+02   2.3892193e+02
   3.1570274e+02   2.5539678e+02
   2.9352521e+02   2.7174240e+02
   3.0462189e+02   2.7072183e+02
   3.1557735e+02   2.7032044e+02
   3.2538211e+02   2.6992455e+02
   3.3501590e+02   2.7073772e+02
   2.4519187e+02   2.0869273e+02
   2.5851661e+02   2.0066756e+02
   2.7436036e+02   2.0102377e+02
   2.8752530e+02   2.0902436e+02
   2.7323742e+02   2.1170104e+02
   2.5889260e+02   2.1245614e+02
   3.3761187e+02   2.0868238e+02
   3.4954776e+02   2.0003767e+02
   3.6463140e+02   1.9927953e+02
   3.7766664e+02   2.0628150e+02
   3.6484995e+02   2.1089718e+02
   3.5114487e+02   2.1050979e+02
   2.6977719e+02   3.0766585e+02
   2.8512572e+02   3.0070236e+02
   3.0055682e+02   2.9424115e+02
   3.1702327e+02   2.9340160e+02
   3.3059985e+02   2.9222543e+02
   3.4316507e+02   2.9756871e+02
   3.5473656e+02   3.0476408e+02
   3.4237765e+02   3.0729334e+02
   3.2983182e+02   3.0957777e+02
   3.1707620e+02   3.1055307e+02
   3.0114328e+02   3.0945600e+02
   2.8536208e+02   3.0771075e+02
   2.9643777e+02   3.0172791e+02
   3.0649213e+02   3.0033968e+02
   3.1660250e+02   3.0034143e+02
   3.2669157e+02   2.9930780e+02
   3.3653654e+02   3.0107788e+02
   3.2653011e+02   3.0017623e+02
   3.1660241e+02   3.0096400e+02
   3.0647562e+02   3.0120647e+02
