   1.9431210e+02   2.2124799e+02
   1.9648722e+02   2.4829732e+02
   2.0275117e+02   2.7468724e+02
   2.1143837e+02   3.0064311e+02
   2.2067281e+02   3.2601198e+02
   2.3659112e+02   3.4780656e+02
   2.5999349e+02   3.6133381e+02
   2.8643654e+02   3.6735911e+02
   3.1328437e+02   3.6894756e+02
   3.3970733e+02   3.6615510e+02
   3.6531314e+02   3.5949705e+02
   3.8490021e+02   3.4182616e+02
   4.0016679e+02   3.2042843e+02
   4.0829503e+02   2.9525259e+02
   4.1287257e+02   2.6899291e+02
   4.1965882e+02   2.4345526e+02
   4.2336944e+02   2.1744807e+02
   2.2128173e+02   1.8488496e+02
   2.3387650e+02   1.7545881e+02
   2.4903635e+02   1.7111491e+02
   2.6488417e+02   1.7065882e+02
   2.8018984e+02   1.7414182e+02
   3.4008711e+02   1.7347258e+02
   3.5608585e+02   1.6930556e+02
   3.7252620e+02   1.6973858e+02
   3.8819960e+02   1.7439787e+02
   3.9935062e+02   1.8587534e+02
   3.1361335e+02   2.0437125e+02
   3.1324239e+02   2.2064444e+02
   3.1389129e+02   2.3672232e+02
   3.1522669e+02   2.5273273e+02
   2.9271193e+02   2.6987387e+02
   3.0385887e+02   2.6904732e+02
   3.1481934e+02   2.6823227e+02
   3.2410709e+02   2.6788353e+02
   3.3320719e+02   2.6867610e+02
   2.4544350e+02   2.0689918e+02
   2.5878237e+02   1.9839050e+02
   2.7461340e+02   1.9846850e+02
   2.8714660e+02   2.0779326e+02
   2.7293986e+02   2.1064043e+02
   2.5878108e+02   2.1163926e+02
   3.3661425e+02   2.0744865e+02
   3.4797650e+02   1.9724328e+02
   3.6326544e+02   1.9599926e+02
   3.7577462e+02   2.0453400e+02
   3.6338261e+02   2.0951096e+02
   3.4994612e+02   2.0909723e+02
   2.6733646e+02   3.0468644e+02
   2.8341370e+02   2.9717609e+02
   2.9958884e+02   2.9016061e+02
   3.1685099e+02   2.8935015e+02
   3.3070346e+02   2.8834153e+02
   3.4331980e+02   2.9395013e+02
   3.5454951e+02   3.0219191e+02
   3.4182613e+02   3.0256640e+02
   3.2916091e+02   3.0390793e+02
   3.1645493e+02   3.0477310e+02
   2.9999703e+02   3.0343535e+02
   2.8350541e+02   3.0252069e+02
   2.9754819e+02   2.9682483e+02
   3.0696829e+02   2.9579845e+02
   3.1640878e+02   2.9554698e+02
   3.2640093e+02   2.9504257e+02
   3.3598070e+02   2.9754667e+02
   3.2620879e+02   2.9589504e+02
   3.1640792e+02   2.9600595e+02
   3.0697649e+02   2.9674491e+02
