   2.0657058e+02   2.1215549e+02
   2.1387820e+02   2.3898001e+02
   2.1929141e+02   2.6623064e+02
   2.2489976e+02   2.9340128e+02
   2.3640991e+02   3.1860325e+02
   2.5411240e+02   3.3998688e+02
   2.7598558e+02   3.5657377e+02
   3.0130006e+02   3.6809607e+02
   3.2853519e+02   3.7135611e+02
   3.5640560e+02   3.6800035e+02
   3.8158883e+02   3.5628916e+02
   4.0281092e+02   3.3832010e+02
   4.1939218e+02   3.1597981e+02
   4.2984366e+02   2.9009718e+02
   4.3160050e+02   2.6230843e+02
   4.3553587e+02   2.3449295e+02
   4.3759402e+02   2.0684581e+02
   2.2855395e+02   1.8564865e+02
   2.4146212e+02   1.7433298e+02
   2.5911227e+02   1.7252627e+02
   2.7661515e+02   1.6972427e+02
   2.9396127e+02   1.6666137e+02
   3.4085113e+02   1.6478198e+02
   3.6257281e+02   1.6287268e+02
   3.8421161e+02   1.6290598e+02
   4.0528394e+02   1.6721136e+02
   4.1677708e+02   1.8439684e+02
   3.2041821e+02   1.8805125e+02
   3.2003826e+02   2.1026384e+02
   3.1972586e+02   2.3242001e+02
   3.1986061e+02   2.5453841e+02
   2.9466190e+02   2.6274318e+02
   3.0849486e+02   2.6661357e+02
   3.2210983e+02   2.7064638e+02
   3.3703277e+02   2.6575694e+02
   3.5211432e+02   2.6200935e+02
   2.5193419e+02   1.9669590e+02
   2.6602379e+02   1.8882221e+02
   2.8209544e+02   1.8812752e+02
   2.9358401e+02   1.9858685e+02
   2.7946891e+02   2.0054862e+02
   2.6535459e+02   2.0063439e+02
   3.5025147e+02   1.9745929e+02
   3.6122756e+02   1.8494302e+02
   3.7750066e+02   1.8166307e+02
   3.9155044e+02   1.8994348e+02
   3.7942482e+02   1.9776164e+02
   3.6489202e+02   1.9818231e+02
   2.7363412e+02   2.8943285e+02
   2.8911175e+02   2.8103331e+02
   3.0681366e+02   2.7919097e+02
   3.2435941e+02   2.8076382e+02
   3.4355750e+02   2.7850187e+02
   3.6264302e+02   2.7911908e+02
   3.8144654e+02   2.8231100e+02
   3.6732111e+02   3.0178113e+02
   3.4893144e+02   3.1702844e+02
   3.2588302e+02   3.1837557e+02
   3.0505594e+02   3.1668695e+02
   2.8769299e+02   3.0497831e+02
   2.8035844e+02   2.8980914e+02
   3.0277313e+02   2.8883534e+02
   3.2458648e+02   2.9264923e+02
   3.5014938e+02   2.8746948e+02
   3.7585905e+02   2.8529412e+02
   3.5193493e+02   2.9887621e+02
   3.2513661e+02   3.0227845e+02
   3.0184260e+02   2.9879692e+02
