   2.0667539e+02   2.1233313e+02
   2.1147603e+02   2.4047239e+02
   2.1702288e+02   2.6837136e+02
   2.2195299e+02   2.9622199e+02
   2.3626088e+02   3.2081757e+02
   2.5488472e+02   3.4223386e+02
   2.7697395e+02   3.5998718e+02
   3.0213309e+02   3.7338753e+02
   3.2963346e+02   3.7886686e+02
   3.5710909e+02   3.7315595e+02
   3.8062670e+02   3.5806591e+02
   4.0066940e+02   3.3842135e+02
   4.1716370e+02   3.1573806e+02
   4.2906660e+02   2.9056143e+02
   4.3127949e+02   2.6248937e+02
   4.3415252e+02   2.3460474e+02
   4.3787201e+02   2.0693393e+02
   2.2454774e+02   1.8757868e+02
   2.3667024e+02   1.7448195e+02
   2.5552210e+02   1.7292977e+02
   2.7391247e+02   1.6852875e+02
   2.9228009e+02   1.6505547e+02
   3.4058106e+02   1.6315603e+02
   3.6192043e+02   1.6313033e+02
   3.8338307e+02   1.6288357e+02
   4.0370083e+02   1.6859702e+02
   4.1703097e+02   1.8447565e+02
   3.1835530e+02   1.8669970e+02
   3.1929255e+02   2.0979341e+02
   3.1865615e+02   2.3310082e+02
   3.1805992e+02   2.5599446e+02
   2.8959077e+02   2.6080447e+02
   3.0460087e+02   2.6631771e+02
   3.1996361e+02   2.6987203e+02
   3.3401688e+02   2.6558831e+02
   3.4796695e+02   2.6137335e+02
   2.5114096e+02   1.9551042e+02
   2.6468859e+02   1.8793568e+02
   2.8013934e+02   1.8864955e+02
   2.9167338e+02   1.9859470e+02
   2.7795282e+02   1.9925977e+02
   2.6430778e+02   1.9846243e+02
   3.4757387e+02   1.9732203e+02
   3.5929639e+02   1.8505596e+02
   3.7550403e+02   1.8085556e+02
   3.8961431e+02   1.8916381e+02
   3.7664073e+02   1.9544632e+02
   3.6200970e+02   1.9611074e+02
   2.6850626e+02   2.9089957e+02
   2.8340839e+02   2.7904170e+02
   3.0275816e+02   2.7848418e+02
   3.2223433e+02   2.7942935e+02
   3.4228463e+02   2.7641109e+02
   3.6245265e+02   2.7683684e+02
   3.8085425e+02   2.8469185e+02
   3.6695944e+02   3.0459618e+02
   3.4863397e+02   3.2009531e+02
   3.2536151e+02   3.2193003e+02
   3.0269444e+02   3.2170550e+02
   2.8448853e+02   3.0764725e+02
   2.7286059e+02   2.9127057e+02
   2.9784045e+02   2.8715516e+02
   3.2242437e+02   2.9134675e+02
   3.5020544e+02   2.8503220e+02
   3.7834229e+02   2.8605073e+02
   3.5435310e+02   3.0447055e+02
   3.2497009e+02   3.0881037e+02
   2.9644633e+02   3.0654295e+02
