   2.0741154e+02   2.1239411e+02
   2.1380905e+02   2.3969450e+02
   2.1922102e+02   2.6719225e+02
   2.2455774e+02   2.9461292e+02
   2.3707604e+02   3.1960536e+02
   2.5510215e+02   3.4101118e+02
   2.7704052e+02   3.5803293e+02
   3.0228709e+02   3.7026085e+02
   3.2961325e+02   3.7436901e+02
   3.5734589e+02   3.7017719e+02
   3.8193568e+02   3.5725076e+02
   4.0274667e+02   3.3869162e+02
   4.1932647e+02   3.1624940e+02
   4.3034868e+02   2.9064110e+02
   4.3226813e+02   2.6275156e+02
   4.3584203e+02   2.3491153e+02
   4.3852766e+02   2.0726020e+02
   2.2792721e+02   1.8653428e+02
   2.4056439e+02   1.7458176e+02
   2.5865581e+02   1.7288463e+02
   2.7648732e+02   1.6950928e+02
   2.9420798e+02   1.6630856e+02
   3.4161587e+02   1.6448183e+02
   3.6320026e+02   1.6327480e+02
   3.8477785e+02   1.6322578e+02
   4.0557282e+02   1.6806046e+02
   4.1772001e+02   1.8478660e+02
   3.2050887e+02   1.8783220e+02
   3.2058546e+02   2.1037087e+02
   3.2013387e+02   2.3294894e+02
   3.1999463e+02   2.5535337e+02
   2.9354030e+02   2.6222209e+02
   3.0783737e+02   2.6674502e+02
   3.2212831e+02   2.7063922e+02
   3.3676897e+02   2.6596148e+02
   3.5147126e+02   2.6200498e+02
   2.5247083e+02   1.9646016e+02
   2.6637185e+02   1.8871133e+02
   2.8221642e+02   1.8852932e+02
   2.9373060e+02   1.9879509e+02
   2.7975603e+02   2.0027356e+02
   2.6581034e+02   2.0003018e+02
   3.5012188e+02   1.9767997e+02
   3.6138321e+02   1.8527598e+02
   3.7763125e+02   1.8168401e+02
   3.9169811e+02   1.8997610e+02
   3.7925179e+02   1.9721252e+02
   3.6468742e+02   1.9771872e+02
   2.7236608e+02   2.9002471e+02
   2.8770216e+02   2.8040145e+02
   3.0605182e+02   2.7908387e+02
   3.2433834e+02   2.8043310e+02
   3.4390130e+02   2.7792593e+02
   3.6343218e+02   2.7845466e+02
   3.8214275e+02   2.8331107e+02
   3.6804047e+02   3.0301259e+02
   3.4961677e+02   3.1843697e+02
   3.2640111e+02   3.1993581e+02
   3.0483872e+02   3.1875354e+02
   2.8714879e+02   3.0608131e+02
   2.7824235e+02   2.9041829e+02
   3.0165776e+02   2.8835599e+02
   3.2452931e+02   2.9236009e+02
   3.5099164e+02   2.8676171e+02
   3.7766924e+02   2.8573876e+02
   3.5363435e+02   3.0121505e+02
   3.2579015e+02   3.0493978e+02
   3.0052827e+02   3.0184705e+02
