   1.9135277e+02   2.1544220e+02
   1.9421491e+02   2.4380853e+02
   2.0096626e+02   2.7122132e+02
   2.0882944e+02   2.9839988e+02
   2.1816447e+02   3.2525685e+02
   2.3017262e+02   3.5072604e+02
   2.5224193e+02   3.6821793e+02
   2.7933766e+02   3.7558273e+02
   3.0742853e+02   3.7836744e+02
   3.3500844e+02   3.7625682e+02
   3.6125926e+02   3.6870388e+02
   3.8102147e+02   3.4952943e+02
   3.9533219e+02   3.2609441e+02
   4.0488476e+02   3.0011584e+02
   4.1169311e+02   2.7352871e+02
   4.1775571e+02   2.4663016e+02
   4.2217437e+02   2.1942390e+02
   2.2070452e+02   1.8395923e+02
   2.3349941e+02   1.7399978e+02
   2.4941128e+02   1.7093544e+02
   2.6546300e+02   1.7329417e+02
   2.7981401e+02   1.8053294e+02
   3.3245034e+02   1.8055545e+02
   3.4927638e+02   1.7684647e+02
   3.6619364e+02   1.7458949e+02
   3.8307406e+02   1.7678914e+02
   3.9543823e+02   1.8791695e+02
   3.0698474e+02   2.0470550e+02
   3.0741162e+02   2.2301060e+02
   3.0744134e+02   2.4131688e+02
   3.0652986e+02   2.5949888e+02
   2.8626589e+02   2.7577108e+02
   2.9661262e+02   2.7634491e+02
   3.0695412e+02   2.7632543e+02
   3.1628026e+02   2.7627143e+02
   3.2550663e+02   2.7547047e+02
   2.3795305e+02   2.0555625e+02
   2.5266132e+02   1.9785484e+02
   2.6919678e+02   1.9974946e+02
   2.7980054e+02   2.1202845e+02
   2.6498909e+02   2.1247355e+02
   2.5035058e+02   2.1278707e+02
   3.3253501e+02   2.1318627e+02
   3.4359798e+02   2.0001089e+02
   3.6097521e+02   1.9971492e+02
   3.7428763e+02   2.1077452e+02
   3.6078605e+02   2.1501797e+02
   3.4654795e+02   2.1472626e+02
   2.6850756e+02   3.1513785e+02
   2.8048444e+02   3.0802813e+02
   2.9298182e+02   3.0186414e+02
   3.0640382e+02   3.0338768e+02
   3.1964704e+02   3.0124969e+02
   3.3209484e+02   3.0712978e+02
   3.4445684e+02   3.1285473e+02
   3.3184427e+02   3.1867453e+02
   3.1880866e+02   3.2339064e+02
   3.0520859e+02   3.2536625e+02
   2.9246384e+02   3.2350181e+02
   2.7998934e+02   3.2054363e+02
   2.8491153e+02   3.1370655e+02
   2.9550827e+02   3.1180486e+02
   3.0610954e+02   3.1280283e+02
   3.1715847e+02   3.1123279e+02
   3.2818251e+02   3.1215604e+02
   3.1708946e+02   3.1222754e+02
   3.0623457e+02   3.1360231e+02
   2.9548979e+02   3.1254886e+02
