   1.7544815e+02   1.9998898e+02
   1.7784886e+02   2.2944255e+02
   1.8396592e+02   2.5800869e+02
   1.9070926e+02   2.8660686e+02
   2.0183594e+02   3.1330534e+02
   2.1886774e+02   3.3709613e+02
   2.3979962e+02   3.5766387e+02
   2.6321877e+02   3.7508066e+02
   2.9146485e+02   3.7863895e+02
   3.1888331e+02   3.7245507e+02
   3.4271026e+02   3.5748025e+02
   3.6160995e+02   3.3652578e+02
   3.7542577e+02   3.1211687e+02
   3.8543487e+02   2.8590913e+02
   3.9134783e+02   2.5823267e+02
   3.9466483e+02   2.3050625e+02
   3.9542014e+02   2.0240334e+02
   1.9854404e+02   1.7787827e+02
   2.1318266e+02   1.6808270e+02
   2.3031425e+02   1.6358596e+02
   2.4755997e+02   1.6659225e+02
   2.6416710e+02   1.7259447e+02
   3.1616554e+02   1.7224602e+02
   3.3016401e+02   1.6501348e+02
   3.4561807e+02   1.6233261e+02
   3.6105396e+02   1.6398640e+02
   3.7435421e+02   1.7190523e+02
   2.9014109e+02   1.9284800e+02
   2.8915360e+02   2.1357199e+02
   2.8719383e+02   2.3429228e+02
   2.8511243e+02   2.5474418e+02
   2.6151302e+02   2.6042867e+02
   2.7392212e+02   2.6701366e+02
   2.8706663e+02   2.7121365e+02
   3.0100609e+02   2.6673092e+02
   3.1390329e+02   2.6004693e+02
   2.2039222e+02   1.9730134e+02
   2.3356770e+02   1.8708036e+02
   2.5021995e+02   1.8755005e+02
   2.6124468e+02   1.9982791e+02
   2.4733429e+02   2.0136813e+02
   2.3335755e+02   2.0169256e+02
   3.1572023e+02   1.9865716e+02
   3.2758622e+02   1.8663826e+02
   3.4460482e+02   1.8502830e+02
   3.5864477e+02   1.9417068e+02
   3.4523473e+02   2.0028921e+02
   3.3036973e+02   2.0039817e+02
   2.3758789e+02   2.9243167e+02
   2.5285305e+02   2.8535088e+02
   2.6981415e+02   2.8425040e+02
   2.8678795e+02   2.8381306e+02
   3.0348940e+02   2.8503567e+02
   3.2004326e+02   2.8564189e+02
   3.3549794e+02   2.9018052e+02
   3.2291013e+02   3.0786320e+02
   3.0448725e+02   3.1869549e+02
   2.8312008e+02   3.2099061e+02
   2.6489653e+02   3.1782197e+02
   2.5025541e+02   3.0604448e+02
   2.4944830e+02   2.9298852e+02
   2.6757148e+02   2.9123327e+02
   2.8542219e+02   2.9144986e+02
   3.0570312e+02   2.9317258e+02
   3.2559614e+02   2.9402015e+02
   3.0652805e+02   3.0477381e+02
   2.8548423e+02   3.0903082e+02
   2.6607874e+02   3.0447838e+02
