   1.7590519e+02   2.0036149e+02
   1.7831431e+02   2.2918564e+02
   1.8469892e+02   2.5746695e+02
   1.9162879e+02   2.8539614e+02
   2.0162080e+02   3.1271845e+02
   2.1768960e+02   3.3644263e+02
   2.3901008e+02   3.5628065e+02
   2.6308120e+02   3.7184985e+02
   2.9121911e+02   3.7495741e+02
   3.1901775e+02   3.7249397e+02
   3.4233922e+02   3.5711868e+02
   3.6162842e+02   3.3643223e+02
   3.7561311e+02   3.1204279e+02
   3.8512665e+02   2.8564606e+02
   3.9082598e+02   2.5781417e+02
   3.9452702e+02   2.3008835e+02
   3.9505005e+02   2.0192525e+02
   1.9895794e+02   1.7811331e+02
   2.1368192e+02   1.6806807e+02
   2.3059893e+02   1.6359005e+02
   2.4782571e+02   1.6675612e+02
   2.6444725e+02   1.7272668e+02
   3.1634631e+02   1.7228946e+02
   3.3030575e+02   1.6504658e+02
   3.4572584e+02   1.6234423e+02
   3.6113525e+02   1.6396832e+02
   3.7442386e+02   1.7184923e+02
   2.9040673e+02   1.9289707e+02
   2.8945676e+02   2.1358338e+02
   2.8753636e+02   2.3426769e+02
   2.8549408e+02   2.5468431e+02
   2.6241460e+02   2.6085121e+02
   2.7277431e+02   2.6633918e+02
   2.8381944e+02   2.6992336e+02
   2.9710081e+02   2.6819965e+02
   3.0895285e+02   2.6251636e+02
   2.2079802e+02   1.9746191e+02
   2.3352621e+02   1.8736550e+02
   2.4987959e+02   1.8880065e+02
   2.6157722e+02   1.9991341e+02
   2.4765807e+02   2.0198473e+02
   2.3361869e+02   2.0256077e+02
   3.1594727e+02   1.9865119e+02
   3.2777665e+02   1.8653258e+02
   3.4484293e+02   1.8475971e+02
   3.5878255e+02   1.9409941e+02
   3.4543003e+02   2.0036412e+02
   3.3057240e+02   2.0058811e+02
   2.4802687e+02   3.0074440e+02
   2.5809602e+02   2.9028624e+02
   2.7157460e+02   2.8542870e+02
   2.8549166e+02   2.8844636e+02
   2.9990015e+02   2.8416206e+02
   3.1425164e+02   2.8971801e+02
   3.2799142e+02   2.9666539e+02
   3.2084856e+02   3.1017752e+02
   3.0696478e+02   3.1694013e+02
   2.9179566e+02   3.1971168e+02
   2.7524163e+02   3.1788275e+02
   2.5963185e+02   3.1227021e+02
   2.6116778e+02   3.0033152e+02
   2.7343950e+02   2.9954850e+02
   2.8554080e+02   3.0125486e+02
   2.9913425e+02   2.9956543e+02
   3.1273347e+02   2.9787907e+02
   2.9925464e+02   3.0033600e+02
   2.8592162e+02   3.0240426e+02
   2.7355977e+02   3.0078453e+02
