   2.1916910e+02   2.3761659e+02
   2.2252655e+02   2.6144860e+02
   2.2625815e+02   2.8517712e+02
   2.3171943e+02   3.0840707e+02
   2.4107910e+02   3.3049651e+02
   2.5805532e+02   3.4715057e+02
   2.7989265e+02   3.5656563e+02
   3.0287154e+02   3.6309992e+02
   3.2669122e+02   3.6436389e+02
   3.4964710e+02   3.5825441e+02
   3.7016255e+02   3.4621598e+02
   3.8875957e+02   3.3131951e+02
   4.0228085e+02   3.1184883e+02
   4.0879085e+02   2.8899566e+02
   4.0984145e+02   2.6515260e+02
   4.0935797e+02   2.4126968e+02
   4.0707768e+02   2.1768112e+02
   2.2835207e+02   1.8341768e+02
   2.4238754e+02   1.7937238e+02
   2.5683334e+02   1.7761810e+02
   2.7124855e+02   1.7935937e+02
   2.8457202e+02   1.8487168e+02
   3.2541502e+02   1.7749878e+02
   3.4004183e+02   1.7123321e+02
   3.5550274e+02   1.6867320e+02
   3.7101771e+02   1.7191368e+02
   3.8592543e+02   1.7690446e+02
   3.1068180e+02   2.1080390e+02
   3.1234172e+02   2.2488600e+02
   3.1377549e+02   2.3884505e+02
   3.1521730e+02   2.5281438e+02
   2.9060116e+02   2.6629003e+02
   3.0325384e+02   2.7055748e+02
   3.1633939e+02   2.7150362e+02
   3.2673811e+02   2.6918445e+02
   3.3580062e+02   2.6384372e+02
   2.4486054e+02   2.1487357e+02
   2.5480286e+02   2.0630438e+02
   2.6807654e+02   2.0583547e+02
   2.7991232e+02   2.1185175e+02
   2.6842772e+02   2.1515329e+02
   2.5662040e+02   2.1612238e+02
   3.3659723e+02   2.0891928e+02
   3.4566946e+02   2.0086272e+02
   3.5795241e+02   1.9986635e+02
   3.6900200e+02   2.0497145e+02
   3.5874666e+02   2.0926637e+02
   3.4764892e+02   2.0996340e+02
   2.7721579e+02   2.9900694e+02
   2.8883983e+02   2.9068160e+02
   3.0294735e+02   2.8768228e+02
   3.1715750e+02   2.8966545e+02
   3.3093190e+02   2.8723383e+02
   3.4482583e+02   2.8856867e+02
   3.5834041e+02   2.9108909e+02
   3.4930390e+02   3.0368673e+02
   3.3536611e+02   3.1099200e+02
   3.1982596e+02   3.1457975e+02
   3.0366408e+02   3.1401407e+02
   2.8845243e+02   3.0935666e+02
   2.8747986e+02   2.9844676e+02
   3.0261744e+02   2.9508417e+02
   3.1793731e+02   2.9583343e+02
   3.3208756e+02   2.9360469e+02
   3.4624235e+02   2.9400839e+02
   3.3271833e+02   2.9954917e+02
   3.1850972e+02   3.0336113e+02
   3.0236471e+02   3.0330116e+02
