   2.1917801e+02   2.3766702e+02
   2.2251278e+02   2.6150236e+02
   2.2662528e+02   2.8533136e+02
   2.3216713e+02   3.0859081e+02
   2.4119554e+02   3.3076020e+02
   2.5833265e+02   3.4741437e+02
   2.8022620e+02   3.5677251e+02
   3.0334069e+02   3.6313447e+02
   3.2723173e+02   3.6392501e+02
   3.5024340e+02   3.5858653e+02
   3.7062475e+02   3.4636909e+02
   3.8878736e+02   3.3104883e+02
   4.0239654e+02   3.1175753e+02
   4.0883862e+02   2.8894035e+02
   4.0990349e+02   2.6520966e+02
   4.0940920e+02   2.4146392e+02
   4.0712822e+02   2.1785917e+02
   2.3018552e+02   1.8287446e+02
   2.4379891e+02   1.7917984e+02
   2.5778885e+02   1.7722512e+02
   2.7173711e+02   1.7882295e+02
   2.8455204e+02   1.8440522e+02
   3.2563814e+02   1.7790123e+02
   3.4002211e+02   1.7109062e+02
   3.5554956e+02   1.6880644e+02
   3.7106222e+02   1.7205321e+02
   3.8596694e+02   1.7704993e+02
   3.1071373e+02   2.1091579e+02
   3.1236766e+02   2.2499772e+02
   3.1378888e+02   2.3888657e+02
   3.1550959e+02   2.5280111e+02
   2.9126039e+02   2.6535333e+02
   3.0346422e+02   2.7007764e+02
   3.1626680e+02   2.7129210e+02
   3.2634872e+02   2.6867843e+02
   3.3520233e+02   2.6327832e+02
   2.4476450e+02   2.1454152e+02
   2.5478514e+02   2.0588602e+02
   2.6816419e+02   2.0547540e+02
   2.7998920e+02   2.1163314e+02
   2.6841565e+02   2.1503748e+02
   2.5659714e+02   2.1605506e+02
   3.3650604e+02   2.0879428e+02
   3.4563282e+02   2.0048931e+02
   3.5801230e+02   1.9945812e+02
   3.6903279e+02   2.0510811e+02
   3.5871993e+02   2.0940704e+02
   3.4756652e+02   2.1008653e+02
   2.8057631e+02   3.0322245e+02
   2.9010394e+02   2.9344768e+02
   3.0322716e+02   2.8948594e+02
   3.1678029e+02   2.9079055e+02
   3.2985539e+02   2.8841287e+02
   3.4293860e+02   2.9107607e+02
   3.5529427e+02   2.9579571e+02
   3.4527184e+02   3.0443733e+02
   3.3246402e+02   3.0853135e+02
   3.1922160e+02   3.1123527e+02
   3.0574281e+02   3.1051308e+02
   2.9249587e+02   3.0850791e+02
   2.9463350e+02   3.0000466e+02
   3.0589047e+02   2.9749211e+02
   3.1737702e+02   2.9772209e+02
   3.2872352e+02   2.9567169e+02
   3.4011009e+02   2.9621716e+02
   3.2883206e+02   2.9774913e+02
   3.1762953e+02   3.0012566e+02
   3.0592599e+02   3.0024375e+02
