   2.1899746e+02   2.3769735e+02
   2.2238934e+02   2.6159069e+02
   2.2667368e+02   2.8550129e+02
   2.3231070e+02   3.0881827e+02
   2.4134209e+02   3.3104200e+02
   2.5860989e+02   3.4770039e+02
   2.8060300e+02   3.5701778e+02
   3.0383022e+02   3.6330340e+02
   3.2780460e+02   3.6390817e+02
   3.5088375e+02   3.5871381e+02
   3.7125458e+02   3.4636534e+02
   3.8930954e+02   3.3084096e+02
   4.0294062e+02   3.1151907e+02
   4.0932911e+02   2.8863510e+02
   4.1033356e+02   2.6486559e+02
   4.0977399e+02   2.4109449e+02
   4.0743828e+02   2.1742573e+02
   2.3037314e+02   1.8259252e+02
   2.4390580e+02   1.7894341e+02
   2.5781163e+02   1.7689710e+02
   2.7168180e+02   1.7842748e+02
   2.8441511e+02   1.8401032e+02
   3.2565671e+02   1.7760725e+02
   3.3999969e+02   1.7060304e+02
   3.5557986e+02   1.6834403e+02
   3.7114150e+02   1.7156194e+02
   3.8609781e+02   1.7653591e+02
   3.1072686e+02   2.1067334e+02
   3.1241918e+02   2.2478861e+02
   3.1387600e+02   2.3869299e+02
   3.1570763e+02   2.5262623e+02
   2.9151612e+02   2.6504156e+02
   3.0365123e+02   2.6985983e+02
   3.1642024e+02   2.7111408e+02
   3.2644953e+02   2.6838966e+02
   3.3526779e+02   2.6293302e+02
   2.4457806e+02   2.1436171e+02
   2.5462618e+02   2.0563965e+02
   2.6806556e+02   2.0521473e+02
   2.7993305e+02   2.1139461e+02
   2.6831241e+02   2.1485417e+02
   2.5646346e+02   2.1591705e+02
   3.3655109e+02   2.0842063e+02
   3.4569964e+02   2.0001654e+02
   3.5813043e+02   1.9893992e+02
   3.6918653e+02   2.0470940e+02
   3.5884140e+02   2.0904539e+02
   3.4764664e+02   2.0975181e+02
   2.8153596e+02   3.0434037e+02
   2.9053681e+02   2.9412134e+02
   3.0345750e+02   2.8988754e+02
   3.1690588e+02   2.9098259e+02
   3.2984646e+02   2.8856270e+02
   3.4278413e+02   2.9153787e+02
   3.5490917e+02   2.9680383e+02
   3.4463495e+02   3.0451747e+02
   3.3206855e+02   3.0785002e+02
   3.1935482e+02   3.1036026e+02
   3.0650431e+02   3.0963759e+02
   2.9370585e+02   3.0831878e+02
   2.9657439e+02   3.0038751e+02
   3.0689548e+02   2.9804528e+02
   3.1746877e+02   2.9812926e+02
   3.2817284e+02   2.9606992e+02
   3.3893719e+02   2.9661333e+02
   3.2818442e+02   2.9722796e+02
   3.1766214e+02   2.9927032e+02
   3.0700982e+02   2.9946603e+02
