   2.1798276e+02   2.3628384e+02
   2.2075697e+02   2.6035775e+02
   2.2461619e+02   2.8435194e+02
   2.3017406e+02   3.0780010e+02
   2.4058319e+02   3.2960528e+02
   2.5769095e+02   3.4658606e+02
   2.7987198e+02   3.5645315e+02
   3.0285100e+02   3.6402748e+02
   3.2661955e+02   3.6490201e+02
   3.5009658e+02   3.6024442e+02
   3.7075185e+02   3.4814546e+02
   3.8900596e+02   3.3252720e+02
   4.0368309e+02   3.1385598e+02
   4.1065292e+02   2.9104662e+02
   4.1093751e+02   2.6692123e+02
   4.1029587e+02   2.4307695e+02
   4.0913227e+02   2.1918484e+02
   2.2702943e+02   1.8380778e+02
   2.4137256e+02   1.7950069e+02
   2.5615322e+02   1.7786340e+02
   2.7091440e+02   1.7968918e+02
   2.8461385e+02   1.8514863e+02
   3.2535562e+02   1.7712773e+02
   3.4016842e+02   1.7120574e+02
   3.5560870e+02   1.6843695e+02
   3.7115670e+02   1.7166239e+02
   3.8609870e+02   1.7664219e+02
   3.1076212e+02   2.1070616e+02
   3.1244418e+02   2.2481200e+02
   3.1390413e+02   2.3884248e+02
   3.1517375e+02   2.5287328e+02
   2.8999105e+02   2.6748768e+02
   3.0311616e+02   2.7095490e+02
   3.1656659e+02   2.7172933e+02
   3.2803366e+02   2.6926468e+02
   3.3807922e+02   2.6346245e+02
   2.4491431e+02   2.1515554e+02
   2.5507875e+02   2.0701928e+02
   2.6817404e+02   2.0708190e+02
   2.7985084e+02   2.1293878e+02
   2.6819325e+02   2.1522375e+02
   2.5651467e+02   2.1621435e+02
   3.3680653e+02   2.0895142e+02
   3.4631336e+02   2.0202302e+02
   3.5816391e+02   2.0077348e+02
   3.6918206e+02   2.0478392e+02
   3.5885877e+02   2.0894441e+02
   3.4787286e+02   2.0981672e+02
   2.6914664e+02   2.9535471e+02
   2.8307827e+02   2.8545980e+02
   3.0037116e+02   2.8487424e+02
   3.1751890e+02   2.8672257e+02
   3.3336666e+02   2.8249674e+02
   3.4986173e+02   2.8274627e+02
   3.6625176e+02   2.8405239e+02
   3.5850480e+02   3.0288365e+02
   3.4145294e+02   3.1404075e+02
   3.2127797e+02   3.1743310e+02
   3.0126709e+02   3.1783050e+02
   2.8327050e+02   3.0944557e+02
   2.7516253e+02   2.9543965e+02
   2.9621933e+02   2.9016039e+02
   3.1777350e+02   2.9269564e+02
   3.3888234e+02   2.8814667e+02
   3.6043771e+02   2.8723421e+02
   3.4316697e+02   3.0324827e+02
   3.2034768e+02   3.0791531e+02
   2.9573213e+02   3.0810587e+02
