   1.4021564e+02   1.7275334e+02
   1.4208374e+02   2.0401852e+02
   1.4779992e+02   2.3489178e+02
   1.5213392e+02   2.6582719e+02
   1.6918093e+02   2.9214742e+02
   1.9069908e+02   3.1487094e+02
   2.1467457e+02   3.3533262e+02
   2.4222834e+02   3.5024042e+02
   2.7287556e+02   3.5171835e+02
   3.0203598e+02   3.4903217e+02
   3.2742901e+02   3.3423426e+02
   3.4870032e+02   3.1378178e+02
   3.6609303e+02   2.8996107e+02
   3.7908404e+02   2.6358719e+02
   3.8441096e+02   2.3445877e+02
   3.8528926e+02   2.0498926e+02
   3.8320434e+02   1.7575975e+02
   1.7217243e+02   1.4905755e+02
   1.8714919e+02   1.4283484e+02
   2.0288438e+02   1.3936174e+02
   2.1895682e+02   1.3895924e+02
   2.3437436e+02   1.4328391e+02
   2.9750483e+02   1.4555450e+02
   3.1246514e+02   1.4052167e+02
   3.2824822e+02   1.4001214e+02
   3.4395104e+02   1.4141718e+02
   3.5825056e+02   1.4745677e+02
   2.7127891e+02   1.7654867e+02
   2.7169761e+02   1.9405429e+02
   2.7141246e+02   2.1156466e+02
   2.7042650e+02   2.2897424e+02
   2.4193484e+02   2.3476874e+02
   2.5496552e+02   2.4332848e+02
   2.7000367e+02   2.4644937e+02
   2.8429858e+02   2.4320737e+02
   2.9760908e+02   2.3711060e+02
   1.9347224e+02   1.7651862e+02
   2.0660982e+02   1.6680173e+02
   2.2312579e+02   1.6879262e+02
   2.3846810e+02   1.7570786e+02
   2.2343512e+02   1.7640820e+02
   2.0837089e+02   1.7708559e+02
   2.9957096e+02   1.7988823e+02
   3.1087456e+02   1.6877014e+02
   3.2687281e+02   1.6895704e+02
   3.4066874e+02   1.7723586e+02
   3.2680089e+02   1.7715024e+02
   3.1300150e+02   1.7714574e+02
   2.0472169e+02   2.5904340e+02
   2.2641748e+02   2.5576215e+02
   2.4843362e+02   2.5646511e+02
   2.7018684e+02   2.5784377e+02
   2.8917823e+02   2.5559991e+02
   3.0803820e+02   2.5711539e+02
   3.2681807e+02   2.6010852e+02
   3.1234791e+02   2.8083638e+02
   2.9375714e+02   2.9778175e+02
   2.6966125e+02   3.0384558e+02
   2.4304323e+02   2.9807349e+02
   2.2282843e+02   2.7946907e+02
   2.1540534e+02   2.6118822e+02
   2.4266049e+02   2.6411476e+02
   2.6929324e+02   2.6918477e+02
   2.9418626e+02   2.6581989e+02
   3.1909168e+02   2.6264201e+02
   2.9609047e+02   2.8064668e+02
   2.6792321e+02   2.8602525e+02
   2.3822068e+02   2.8020616e+02
