   1.4055799e+02   1.7286203e+02
   1.4377641e+02   2.0393874e+02
   1.5063280e+02   2.3438947e+02
   1.5859658e+02   2.6445306e+02
   1.7042943e+02   2.9306967e+02
   1.9006966e+02   3.1707071e+02
   2.1526939e+02   3.3520026e+02
   2.4279263e+02   3.4998770e+02
   2.7308159e+02   3.5132897e+02
   3.0190044e+02   3.4872620e+02
   3.2701780e+02   3.3420529e+02
   3.4803486e+02   3.1425825e+02
   3.6370410e+02   2.8988173e+02
   3.7147555e+02   2.6190119e+02
   3.7597793e+02   2.3308366e+02
   3.7907018e+02   2.0425387e+02
   3.8302422e+02   1.7565788e+02
   1.7004444e+02   1.4918419e+02
   1.8437735e+02   1.4092236e+02
   2.0042056e+02   1.3687909e+02
   2.1697029e+02   1.3774094e+02
   2.3313840e+02   1.4046015e+02
   2.9665814e+02   1.4333192e+02
   3.1220909e+02   1.3864981e+02
   3.2843867e+02   1.3833179e+02
   3.4446540e+02   1.3928989e+02
   3.5810059e+02   1.4743701e+02
   2.7134128e+02   1.7653910e+02
   2.7177378e+02   1.9400654e+02
   2.7150395e+02   2.1147932e+02
   2.7053474e+02   2.2885211e+02
   2.4518104e+02   2.4112325e+02
   2.5758026e+02   2.4415990e+02
   2.7012750e+02   2.4628984e+02
   2.8100528e+02   2.4414347e+02
   2.9177840e+02   2.4208906e+02
   1.9370268e+02   1.7657445e+02
   2.0765955e+02   1.6672725e+02
   2.2481366e+02   1.6944721e+02
   2.3774293e+02   1.8086432e+02
   2.2268446e+02   1.8252500e+02
   2.0756059e+02   1.8202522e+02
   2.9957500e+02   1.7984768e+02
   3.1084484e+02   1.6874412e+02
   3.2680869e+02   1.6891718e+02
   3.3944146e+02   1.7857286e+02
   3.2632475e+02   1.8222884e+02
   3.1276363e+02   1.8254571e+02
   2.2275162e+02   2.7890667e+02
   2.3800238e+02   2.7229506e+02
   2.5374109e+02   2.6705774e+02
   2.7017917e+02   2.6850482e+02
   2.8614884e+02   2.6523984e+02
   3.0160968e+02   2.7097762e+02
   3.1593087e+02   2.7820289e+02
   3.0365970e+02   2.9068673e+02
   2.8815330e+02   2.9907354e+02
   2.7062881e+02   3.0156596e+02
   2.5197967e+02   3.0065283e+02
   2.3539818e+02   2.9233884e+02
   2.3955855e+02   2.8001419e+02
   2.5493730e+02   2.7929597e+02
   2.7022837e+02   2.8043874e+02
   2.8361737e+02   2.7968809e+02
   2.9695617e+02   2.7938999e+02
   2.8354956e+02   2.8223006e+02
   2.6979741e+02   2.8402292e+02
   2.5437050e+02   2.8187296e+02
