   1.7279714e+02   1.8665117e+02
   1.7620850e+02   2.2201656e+02
   1.8172510e+02   2.5717385e+02
   1.8961149e+02   2.9165235e+02
   2.0158610e+02   3.2522816e+02
   2.2001949e+02   3.5533630e+02
   2.4324302e+02   3.8192540e+02
   2.7192630e+02   4.0257333e+02
   3.0618632e+02   4.0784754e+02
   3.3916372e+02   4.0047634e+02
   3.6547423e+02   3.7944999e+02
   3.8551905e+02   3.5192583e+02
   4.0440258e+02   3.2371868e+02
   4.1668741e+02   2.9227984e+02
   4.2135426e+02   2.5860201e+02
   4.2570089e+02   2.2481322e+02
   4.2697559e+02   1.9113887e+02
   1.9576797e+02   1.5188178e+02
   2.1130363e+02   1.3630146e+02
   2.3233080e+02   1.2980903e+02
   2.5425118e+02   1.3265629e+02
   2.7448282e+02   1.4105534e+02
   3.2147526e+02   1.4281998e+02
   3.4180073e+02   1.3248529e+02
   3.6462808e+02   1.2966582e+02
   3.8719149e+02   1.3303056e+02
   4.0313828e+02   1.4831808e+02
   2.9827304e+02   1.7842441e+02
   2.9790746e+02   1.9938994e+02
   2.9768940e+02   2.2031496e+02
   2.9600070e+02   2.4102344e+02
   2.7310346e+02   2.5581960e+02
   2.8415872e+02   2.5999331e+02
   2.9570492e+02   2.6160984e+02
   3.0986390e+02   2.6062182e+02
   3.2318985e+02   2.5617833e+02
   2.2529430e+02   1.8117684e+02
   2.3977991e+02   1.6977654e+02
   2.5827283e+02   1.7131343e+02
   2.7140188e+02   1.8397743e+02
   2.5549024e+02   1.8796740e+02
   2.3927377e+02   1.8828662e+02
   3.2978379e+02   1.8182564e+02
   3.4390886e+02   1.6924880e+02
   3.6273489e+02   1.6872229e+02
   3.7667990e+02   1.8106345e+02
   3.6173968e+02   1.8680413e+02
   3.4538947e+02   1.8624207e+02
   2.6296909e+02   3.1594051e+02
   2.6834951e+02   2.9924614e+02
   2.8278146e+02   2.8816412e+02
   3.0047054e+02   2.9019678e+02
   3.1815469e+02   2.8872572e+02
   3.3234546e+02   2.9953556e+02
   3.4209697e+02   3.1469823e+02
   3.3296156e+02   3.2912109e+02
   3.2098446e+02   3.4147238e+02
   3.0489823e+02   3.4666819e+02
   2.8745949e+02   3.4145042e+02
   2.7281302e+02   3.3063753e+02
   2.7232955e+02   3.1349755e+02
   2.8376771e+02   3.0202549e+02
   3.0067259e+02   3.0134867e+02
   3.1869055e+02   3.0275188e+02
   3.3101965e+02   3.1454282e+02
   3.1886422e+02   3.2442701e+02
   3.0315282e+02   3.2797205e+02
   2.8576159e+02   3.2353757e+02
