1.2e-05 -0.07134 -3.9e-05 0.434909 8499f6a89638452058139d8f17b47da2 11
-4e-06 -0.991989 0.002472 0.534692 2c23fccc25f008d48a99455e0ebb18a3 11
-3e-06 -1.07594 -0.036994 2.28126 5faf2af85df67872e4b6caced5ad4d6a 11
-5e-06 -0.544277 -0.06149 0.67604 6ba10cec1987cb8d95328bb50efb3e20 11
-0.07795 -0.732182 -0.049932 2.2589 82ba5db373b89b8baeb8d2c6133ee219 11
-0.001477 1.13985 0.000267 5.18079 96c786779850c6ae5ad029843b75628d 11
-1.2e-05 -2.63479 -0.003255 0.769564 91c7c0526b7433ee10d9e3f5f1d34acc 11
-5e-06 -0.538061 -0.229612 0.427525 1b8f560dde3370e1af8651863f82a4ad 11
3e-06 -0.117196 0.000647 0.339895 713cb9059aec886feaf8babad286d32c 11
-0.000533 -0.577098 -0.00142 0.500781 b33866bfaa399e6bee71393e12327d02 11
-7e-06 -0.691913 0.023531 1.28307 b9545800a7047700fd92f46908d3f037 11
-0.000224 -0.705318 -0.019322 1.38519 c9d4eac3c888b53927dde2bda92ff22e 11
-0.005801 -1.17098 -0.207876 10.3971 82fa066827758723f1bcd60e7afe954e 11
-7e-05 0.177719 -0.110716 16.5924 873b865bfcfae166889aa4d2f2fb324a 11
-3e-06 -0.508485 0.003898 0.627508 8e69339d474ef4980a021b213f5178e7 11
-0.001528 0.424177 -0.000812 1.0459 e9a4e98dc4221b3109095f1fc1472a69 11
-2e-06 -0.467501 0.004846 0.670574 a8544de006e6903a6ac2ca70bc56792c 11
2e-06 -0.288136 0.001393 0.220039 79a0c9c52e2b520c8d266175235b5901 11
-0.0039 0.56499 -9e-06 1.16842 5351f59b00b3d4978c098dafc99fd8f0 11
-0.001936 0.096932 -0.001823 0.658764 e5b7ae47d685b5af781793f2813afcde 11
-0.0 1.68254 -6.8e-05 0.594001 e55e337c5ec0d3d657f762e90b86358c 11
-0.000815 -0.061056 -0.001404 0.112682 f46c616d8233cd1fa93d721897272b1d 11
-5e-06 -0.256561 0.000614 0.744677 c229bf8f92b2df9737293fc4e023f2da 11
-1.1e-05 -1.0336 -0.174295 1.29324 baee83d22ef3d186792863b6884650f5 11
-0.000102 1.77617 -0.000183 2.82203 b161fb3d0bbc1d6c9239c9aba41fa1d5 11
-1e-06 0.100314 0.000566 2.93178 d88d2b99196b3e4a910a70df5cc9e939 11
-7.8e-05 -0.200717 0.001085 0.900895 8c946cdd769c1f41156829887d423476 11
-4e-06 -1.36855 -0.098599 0.959271 76a9c79e96b413c71050cc2f8f881a1f 11
-1.2e-05 -1.37052 -0.018306 3.81743 ef6182cb1d5391c5546a4089e5a93059 11
-0.000709 -2.00797 0.001285 0.849061 f1f07e6ab614cddf82f3028a5797c295 11
-2e-06 1.92731 0.000378 5.14444 9c6ffbd650f002ce1f874f5d2fdb17b4 11
-0.000152 -0.133294 -0.099006 2.62776 65662819ef8e807a53f2144b2dd0123d 11
-0.101215 -0.404617 -0.014484 0.480044 f58910a1df29e84ead650fd130619d95 11
-0.000116 0.246849 -0.000315 0.766756 56a4b9ed49a6e34f5f7a64522ad435ad 10
-4e-06 -1.08477 0.019949 0.971952 78264dca63dd3ea3a7a0cfbeda564764 10
9e-06 -0.169822 -0.017823 1.12567 c71cf6f2b0bc00f5cefe1f1d1faabda0 10
-0.0 0.233257 -0.074612 1.86964 b87a2f03d8d4ffd25c60ea83e8e3c2c5 10
-6e-06 0.528099 -0.027683 2.21953 eada06000541df2807e8eefd3977aeee 10
-0.017367 0.089413 -0.013621 2.11962 4d4a2e57565165ea1a4a7afbe9f7865d 10
3e-06 -0.162256 -0.000204 1.01329 804527d370cb52a6e54c2aac9e106588 10
-0.000293 0.006128 -2.3e-05 6.13581 cbb59d6f9d71cdc71e96db3d43bf2af4 10
1e-06 0.299379 -0.000285 2.87659 feac72c73eb3ac605611884464714436 10
0.000323 0.558893 -3.129233 1.52314 b54513b5faf15a7fa9e911bfa6a3d903 10
-0.000104 -0.355694 -0.000223 0.631598 d2b98d1368368d5b8e6d10d1a18b744e 10
-0.000792 0.185175 -0.003137 0.301605 789b03d056e5f9ad4339e013a8e9953f 10
-5e-06 -0.908577 -0.01207 0.985639 1fb64b8c8f43607ed09ff41894b7dce3 10
-2e-06 0.140961 -0.017926 0.955916 23951277ecee96c00d8af516ed6f6bf0 10
-0.000211 0.82774 -0.539669 5.22095 83716abe7c4cbb911a8490bdc76c94e6 10
7e-06 0.041983 0.032646 5.06547 ca951278621a3385283dcf9d533659cb 10
-1e-06 0.261633 -8.4e-05 8.27292 a6a48cfebf8a6e75a82f485c29d7e5a3 10
-4e-06 -0.562096 -0.00268 0.669406 6fbbec7189cd711ca535f13d1c11c9d9 10
-0.000596 -1.20786 0.000679 0.476656 9cc2d384b5f7a9801a6cc3eeb1f9270c 10
1e-06 -0.608586 0.00852 0.463631 a0721dfc2a49d2ea28244a5df7419e79 10
-5e-06 0.24001 0.000542 0.366252 5cc1c9d7d325d427a355fcb1f6b3551e 10
-0.000754 -0.120569 -0.000485 1.53501 3234d90410e74ac71ee897c2ea8d6ace 10
-5e-06 -0.430697 -0.11802 6.96367 cbf0569ec82840ad2a8cf4d9374f2617 10
-0.013747 -0.591855 -0.000349 12.7259 859715419f76202f48372ed667032fed 10
-0.001052 0.074324 -8.2e-05 0.600817 5dc92d0950c01ddb4105ab92df8a6900 10
-0.000259 1.03154 0.000209 1.84212 c92d26af0a64434d3e1cc90655f43bd2 10
-0.000131 -0.443598 0.000578 3.28147 fba026269acfc507d511bec0cd6ec8b8 10
0.0 2.37242 -0.000722 1.21917 a0d6a889fe5c775999b391ea1ce70237 10
-1.4e-05 -0.120101 -0.011814 0.192402 eea086c60c6ee412fd936f6df8e73513 10
-3e-06 -0.635499 0.000447 1.42041 8d56306ebafd06fa01a3d45400ecc0f2 10
-0.000535 -0.417166 -1.618909 1.11479 940f520cf19a85dfa71696f857743d7e 10
-3e-06 0.952387 -0.000655 10.9674 fbe2c4017a96cf68a464d5f80bfa32c6 10
-4e-06 -1.027 0.000479 1.68346 60c80f595a30204a0350b527a878f6ba 10
-5e-06 -0.056067 -0.068674 1.83598 19577402483f2b0bc28b25c2e5bdc171 10
-0.000189 0.813086 -0.00023 0.802836 5e2609294b2d7da9c9599d7d1f7aa8b0 10
-6e-06 -0.413349 -3.725836 6.73808 0d42f0a6ee1a418fc8898a014c0c2055 10
-1.4e-05 0.319161 0.001427 0.678489 c6018a9f353f7a946edc7ef7d12b8c8e 10
7.5e-05 0.138188 -6e-06 2.77276 9926100e6ede1d98e282f20df8711cba 10
-3e-06 -0.217369 -0.000643 1.48845 1d0ed2f8eaedc5c3bd2e25df94ce0d69 10
-0.001219 -0.642891 -0.008357 0.668458 129c860d944499abee27a9fb2417a80c 10
