5 1 2e-05 0.034241 0.130639 95.7256 29.822708 40.295 30.126667 38.404833 20.917917 39.221833 30.126667 38.404833 39.450417 40.019667 30.29 35.796167 12.643458 31.799167 41.186875 30.226833 29.392083 70.226333 49.474792 83.347 49.981458 78.941667 69.632917 71.814167 51.169375 69.510833 51.57 66.870167 36.613958 58.4205 63.940208 58.650833 52.276667 54.711667 70.066042 39.7755 69.867708 38.423833 61.01 39.909167 69.867708 38.423833 78.579792 39.312167 69.792292 36.355 58.85875 30.445833 86.775417 33.131667
5 1 -1e-06 0.310404 0.141386 95.313 28.148542 41.361833 28.634375 39.265167 19.874458 39.228667 28.634375 39.265167 37.720208 40.908167 28.945208 36.8385 13.014771 33.086667 40.606667 32.610667 29.068958 69.842 50.156458 80.342833 50.091667 76.159167 68.785208 69.061333 50.454583 70.887333 50.598125 68.789667 37.026042 58.6065 63.578958 58.944 51.514167 58.372333 71.883333 41.874833 71.242292 39.449833 61.791875 41.369833 71.242292 39.449833 80.270208 39.498333 70.848958 36.543333 59.839167 32.6355 87.312083 34.0455
5 1 -5e-06 -1.19481 -0.065564 90.3347 29.805833 40.228667 30.125208 38.531167 20.812375 38.925833 30.125208 38.531167 39.431458 40.450833 30.386667 36.216667 11.7485 31.7585 41.286042 31.925833 30.768125 70.946333 50.34 81.977833 50.472708 77.896 71.309167 71.8955 51.218958 70.705 51.357083 68.580333 36.792292 59.356167 64.478125 59.727667 50.363542 58.0125 72.953125 39.843667 72.488333 37.824333 63.075208 39.673667 72.488333 37.824333 81.745833 38.016 72.117083 35.274667 59.991042 30.651667 88.20125 29.1955
5 1 -0.00081 -0.404007 -8.160589 94.8316 31.062917 43.070167 31.322917 41.276 23.093958 41.675667 31.322917 41.276 39.991875 42.488167 31.313125 39.098333 16.021375 34.254167 39.764167 33.548167 30.988542 70.077 50.539375 82.241333 50.615417 78.077167 71.548333 70.751167 50.887917 71.513833 50.991042 69.447667 36.299792 60.5615 63.9175 60.420833 49.9125 57.256333 70.869375 42.4475 70.647708 41.054167 62.31875 42.436833 70.647708 41.054167 79.136458 41.4185 70.468958 39.2025 60.47625 34.199833 85.831875 34.219167
5 1 -3e-06 -1.22304 -0.001259 91.3605 30.803333 39.316833 31.369583 37.277167 22.24875 36.965333 31.369583 37.277167 40.882708 39.384167 31.677083 34.882833 16.232771 28.731667 41.999167 30.4325 31.721875 69.351 50.025 81.491167 50.237708 76.992833 69.631042 69.216667 50.574167 70.393667 50.659167 68.166667 36.831458 58.622333 63.170625 58.416167 50.048125 57.370833 71.376875 38.630167 70.832083 36.603167 61.430625 38.341667 70.832083 36.603167 79.724792 36.562833 70.606667 34.263333 60.768542 28.980833 86.692708 27.9395
5 1 -0.045192 0.484758 -2.612582 94.4274 27.696875 41.604667 28.1775 39.992333 18.914125 39.798167 28.1775 39.992333 37.404583 41.932167 28.563333 37.9555 11.942479 31.0575 41.073333 32.642 28.769375 71.594 51.159792 81.103333 50.804375 77.848 69.061042 68.7165 50.906667 72.090833 50.943958 70.549667 36.531458 60.229167 63.1575 59.394333 50.411458 60.126167 71.930833 41.782833 71.760833 40.287333 62.196458 41.480667 71.760833 40.287333 81.59125 40.675333 71.559583 38.4775 60.691042 32.3605 89.028958 30.436167
5 1 -3.2e-05 -0.417388 -0.028556 96.0537 29.716458 39.635667 30.208542 38.156667 21.196042 38.039667 30.208542 38.156667 39.49375 40.219667 30.501667 36.216 14.262979 29.7105 41.798333 30.923667 28.799167 70.460167 49.075208 83.0845 49.222708 78.547333 69.056875 70.945167 49.780417 71.475833 49.983542 69.341833 37.061042 59.155167 63.662917 60.027167 50.446875 57.072167 71.295 39.129667 70.960625 37.919167 62.657083 39.768167 70.960625 37.919167 79.363333 37.983333 70.626458 36.219333 59.252083 30.941667 85.542292 30.625833
5 1 -0.002933 -1.36867 0.003228 98.2153 30.484375 40.112667 30.700625 38.5455 21.029583 38.4295 30.700625 38.5455 40.348958 39.997167 30.894375 36.818667 12.449479 30.789167 41.662292 31.034 26.1325 68.770167 48.479167 83.641167 48.86375 79.274167 71.073542 69.854833 50.0525 71.3905 50.410208 69.495 35.817708 58.101 64.480208 59.643 50.367292 59.145333 70.089167 39.207833 69.965208 37.795 61.202708 39.463333 69.965208 37.795 79.243333 37.779333 69.635208 36.067167 59.063542 30.808333 87.873958 30.789333
5 1 -0.001063 -0.200513 -0.133511 89.5478 27.515 41.8315 27.819792 40.276167 18.53325 40.848833 27.819792 40.276167 37.463958 41.77 27.874583 38.152333 10.772021 33.302833 39.076875 31.8245 29.452708 73.2545 50.175417 82.29 50.199792 76.755833 70.345 73.022 50.361458 71.4715 50.482083 68.448167 34.423125 58.396 65.419375 58.393167 50.021458 55.976667 70.969583 41.459333 70.800625 40.155833 61.45125 41.763167 70.800625 40.155833 80.606042 40.657167 70.515208 38.233333 58.835208 31.1715 88.230625 32.639833
5 1 -0.000163 -0.533353 -0.021048 82.5061 28.358125 41.621833 28.871667 39.520167 19.060271 39.477 28.871667 39.520167 38.630208 41.776667 29.358333 36.876833 10.386354 32.597 41.674375 34.778 28.064167 70.051333 49.382083 81.648333 49.36625 77.555833 68.591458 69.286833 49.759167 71.006667 49.931458 69.1385 35.28 58.164167 63.620417 59.220167 49.983958 57.857667 73.592292 41.219667 73.071667 39.191 63.1125 41.337833 73.071667 39.191 82.401875 39.472 72.857708 36.538667 60.876667 34.290833 90.301458 33.036833
5 1 -0.025247 -1.93786 -0.043621 95.5947 30.618542 41.120167 30.884583 39.496833 21.138958 39.607333 30.884583 39.496833 40.592083 41.206333 31.157292 37.504167 11.866875 32.7935 43.522708 32.5065 29.683958 70.833167 51.43 81.253667 51.223125 76.535 70.621458 68.845333 51.216667 71.371833 51.261458 69.142 36.33375 58.6715 62.455417 58.722833 51.05375 59.227 70.573125 40.103333 70.217708 38.432167 60.93 40.473667 70.217708 38.432167 79.587292 38.257667 69.819375 36.383167 56.981667 32.143167 87.844792 30.917167
5 1 -5.9e-05 -0.231883 -0.06163 77.9454 29.290417 41.594667 29.762708 39.450167 20.631583 39.662 29.762708 39.450167 39.081458 41.202333 30.107292 36.824667 14.320625 32.154333 40.427917 32.994833 29.633333 71.371167 51.309375 83.887 51.111458 79.526667 70.01 70.379167 51.420625 71.141667 51.500625 68.989333 36.676458 59.599833 64.797708 59.5295 51.613333 58.5615 70.498542 41.505833 69.760417 39.320667 60.363125 41.535667 69.760417 39.320667 78.597917 39.213833 69.336042 36.612 59.27375 33.7335 84.653125 31.598667
5 1 -2.6e-05 1.20223 -0.007442 95.0853 30.254375 40.064833 30.6225 38.682333 21.525 38.356333 30.6225 38.682333 38.847708 40.881333 31.397917 36.863833 13.387437 33.55 42.968333 34.6055 26.281667 68.0395 48.141042 82.981667 48.357292 77.820333 71.162708 70.4445 49.531042 69.776167 49.855833 67.130667 34.33625 58.030333 64.252917 58.881667 49.629375 56.852333 70.012292 40.799167 69.735833 39.339 61.179583 40.9375 69.735833 39.339 78.621458 39.148 69.300833 37.663 57.931875 34.186167 85.495 33.808833
5 1 -0.009303 0.508588 -6.285249 98.7948 28.705 41.307667 29.272292 39.333167 20.561792 39.5245 29.272292 39.333167 38.706042 41.0215 29.392292 36.866333 14.135146 31.5325 39.751875 29.834833 27.925417 69.869167 50.163125 83.254 50.145208 77.959 74.3975 69.416333 50.286458 71.672167 50.268542 68.977167 34.892917 60.462333 64.934375 60.295 49.978125 57.847833 74.747292 41.6175 74.192917 39.652167 64.2875 41.283333 74.192917 39.652167 83.223542 39.832 74.138958 37.265167 63.005417 29.905 89.557917 31.6965
5 1 -0.006277 -0.590734 -0.978214 92.7381 28.042917 40.336667 28.549375 38.237667 19.259333 38.549167 28.549375 38.237667 38.356667 40.094333 28.81125 35.5825 12.31475 32.573 41.252292 32.253 29.478333 69.535667 49.494375 84.951333 49.89375 80.465333 70.605208 70.497833 50.555833 72.2035 50.857708 69.980667 35.310833 59.832667 65.167917 60.504667 50.812292 59.794667 74.199375 39.495333 73.729167 37.865 64.075417 39.987667 73.729167 37.865 83.227917 38.3955 73.38875 35.4835 61.8475 31.825 91.791667 31.918
5 1 -0.003014 1.00134 -0.571667 98.4414 29.10375 40.843833 29.610417 39.003333 20.358583 39.252667 29.610417 39.003333 38.716875 41.2705 30.104375 36.4245 12.197396 32.892167 41.868958 32.504 26.755833 70.764833 50.269792 84.628167 50.285 79.500167 70.844375 70.072833 50.876667 72.7035 51.1675 70.1915 35.375625 59.946833 64.085208 59.838333 50.941042 60.533833 71.111875 41.170333 70.70875 39.578 61.542708 41.545167 70.70875 39.578 79.547083 40.136667 70.539792 37.267833 60.79 32.989167 87.733958 34.8205
5 1 -0.000228 0.018065 0.477826 95.1016 28.814792 41.862333 29.288125 39.777667 19.686438 39.818833 29.288125 39.777667 38.9575 41.950167 29.722292 37.107 12.590625 32.178 41.631042 33.798 28.828542 69.6265 49.683542 82.731 49.934375 78.157667 69.015625 69.664667 50.64375 72.04 50.929583 69.912667 37.613958 60.329667 62.7425 60.265667 49.65 58.1535 70.584792 41.2925 70.2525 39.788 61.252292 41.775667 70.2525 39.788 79.409167 39.931167 69.921875 37.682 58.244583 33.502833 84.738125 32.836167
5 1 -0.000446 -1.2438 -0.565948 85.3912 28.398333 41.389167 28.848958 39.919 20.444375 39.83 28.848958 39.919 37.0725 41.592 29.260625 38.0665 13.892583 31.892333 39.659167 32.140667 31.05375 70.387333 49.975 81.0965 50.125208 76.6645 70.697083 70.181167 50.611042 72.009 50.701458 69.9675 37.372708 59.916333 64.194375 60.693667 49.409583 58.288667 73.988542 40.6335 73.534792 39.142833 64.331458 41.288833 73.534792 39.142833 83.093542 38.554833 73.01875 37.369833 60.487708 31.498667 90.167917 29.856667
5 1 -0.000704 -1.27066 18.992094 97.2518 29.794375 41.3075 30.218125 39.3935 20.573479 39.5525 30.218125 39.3935 40.1225 41.555167 30.472292 36.834 13.024271 32.175667 42.794583 32.180333 26.939583 69.355833 49.881667 82.318833 50.019375 77.536833 71.03375 69.566333 50.8575 70.584833 51.125625 68.113833 36.6175 59.221 63.614792 59.364167 51.051875 57.793333 71.33375 40.381833 70.990833 38.67 61.8 40.405 70.990833 38.67 80.081667 38.9255 70.729583 36.462833 59.691667 31.666167 87.079583 31.904833
5 1 -5e-06 -0.864145 -4.469616 96.265 30.77375 41.573667 31.268958 39.5815 22.326042 39.460333 31.268958 39.5815 40.133958 41.8205 31.711458 37.021167 15.135396 31.419833 41.564375 31.596333 28.935625 69.4485 50.668333 82.877833 50.628125 78.04 71.951875 68.885167 50.6975 70.540667 50.730833 68.198 37.0575 59.629833 64.05625 59.518833 50.690417 58.446 72.435625 41.091167 71.959583 39.0905 62.379583 41.195167 71.959583 39.0905 81.317292 39.3625 71.659792 36.419 59.96625 32.018167 88.594167 32.359167
5 1 -0.000496 1.16799 -0.014922 92.1443 28.825208 40.721167 29.203125 39.206833 20.136729 39.706333 29.203125 39.206833 38.683542 40.821167 29.381458 37.155667 12.860917 33.025333 41.634583 32.7775 29.222708 73.4175 50.179375 82.517167 50.170625 78.597333 71.443958 72.291667 50.758542 72.1485 50.7775 70.129667 35.426667 61.271167 65.772708 61.169667 51.226667 59.918833 73.207292 41.400667 73.080833 39.9225 63.783125 41.027667 73.080833 39.9225 82.017917 40.633833 73.089167 38.024 60.607917 32.897833 89.538958 34.692667
5 1 -1e-06 -1.36331 -0.223507 96.2772 28.768958 41.865833 28.982917 39.6845 20.097604 40.543333 28.982917 39.6845 38.2175 40.765667 29.083958 37.048333 12.515 34.694 41.946875 32.926333 30.083125 71.4955 49.43375 81.722833 49.579792 77.081833 69.31375 71.759333 50.194583 70.074167 50.335 67.5065 34.270833 58.348833 65.068333 58.503167 48.457292 54.434833 72.898125 40.7735 72.612708 38.853833 63.498958 40.1665 72.612708 38.853833 81.5925 39.8015 72.392917 36.296167 58.707292 32.229667 88.905208 33.073333
5 1 -9e-06 0.437142 0.035598 98.8821 31.17375 41.2995 31.348125 39.952333 22.284167 40.58 31.348125 39.952333 40.407083 41.1345 31.576458 38.095667 13.673854 35.856333 44.881042 31.8505 29.188125 67.576333 50.226875 81.695667 50.457292 77.214667 70.039167 68.136333 51.041458 68.925833 51.258542 66.935 34.938125 58.095333 65.369583 58.876 52.028125 57.247667 71.123333 41.389333 71.050208 40.194667 62.039167 40.7635 71.050208 40.194667 79.783125 41.059 71.074375 38.643167 58.854167 31.382333 87.6575 36.968833
5 1 -0.001482 0.164342 0.007149 90.1186 31.686667 42.207833 31.904375 40.753667 22.555208 40.9495 31.904375 40.753667 41.037917 42.372167 32.138542 38.928667 14.112292 32.861667 43.158333 34.569167 29.19875 70.565 50.588125 80.275333 50.622708 75.550333 72.044792 71.114667 51.080208 70.5225 51.175625 68.0665 36.051042 58.583333 64.438125 58.859167 50.4875 56.385333 70.483958 42.616 70.326458 40.841833 61.262917 41.965333 70.326458 40.841833 79.15875 41.5105 70.240625 38.657333 58.56 33.783 87.260208 35.0315
5 1 -0.008059 0.644369 -0.01143 97.5161 28.007917 40.554333 28.229792 38.7425 19.253271 39.109 28.229792 38.7425 37.7475 39.941333 28.25 36.696 11.817375 32.369667 41.324375 32.804333 27.271875 67.027 49.640208 79.696 49.767917 76.028667 71.07375 67.787167 50.228542 70.326667 50.381875 68.7525 35.755833 58.1085 64.065 58.176833 49.454583 58.034833 72.8625 40.6535 72.649583 39.142167 63.85625 40.322333 72.649583 39.142167 81.359375 39.653333 72.51875 37.277333 60.267083 32.986667 88.889167 33.095833
5 1 -0.00022 -0.037418 -0.021922 93.5727 30.25375 41.533167 30.909583 39.453167 21.322292 38.835667 30.909583 39.453167 41.11625 41.694167 31.226667 37.146833 14.238083 31.307167 42.037292 32.0575 30.990833 70.973333 50.772708 82.225 50.507083 77.3775 69.267292 70.9635 51.002292 71.343667 50.991875 69.179167 35.087292 59.498667 63.376458 59.852 50.536458 58.353333 72.025625 41.3145 71.423125 39.432 61.859792 41.748167 71.423125 39.432 80.634167 39.319333 71.024375 37.0065 59.479583 32.0555 88.509375 32.333667
5 1 -0.000636 1.2246 -0.02567 88.3423 29.586667 41.497 29.909583 39.394667 20.498062 39.426333 29.909583 39.394667 39.421667 40.633833 30.148542 37.142667 13.585917 31.844333 41.6575 31.594833 27.924375 70.456333 49.751875 81.463167 49.925833 77.946167 69.556875 70.843333 50.718125 70.514667 51.034583 68.6215 36.15 58.273333 64.105417 57.852167 50.5875 57.765167 71.574583 42.0395 71.261458 40.101833 61.649375 41.679833 71.261458 40.101833 80.424792 40.604833 71.200208 37.643 60.461458 32.626167 87.854583 33.1445
5 1 -7.1e-05 -1.07963 -0.001808 93.6417 27.98625 41.734833 28.433125 40.217 19.063625 40.009667 28.433125 40.217 37.7125 42.329 28.894375 38.262333 12.11 34.739167 42.212917 35.6975 29.09875 69.551333 49.948333 79.914833 50.407292 75.778667 73.089792 70.577167 50.710625 72.430167 50.989375 70.7005 34.574792 58.418667 65.795 57.764667 50.435 55.586167 73.457917 40.886167 73.128125 39.543167 63.4275 41.3625 73.128125 39.543167 82.889167 39.585333 72.748125 37.808167 58.365417 35.1205 90.401667 35.2555
5 1 -5e-06 1.04833 -0.867681 90.9379 27.572708 39.405833 28.464792 37.035167 18.721854 36.672833 28.464792 37.035167 38.999375 39.842667 28.949167 34.054833 12.201625 28.1455 41.395833 32.054667 28.94125 71.261 50.781875 81.588 50.726667 76.867833 69.002708 71.313667 51.53875 72.103833 51.80125 69.757333 34.888333 59.682667 65.291875 59.9445 51.203958 57.284833 71.587708 40.053 70.885625 37.656167 60.275 40.045 70.885625 37.656167 80.46 37.765667 70.667292 34.6265 58.176875 32.103667 88.548542 30.403667
5 1 -0.02912 -0.199028 -0.396544 95.2504 28.347292 41.120667 28.832917 39.069333 19.768854 39.306167 28.832917 39.069333 38.304375 41.0175 29.20625 36.441833 12.641396 33.570167 42.681458 33.577833 30.324792 70.383833 51.0025 81.8945 50.894583 77.159333 71.447917 70.196833 51.164583 73.274333 51.249375 71.294667 36.203958 58.587 63.856875 58.868167 50.028125 57.980667 73.100625 41.0405 72.674375 38.9475 62.645417 40.622333 72.674375 38.9475 82.293958 39.206833 72.386042 36.443167 56.965625 33.109167 90.155 32.906333
5 1 -3.7e-05 0.306923 -0.193459 98.3371 29.056042 38.470667 29.244792 37.4155 20.180375 37.946833 29.244792 37.4155 38.57875 38.729 29.29125 35.921167 12.647396 31.512833 40.617083 29.730667 27.0925 72.320167 50.938542 86.61 50.982292 81.367 74.881042 72.3185 51.502292 72.760333 51.702083 70.248333 33.8775 60.426167 68.103542 60.946167 49.46875 58.176667 73.8125 39.2005 73.697292 37.606 64.091458 38.817 73.697292 37.606 83.47125 38.259167 73.518542 35.6175 62.286458 29.946 92.484583 31.7785
5 1 -0.000523 -0.343589 -0.036464 97.5686 30.095 40.940333 30.591458 38.627333 21.205625 38.785833 30.591458 38.627333 40.404167 40.363333 30.868333 35.918833 12.614146 31.6535 40.780625 31.6415 27.453125 69.337167 49.19625 82.693333 49.240208 78.592333 69.656667 69.473333 49.680208 70.871833 49.808542 68.8975 35.744792 59.711833 63.733542 59.414667 50.445417 58.3325 69.708958 40.6605 69.188542 38.442167 59.545625 40.230667 69.188542 38.442167 78.105417 38.688333 69.024792 35.746833 58.604792 30.986333 85.7 32.374333
5 1 8e-06 -0.679779 -1.679446 96.7691 28.205208 40.257833 28.712292 38.233167 19.676375 38.329333 28.712292 38.233167 38.17375 40.144833 29.070417 35.75 12.014167 31.513 41.092083 32.499 28.250625 70.597667 50.62375 83.326333 50.5625 78.769333 71.203958 69.926167 50.746667 71.716167 50.932708 69.435 35.499792 58.953667 65.726458 58.501667 50.028958 58.143167 73.005417 39.612667 72.538958 37.817167 62.641667 39.794667 72.538958 37.817167 82.239375 37.964167 72.179375 35.516 59.994583 31.576 90.537917 31.286333
5 1 -0.000162 -0.875608 0.040002 81.9351 29.017708 40.483333 29.378125 38.427 19.728354 38.708167 29.378125 38.427 39.520417 40.043333 29.523333 35.935333 11.424833 31.501 43.087917 30.3305 28.394792 69.510167 49.692917 80.134333 50.021458 75.556667 70.138333 70.558 50.454792 72.602333 50.775208 70.4495 35.370833 58.428833 65.807292 58.889667 50.683958 57.1155 71.552292 39.924667 71.048958 37.9175 61.165417 39.767667 71.048958 37.9175 80.432292 37.9685 70.767708 35.504167 57.73125 30.878 88.33375 30.889167
5 1 -5e-06 -1.01679 -0.01197 97.3082 28.367708 39.039 28.820833 36.794167 19.594958 37.068333 28.820833 36.794167 38.886042 38.622167 28.919167 34.042833 12.186 31.634333 42.5475 28.816667 30.006042 71.475 50.105 85.342833 50.130417 80.788667 70.038333 70.867333 50.704375 71.295667 50.8275 69.264 35.5625 58.8545 63.529375 59.116167 49.667708 59.164333 71.832292 38.225 71.29 36.191167 61.661875 38.063333 71.29 36.191167 80.338333 36.377167 71.030417 33.6695 58.936667 29.592833 87.894375 30.4475
5 1 -0.002552 0.518066 -1.225098 96.2724 30.024792 39.183 30.470417 37.553667 21.602708 37.474333 30.470417 37.553667 39.277083 39.441 30.875 35.510333 14.993812 29.663167 41.673125 31.431667 28.692917 67.516333 50.429583 81.532 50.497292 76.577167 71.210208 68.5175 51.313333 70.513333 51.461875 68.186333 35.098333 58.376 64.94 58.399667 50.116875 56.027833 72.960208 39.664 72.426458 37.857167 63.431042 39.93 72.426458 37.857167 81.085417 37.9195 72.087708 35.458833 59.939792 31.153167 87.840833 30.587833
5 1 6e-06 0.275153 -0.018964 98.3195 28.860208 41.5635 29.213125 39.782833 20.067063 40.1175 29.213125 39.782833 38.57375 41.5515 29.5075 37.451167 12.402146 33.867333 42.151875 32.722 29.376667 69.745833 50.282083 78.936 50.119583 74.3795 69.673542 69.1325 50.622708 70.792667 50.705625 68.5685 35.071875 59.800667 65.096458 59.294167 50.354167 57.809833 69.040625 41.66 68.906875 39.935333 59.906875 41.206667 68.906875 39.935333 77.775 40.6855 68.847708 37.7035 58.9325 32.743 86.844583 34.1565
5 1 -0.000105 1.14464 -0.021467 87.4722 29.203125 40.291 29.678125 38.289667 20.498438 38.679333 29.678125 38.289667 39.662292 39.880833 29.753542 35.805833 13.760563 30.4735 41.537292 29.788833 31.418333 72.022833 51.11375 83.676167 50.809375 79.431 67.705208 70.975333 51.085208 71.3455 51.164375 69.2575 37.328542 58.9945 63.534375 57.791 50.868958 56.118667 70.969375 40.7655 70.79125 38.946833 61.616458 39.755167 70.79125 38.946833 79.314792 39.768833 70.962708 36.749167 60.450417 29.414 86.912917 32.667333
5 1 -0.000184 -0.618812 -0.038646 93.7383 29.186667 42.038667 29.616458 40.208 21.052292 40.897 29.616458 40.208 39.429167 41.8325 29.555 37.740167 14.852625 34.588167 41.568542 33.802667 31.112083 71.926833 50.598958 80.982 50.615417 77.455833 67.987917 71.644 51.019583 72.3485 51.165833 70.6495 36.15 59.6715 64.72625 59.097333 51.502917 58.136 72.489792 41.6365 72.07125 39.841167 62.433958 41.330167 72.07125 39.841167 80.885833 40.253167 71.968125 37.602 59.8225 33.8895 86.832292 34.1635
5 1 -0.001751 -0.404997 -5.458804 97.9559 29.283542 40.360167 29.41875 39.005 20.602208 39.836833 29.41875 39.005 38.495417 40.033833 29.376458 37.218833 13.204812 33.135167 40.052917 33.172333 27.054167 69.423833 49.468542 83.097833 49.44125 77.615167 73.919167 68.879167 49.860833 71.7725 49.92625 69.120167 33.546875 58.616667 66.529792 59.177667 49.399792 56.880333 71.833958 39.998833 71.712292 38.765833 62.519583 39.821833 71.712292 38.765833 80.944167 39.500667 71.652917 37.1235 60.70625 32.741667 88.229792 32.7795
5 0 3.6e-05 -0.067308 -0.024082 53.2813 29.721042 40.586833 30.022292 38.634833 20.482813 39.2005 30.022292 38.634833 39.827083 40.178 30.141875 36.147 12.041125 31.569167 41.13875 29.554333 31.6725 73.007 48.872708 79.7675 49.398542 75.376333 67.748125 74.102833 49.759792 73.585833 50.04375 71.113667 37.224583 60.508333 63.337708 61.575833 48.528542 55.8305 73.03875 40.666833 72.585417 38.594833 62.5775 40.202167 72.585417 38.594833 82.295 38.9625 72.309792 36.043833 59.04 29.225833 90.081042 31.167333
5 0 -1.3e-05 0.899689 0.004313 38.2682 25.993333 41.401667 26.805 38.420833 17.036896 38.0305 26.805 38.420833 36.630625 40.870333 27.55125 34.971333 9.734312 30.963167 41.104167 31.562167 30.1125 74.314833 49.407917 81.502833 49.58 77.087167 67.517708 73.991167 49.966042 74.626167 50.177917 72.322167 36.285 61.192 62.612708 62.068167 49.99 59.424333 73.836875 41.935833 73.17125 39.003333 63.206875 41.047167 73.17125 39.003333 82.57125 39.274 72.809375 35.462833 60.765625 30.970833 91.176458 33.7155
5 0 -1e-06 -0.261648 -0.000453 7.20369 27.404167 42.188333 28.014375 39.387 18.060646 39.447667 28.014375 39.387 38.739792 41.1745 28.257917 36.245667 10.340125 30.791 40.158958 31.210667 31.1875 76.141333 50.30625 79.8935 50.560417 76.364833 67.511875 76.803833 50.728542 75.374 51.027708 73.027333 35.358542 62.231 63.024375 63.0685 48.349792 58.858667 73.085 41.970333 72.403542 39.224833 62.145417 41.116833 72.403542 39.224833 82.241875 38.914833 71.936875 36.237667 58.818125 31.4665 89.261667 29.264667
5 0 1.8e-05 -0.480153 -0.660751 20.8704 29.100417 40.473 29.494167 38.385 20.43225 38.717333 29.494167 38.385 39.283958 39.949 29.49625 35.8655 13.214208 30.6005 38.920417 30.405167 32.989583 73.997667 51.502292 79.7825 51.421458 76.330333 68.788542 73.675667 51.373333 74.726333 51.4525 72.981333 37.776875 60.609 63.34625 61.010333 49.143125 56.187 72.527917 39.905167 72.053333 38.099667 62.215208 39.993 72.053333 38.099667 81.425417 38.238167 71.888958 35.801833 61.226875 31.063833 88.361042 30.015833
5 0 -1e-06 0.85361 -0.002707 38.5013 29.183333 39.265333 29.754375 36.875333 20.088042 36.8365 29.754375 36.875333 40.077292 38.849 29.956042 34.111333 13.042188 28.1265 40.272708 28.889833 31.18 76.068333 49.188125 83.250167 49.569583 78.511333 68.983125 75.9935 49.920833 77.154167 50.14625 74.427667 37.195 62.106333 62.649792 62.4045 49.275 58.828667 72.887083 39.757667 72.177708 37.381 62.277708 39.439167 72.177708 37.381 81.57 37.207667 71.82125 34.6 61.053125 28.2505 88.838333 27.639
5 0 -0.456354 -0.305747 -0.004135 57.5099 26.639583 42.789333 27.063542 41.064667 16.603479 41.1455 27.063542 41.064667 37.434167 43.004833 27.476458 38.852833 8.479312 32.594667 42.002292 33.206667 31.757917 76.4 50.112292 82.145167 50.032292 78.413667 68.044167 74.858 50.051458 77.732833 50.106667 76.050333 36.350625 62.740167 62.160833 63.2055 49.144167 61.474167 73.1525 42.285 72.975 40.868667 63.352708 42.272667 72.975 40.868667 82.676875 41.229833 72.824583 39.1285 61.249583 33.346333 90.253958 31.854
5 0 2e-06 0.013783 -0.18493 65.8184 25.153333 38.2795 25.89875 36.1025 16.464792 35.872667 25.89875 36.1025 35.383958 38.477833 26.498125 33.332667 10.800042 27.476833 40.264167 28.3215 27.693125 72.025833 49.174375 79.407667 49.469792 75.349833 71.698125 72.79 50.040833 73.7965 50.274375 71.727167 32.982292 59.192333 65.465417 59.952333 48.913125 57.8105 76.045625 38.6445 75.257292 36.112 65.745625 38.236 75.257292 36.112 84.347917 35.946333 74.733958 33.107167 63.205625 27.659667 90.469792 26.973833
5 0 -3.5e-05 -0.400257 -0.007465 61.936 27.288125 41.976833 28.009583 39.45 18.044896 39.246 28.009583 39.45 38.673333 41.7725 28.396458 36.43 11.197417 29.742167 40.459583 30.459833 30.106667 74.626667 48.098125 82.793833 48.488125 78.860667 66.636667 75.770167 49.149792 76.612833 49.432292 74.707333 36.37 62.311333 62.975625 63.025333 49.868125 59.0705 71.04625 41.090667 70.475833 39.212667 61.564167 41.337833 70.475833 39.212667 79.53 38.833833 69.909583 36.9335 58.460208 30.400167 85.799167 29.961333
5 0 -2e-06 1.62717 -0.060781 63.9562 29.862708 43.666 30.6775 41.158 21.232083 40.449167 30.6775 41.158 40.858542 43.448 31.1175 38.4035 13.894521 33.256333 41.2675 33.584 30.159792 72.520667 47.4275 81.0925 47.633958 76.995833 64.975208 73.788333 48.515417 74.48 48.736458 72.437333 35.801875 61.8165 61.21 64.630333 47.643125 60.5895 69.610625 44.6415 69.01875 42.029333 59.121875 43.838333 69.01875 42.029333 78.4725 41.896 68.643333 39.116333 58.132083 33.654333 86.46375 34.135833
5 0 6e-06 -0.072998 -0.119329 57.8668 26.276667 41.685167 26.744167 39.714667 16.783271 39.825333 26.744167 39.714667 37.141458 41.667167 26.941042 37.279667 9.226104 31.8765 39.153542 31.661333 29.84 74.8935 49.512708 82.629167 49.801042 76.9995 69.92875 75.535833 50.223542 74.964167 50.499792 71.9365 34.490625 60.329667 65.649583 61.690167 49.524792 57.641333 74.243958 41.527167 73.672083 39.666833 63.543958 41.951667 73.672083 39.666833 83.6425 40.025167 73.299167 37.030833 61.028958 30.992 90.917292 31.531333
5 0 -0.000251 0.013569 -0.021116 34.7415 25.624792 40.402667 26.448333 37.6195 15.905417 37.425 26.448333 37.6195 37.536042 40.379833 26.953542 34.201 7.661333 29.226667 40.392917 31.969833 30.001667 73.946 47.70125 81.837167 47.96875 76.495167 68.20625 74.305833 48.377292 74.041667 48.543125 71.302833 35.272708 59.6635 63.060208 61.0245 48.037917 55.674333 75.6075 40.290833 74.839167 37.628667 63.770625 40.094667 74.839167 37.628667 85.028958 37.736333 74.504792 34.320667 60.201458 31.230667 93.056667 30.3615
5 0 -0.052986 0.82105 -0.036289 73.5446 29.342708 42.334167 30.147292 40.0715 20.715688 39.3775 30.147292 40.0715 39.900625 42.607 30.795208 37.418667 12.991875 31.599667 43.964792 33.775667 29.651458 72.743833 48.2925 80.032167 48.615 76.219 65.948125 73.550833 48.790417 75.4075 49.151458 73.5595 36.220833 60.530667 61.345417 61.8025 49.122083 60.605333 71.428542 42.770833 70.9825 40.539667 60.961875 42.252 70.9825 40.539667 80.471667 40.735167 70.756042 37.905667 58.662917 32.823833 88.693542 33.276
5 0 -4e-06 -0.094714 -0.051379 51.6813 27.554583 41.403667 28.119792 39.140167 18.753083 39.184833 28.119792 39.140167 37.937708 41.053167 28.441667 36.436333 12.106354 31.2625 38.862708 32.587333 30.579792 73.483 50.069583 82.354333 50.254167 78.197833 69.142708 73.396833 50.655625 75.1215 50.882917 73.065167 35.671667 61.387333 64.10125 61.800167 49.797083 58.6455 70.517292 41.53 69.836042 39.085 59.815833 41.060333 69.836042 39.085 79.069375 39.1495 69.57125 36.195333 59.449792 33.018667 85.370625 30.652833
5 0 -0.000133 0.010463 -0.029399 66.28 28.110625 40.722167 28.438333 38.922 19.188958 39.218833 28.438333 38.922 37.8 40.549333 28.7475 36.679167 11.546521 32.449167 39.687292 33.004333 28.932083 72.329333 49.829583 80.197667 49.917917 75.896667 69.6625 72.521 50.494167 72.590833 50.681458 70.071167 35.264792 60.407 63.863542 60.611167 49.286875 56.715833 71.146042 40.761 70.651667 38.928167 61.699792 40.829667 70.651667 38.928167 79.683125 38.882 70.106042 36.6755 57.557292 33.5115 86.791875 31.916833
5 0 -0.004229 -0.620015 -11.793869 90.5088 27.478958 44.6945 28.325 41.9595 19.025042 41.674833 28.325 41.9595 38.725 43.9615 28.575625 38.890833 12.857854 34.057833 38.586667 32.74 31.08375 73.527 49.230833 82.182333 49.517292 77.7025 72.569792 73.798167 49.8625 76.0755 49.86375 74.0265 34.747292 64.2335 64.744167 64.9 48.6075 60.948333 75.531042 44.165833 74.913333 41.556167 63.976042 43.103333 74.913333 41.556167 84.614375 41.8945 74.873542 38.569667 62.31 32.040667 91.85 33.477167
5 0 -0.000841 -0.680984 -0.008194 72.517 28.315833 40.719833 28.604792 38.736833 19.177 39.530833 28.604792 38.736833 38.748542 40.3125 28.599583 36.115333 11.780375 33.384333 41.172917 31.927333 32.5725 72.622333 50.486458 79.676167 50.682917 75.416833 69.2475 72.378167 51.190208 73.679833 51.263542 71.283167 35.851875 60.697667 64.408125 61.149667 50.13375 58.229667 73.359167 40.316167 72.862292 38.316 62.937708 40.1855 72.862292 38.316 82.4 38.7895 72.592708 35.682 59.415417 31.0035 90.226875 31.519667
5 0 -7.5e-05 -0.436368 0.084903 72.2411 28.848542 41.7945 29.274792 39.119833 19.756125 39.6705 29.274792 39.119833 39.282708 40.746667 29.475417 35.895 12.346938 32.495333 42.830833 30.998 34.032292 73.7855 52.813125 79.774167 52.516875 75.476667 68.471458 71.3315 52.88125 73.747667 52.842083 71.719667 38.632708 61.013833 63.817708 60.832833 50.946667 58.267167 71.642917 40.888167 70.961875 38.865833 61.766042 41.213333 70.961875 38.865833 79.738542 38.839667 70.530833 36.194667 59.234167 32.070167 87.253333 32.9305
5 0 -0.004378 0.047761 0.025041 25.4437 27.030625 43.250833 27.637083 40.6935 17.49525 40.836333 27.637083 40.6935 38.105625 42.763833 28.06375 37.577667 10.733625 31.406333 40.833958 32.971333 30.472083 74.6535 49.98625 81.5595 50.275417 77.556167 68.411042 75.2835 50.472917 76.534667 50.792917 74.471 37.509792 63.105667 62.491667 63.040667 50.226667 59.32 72.717083 42.676667 72.125625 40.723167 62.719583 43.1185 72.125625 40.723167 81.927083 40.295167 71.394583 38.257833 57.767708 33.187333 87.0675 31.516167
5 0 -0.001383 -1.38629 -0.042743 60.057 28.716042 41.163833 29.17125 39.550833 20.508688 39.381 29.17125 39.550833 37.610833 41.283 29.598542 37.583333 13.717792 31.109833 39.787292 31.602667 32.555833 71.674167 50.921458 79.1105 50.886458 74.942 68.951458 70.0195 51.033333 72.305833 51.084167 70.134333 37.453125 60.097 62.833958 60.587167 48.8175 58.3745 73.830625 40.342667 73.162083 38.699167 63.826458 41.174667 73.162083 38.699167 82.26375 38.380667 72.657917 36.484 59.762917 31.220167 88.776875 30.467167
5 0 -0.001842 -0.8722 0.683783 77.5767 27.770208 41.2435 28.383542 39.1695 18.603854 38.908333 28.383542 39.1695 38.4375 41.721667 28.810417 36.498667 10.947062 30.6385 42.36375 32.658833 29.493125 71.933667 48.027917 80.825167 48.399375 76.228333 68.099583 72.952 48.776042 74.437167 49.024375 72.223 35.802083 60.704833 61.964375 62.0125 48.875 58.929167 71.403125 40.589667 70.97 38.650833 61.042708 40.502667 70.97 38.650833 80.507083 38.892667 70.743958 36.227667 59.54625 31.666667 88.038125 31.675333
5 0 -7e-06 0.61118 -0.007796 30.6329 30.389167 43.314333 30.895208 41.3675 22.12 41.028667 30.895208 41.3675 39.527917 43.397167 31.427083 39.046167 15.316688 32.489 41.481458 33.501667 33.808333 73.2165 48.411875 79.827 48.888333 76.187 65.591667 74.574667 49.17125 74.63 49.413125 72.8175 37.045833 61.419167 61.348542 62.226333 49.410417 58.8985 71.891667 43.932667 71.2825 41.712167 61.845833 43.820333 71.2825 41.712167 80.133958 41.757667 70.940417 38.917833 58.660833 34.353667 87.212708 34.5865
5 0 -0.003818 -0.421088 -0.000135 25.1755 25.406667 39.372333 25.971042 37.349833 16.695104 37.7515 25.971042 37.349833 36.015417 39.225667 26.19 34.719833 9.586354 30.889 39.779375 30.357333 30.902917 77.680833 50.316458 80.8835 50.194375 77.124333 69.129375 76.225333 50.550417 76.469 50.47875 74.198333 35.422083 62.771 64.236042 62.490667 48.964375 57.070667 73.515625 38.795833 73.253125 37.071833 63.465625 38.179833 73.253125 37.071833 82.474167 37.748833 73.252292 34.984667 59.774167 29.728833 90.370625 31.237833
5 0 -0.000209 -0.222692 -0.152573 51.0649 28.026458 41.532167 28.371042 39.246167 19.505063 39.867 28.371042 39.246167 37.612083 40.347 28.573958 36.597333 12.473125 33.099667 42.58125 32.403667 32.307292 74.427 48.532083 80.379167 48.895625 75.386833 67.625 75.021167 49.183333 72.983333 49.373333 69.896167 35.718542 59.265333 64.782917 60.188833 49.599792 54.167333 74.784375 41.299333 74.522083 39.102667 64.951667 40.280167 74.522083 39.102667 83.762917 40.071 74.378958 36.350833 59.474375 32.009333 90.853333 33.4175
5 0 -0.104688 -0.757557 -0.001549 72.7739 30.232292 42.391833 30.566458 40.09 21.576667 40.5035 30.566458 40.09 39.911042 41.481667 30.776042 37.394167 13.013229 34.867333 43.11625 33.172333 33.504375 73.699 52.104375 80.988833 52.066667 77.391167 68.163958 71.920667 52.446458 75.0365 52.572292 73.291667 37.022708 63.4195 64.659375 63.539333 50.628542 61.771667 71.284583 41.912833 70.885417 39.6635 61.417917 41.106333 70.885417 39.6635 79.8325 39.930667 70.6275 37.065667 57.139792 32.574167 88.040208 34.399167
5 0 -0.003395 0.002657 -0.003206 51.9981 29.281042 41.217333 29.7575 39.173833 20.375187 39.116167 29.7575 39.173833 39.380833 41.175167 30.106875 36.687167 12.567729 31.103333 42.482708 33.341667 29.310208 70.587 50.13875 76.808833 50.045833 72.786833 70.891458 69.331833 50.644167 70.9455 50.649167 68.824 36.529375 58.512167 63.675625 58.625667 50.692083 55.761833 70.501667 41.011333 70.202917 39.175333 60.472083 40.721833 70.202917 39.175333 79.527292 39.552667 70.069167 36.912 57.697708 32.795833 87.489375 32.5255
5 0 -0.001199 0.415034 -2.1e-05 62.93 25.027708 39.393667 25.414375 36.958167 15.459354 37.522 25.414375 36.958167 36.227917 38.313833 25.460625 34.162833 7.213312 29.326 40.568333 29.883833 31.107292 73.784167 49.891458 82.086 49.947917 76.879 69.3975 73.072333 50.314583 74.864333 50.379167 72.229833 35.766875 61.005833 62.940625 60.071833 48.714375 57.002 75.742292 39.620333 75.313125 37.247333 64.803125 38.738333 75.313125 37.247333 85.132083 37.6245 75.181458 34.525167 60.624167 29.8665 92.9525 29.7705
5 0 -4e-06 -0.162246 0.001407 42.574 28.980833 43.4115 29.733542 40.882833 19.972083 40.1555 29.733542 40.882833 39.909792 43.136167 30.272083 38.184333 12.973396 31.489833 42.445208 34.016167 31.6825 74.836167 48.726042 82.322333 48.892917 77.560333 64.859375 76.1705 49.316875 76.158833 49.624167 73.654167 36.283125 63.5655 62.475417 64.396333 49.977917 60.273167 71.55 42.975 70.786042 40.789833 61.495 43.184667 70.786042 40.789833 79.514167 40.2445 70.318958 38.2455 58.154583 34.019 86.756667 32.258333
5 0 0.00053 0.57978 -0.042445 78.8714 28.083333 41.992833 28.540833 39.648833 18.938229 39.6835 28.540833 39.648833 38.439583 41.1575 28.800625 37.045 11.816729 30.562167 40.481458 31.025667 27.589792 70.4655 49.721042 77.723833 50.005833 74.305833 70.188542 71.3345 50.348125 72.3105 50.62 70.6075 35.0075 59.623167 63.397292 59.577833 49.057708 58.324167 71.880208 42.121667 71.609792 39.9975 61.319167 41.591 71.609792 39.9975 81.420833 40.604333 71.541042 37.351667 59.510833 32.541333 89.544583 33.769667
5 0 -0.000119 -0.69577 -0.109703 55.039 27.669583 41.263667 28.176042 39.3755 18.987167 39.125333 28.176042 39.3755 37.4175 41.2625 28.63875 37.1965 11.667875 33.2725 41.422292 35.0775 30.123542 70.612167 48.329167 79.418167 48.738542 74.717833 69.731667 71.4675 49.077708 73.640667 49.319167 71.6075 34.788542 58.639833 64.052708 58.392667 49.13375 56.264 72.596458 40.521167 72.230625 38.9475 62.510833 40.644833 72.230625 38.9475 81.820625 39.217167 71.925625 36.930333 57.36875 34.488833 89.27 33.732167
5 0 -0.000271 -0.157038 -0.003745 49.1729 27.113542 40.68 27.89875 38.278833 18.364354 38.214833 27.89875 38.278833 38.363125 40.7485 28.224792 35.2745 11.323562 30.951667 40.024167 32.969 30.60625 73.133167 50.560625 77.962333 50.652292 74.844 68.455208 72.931333 50.516458 74.122667 50.762917 72.4145 35.190417 60.5395 64.195625 60.134833 50.671458 57.662 70.768958 40.460667 70.00875 38.1865 59.832917 40.638833 70.00875 38.1865 79.17 38.224167 69.725833 35.269667 57.525417 32.463833 86.561042 31.3755
5 0 -0.002485 -0.188869 -0.738038 70.0858 28.679167 42.083167 29.177292 39.802333 20.242458 39.9885 29.177292 39.802333 38.803333 41.413333 29.431458 37.1425 13.755187 33.4375 43.740208 34.2015 32.350208 71.897667 51.13625 78.028333 51.063542 73.611333 68.18125 71.3285 51.093958 73.275833 51.117917 71.125667 36.780833 59.578167 62.543125 59.358833 48.761458 57.0215 71.982917 41.919333 71.584167 39.6905 61.835208 41.095667 71.584167 39.6905 80.918125 40.020667 71.314167 37.110167 56.144792 33.2255 87.944583 33.498667
5 0 -0.000159 -0.345384 -0.034812 65.0864 30.011042 39.823 30.437292 38.254667 21.914792 38.525333 30.437292 38.254667 39.630208 39.929833 30.50875 36.2175 14.532875 31.461667 41.057083 30.659667 32.063542 74.869833 50.155208 81.504333 50.42 77.186833 70.360833 74.543167 50.74125 75.5025 50.818958 73.035833 35.809583 60.704333 64.440625 61.705833 48.848333 57.3465 72.205 39.758333 71.978333 38.054333 62.624375 39.371833 71.978333 38.054333 81.126458 38.638833 71.824792 35.902333 60.4375 30.956 89.845417 32.894167
5 0 -0.000332 0.436391 -0.019316 72.0158 30.031042 39.7675 30.283125 37.563 21.051042 38.166333 30.283125 37.563 40.154167 38.862167 30.248958 34.9525 12.758417 31.266167 40.665 29.447667 28.955417 72.537667 48.842917 78.654333 49.0 74.9905 68.244583 73.2475 49.371667 73.423167 49.587708 71.530167 35.558333 60.487333 63.42875 60.760833 49.269375 57.140833 70.057708 40.002167 69.670417 37.803 60.076875 39.245833 69.670417 37.803 78.568542 38.292333 69.610417 35.175833 58.748125 29.5185 87.443542 32.0895
5 0 -0.000117 -1.21103 -0.586056 59.4266 27.157083 40.964333 27.73 38.583833 17.754104 38.344333 27.73 38.583833 38.429583 40.4595 28.012917 36.001667 9.651354 29.999833 40.830208 32.362833 30.720625 72.408333 48.791667 79.6305 49.232292 75.939667 67.952083 72.792167 49.493542 75.183833 49.775625 73.3825 35.470625 60.512167 62.812708 61.029833 48.630833 58.828167 74.220625 40.0835 73.595833 37.808167 63.542292 39.798667 73.595833 37.808167 83.330833 37.721 73.09125 35.162 58.140833 32.172 90.779583 30.136
5 0 -0.001084 -0.496972 0.000375 59.4232 27.983542 40.185167 28.473542 38.044 18.669625 38.224167 28.473542 38.044 38.898333 40.015667 28.689583 35.370833 10.312104 31.251 42.8425 30.286167 29.438125 69.790667 48.4175 76.2075 48.919583 72.954 68.701667 70.981 49.118125 71.738167 49.432917 70.196167 34.868333 58.589 62.812083 59.735833 49.091875 56.939833 71.065208 40.084833 70.409167 37.753 60.21625 39.729167 70.409167 37.753 79.8475 37.6035 70.080417 35.0625 56.721458 30.708333 87.4975 29.7175
5 0 -3.7e-05 0.652036 -0.023546 38.0198 29.442917 39.904667 30.128333 37.7095 21.565625 37.999167 30.128333 37.7095 40.122292 39.558833 30.172917 34.977333 14.954292 31.849833 43.07375 30.152833 35.081458 74.148333 49.658958 80.32 49.746667 76.491167 67.348542 73.3 50.014167 74.188333 49.995417 72.388833 37.840833 61.7245 61.393958 61.377167 48.955417 59.668167 72.208542 40.340667 71.499583 38.086167 61.909167 40.158667 71.499583 38.086167 80.228958 38.020167 71.164583 35.359167 58.292292 31.330667 87.263542 32.602333
5 0 -0.000243 0.190962 -0.120912 74.4976 28.304583 39.4895 28.838542 37.814333 20.145208 37.830167 28.838542 37.814333 37.912708 39.738333 29.175 35.637833 14.008125 30.510667 41.023333 31.399833 30.31375 70.085667 50.302917 78.409833 50.400417 74.242333 69.233542 70.873167 50.962083 70.408833 51.157917 68.279167 34.926042 58.627333 63.756667 58.933667 49.2175 55.861 71.922083 39.600833 71.53125 37.928167 62.666458 39.536 71.53125 37.928167 80.135625 38.122 71.231667 35.779333 58.866458 30.7285 86.4075 31.735
5 0 2e-06 0.389342 -0.022185 62.2998 26.150417 38.910667 26.772083 36.3685 16.819 36.616833 26.772083 36.3685 37.516875 38.134167 27.064375 33.386667 8.892479 29.0685 41.148125 28.707667 32.204375 71.568667 49.849583 77.0645 49.713333 73.096167 66.572292 70.174 49.945208 71.724833 50.003542 69.591667 35.230625 59.049167 62.874375 59.175 48.885417 56.2765 71.093125 38.926667 70.88875 36.608333 60.370625 37.767167 70.88875 36.608333 81.056875 37.3165 70.804167 33.9355 57.87375 29.136667 90.870417 29.8445
5 0 -0.000302 0.199541 -0.007433 90.6868 25.423125 39.921333 26.113958 37.515833 16.047896 37.340167 26.113958 37.515833 36.540208 39.607833 26.62875 34.674333 9.477521 27.7015 40.270833 29.133167 29.320417 72.8305 49.361042 80.608667 49.470833 76.993667 68.182083 72.309833 49.784167 74.1005 49.950417 72.487 35.598542 59.869 62.6 58.664333 49.118333 56.7285 71.746042 39.889 71.337708 37.641833 61.068125 39.089333 71.337708 37.641833 80.975417 38.131667 71.239583 34.959 59.078333 28.403 89.316458 30.120167
5 0 -2.4e-05 -0.077022 -0.059671 80.7762 26.702917 41.6115 27.205833 39.419333 17.826125 39.8095 27.205833 39.419333 37.716042 41.101833 27.282292 36.756 11.349125 32.748333 41.374375 32.701667 30.059792 73.499333 50.071042 79.288667 50.204167 76.0955 68.258542 73.5185 50.260208 74.239167 50.516042 72.561167 35.000208 60.929333 64.117083 61.416167 48.767917 57.421833 73.591042 41.420667 73.235833 39.369833 62.73625 40.400667 73.235833 39.369833 82.730417 40.058167 73.28375 37.010333 60.449375 32.7105 89.47 33.319333
5 0 -0.000397 -0.663961 -0.208087 66.7265 28.642708 39.4545 28.960417 37.880333 20.157542 38.272 28.960417 37.880333 37.964583 39.186667 29.132292 35.9615 13.431938 32.264 40.126042 32.350667 30.190208 71.769167 50.9325 79.7195 50.830417 74.705833 69.826875 70.8725 51.33625 72.275 51.492292 69.7225 35.210208 59.780333 64.943125 59.486667 49.128542 55.616167 71.659167 39.178833 71.332292 37.4875 61.887083 38.810333 71.332292 37.4875 80.311458 38.083333 71.249167 35.359333 60.024167 31.960833 87.135625 31.490667
