   2.5460329e+02   2.3023508e+02
   2.5751014e+02   2.5295045e+02
   2.6125846e+02   2.7511795e+02
   2.6594841e+02   2.9735645e+02
   2.7319781e+02   3.1888781e+02
   2.8341806e+02   3.3910304e+02
   2.9944414e+02   3.5493185e+02
   3.1892000e+02   3.6666075e+02
   3.4100900e+02   3.6998104e+02
   3.6465450e+02   3.6789907e+02
   3.8619435e+02   3.5753828e+02
   4.0533646e+02   3.4309879e+02
   4.2082269e+02   3.2520865e+02
   4.2838043e+02   3.0275865e+02
   4.3286971e+02   2.7914408e+02
   4.3741418e+02   2.5580282e+02
   4.4085409e+02   2.3220053e+02
   2.7208874e+02   2.0266675e+02
   2.8753803e+02   1.9712305e+02
   3.0402574e+02   1.9732791e+02
   3.1973058e+02   2.0214071e+02
   3.3149772e+02   2.1319461e+02
   3.4962698e+02   2.1012618e+02
   3.6611920e+02   2.0235811e+02
   3.8457271e+02   2.0105023e+02
   4.0300532e+02   2.0001009e+02
   4.1704220e+02   2.1057098e+02
   3.4143414e+02   2.2066738e+02
   3.4103850e+02   2.3135900e+02
   3.4068762e+02   2.4203010e+02
   3.4029806e+02   2.5267926e+02
   3.2147087e+02   2.6978035e+02
   3.3036259e+02   2.7272357e+02
   3.3955300e+02   2.7386778e+02
   3.4940232e+02   2.7324391e+02
   3.5862141e+02   2.7002291e+02
   2.8354195e+02   2.1982044e+02
   2.9497126e+02   2.1666044e+02
   3.0660478e+02   2.1652080e+02
   3.1739590e+02   2.2088339e+02
   3.0605253e+02   2.2059972e+02
   2.9473146e+02   2.2035160e+02
   3.6936566e+02   2.2138979e+02
   3.7923319e+02   2.1767435e+02
   3.8970319e+02   2.1758756e+02
   3.9919720e+02   2.2167064e+02
   3.8915298e+02   2.2235538e+02
   3.7923166e+02   2.2232912e+02
   3.0044592e+02   3.0252592e+02
   3.0821197e+02   2.8882593e+02
   3.2404839e+02   2.8566528e+02
   3.4003069e+02   2.8868959e+02
   3.5606730e+02   2.8750925e+02
   3.7128936e+02   2.9186518e+02
   3.7867462e+02   3.0527228e+02
   3.6762136e+02   3.1438544e+02
   3.5421581e+02   3.1934124e+02
   3.4002007e+02   3.2082349e+02
   3.2422882e+02   3.2002008e+02
   3.0947379e+02   3.1502337e+02
   3.0852874e+02   3.0339399e+02
   3.2335288e+02   2.9599685e+02
   3.3972080e+02   2.9633922e+02
   3.5679627e+02   2.9713033e+02
   3.7170225e+02   3.0491702e+02
   3.5601484e+02   3.0783738e+02
   3.4040370e+02   3.0891641e+02
   3.2386066e+02   3.0886075e+02
