   2.5441753e+02   2.3076160e+02
   2.5726417e+02   2.5342103e+02
   2.6099691e+02   2.7553701e+02
   2.6564893e+02   2.9772491e+02
   2.7281352e+02   3.1922120e+02
   2.8300987e+02   3.3936900e+02
   2.9889393e+02   3.5526469e+02
   3.1825442e+02   3.6710710e+02
   3.4027037e+02   3.7047976e+02
   3.6391875e+02   3.6844667e+02
   3.8549024e+02   3.5816558e+02
   4.0465907e+02   3.4376504e+02
   4.2016651e+02   3.2589850e+02
   4.2777861e+02   3.0346272e+02
   4.3225594e+02   2.7985211e+02
   4.3689508e+02   2.5653519e+02
   4.4035730e+02   2.3293861e+02
   2.7185956e+02   2.0333535e+02
   2.8729206e+02   1.9774681e+02
   3.0380874e+02   1.9795113e+02
   3.1951364e+02   2.0286865e+02
   3.3120511e+02   2.1404164e+02
   3.4927801e+02   2.1084096e+02
   3.6573729e+02   2.0313594e+02
   3.8412843e+02   2.0183371e+02
   4.0250397e+02   2.0087933e+02
   4.1649805e+02   2.1142750e+02
   3.4105959e+02   2.2138928e+02
   3.4063006e+02   2.3207825e+02
   3.4024586e+02   2.4274801e+02
   3.3982077e+02   2.5339706e+02
   3.2113425e+02   2.7044646e+02
   3.2997283e+02   2.7332038e+02
   3.3909145e+02   2.7445136e+02
   3.4894990e+02   2.7387224e+02
   3.5817995e+02   2.7064986e+02
   2.8331751e+02   2.2036524e+02
   2.9470645e+02   2.1731470e+02
   3.0627108e+02   2.1717041e+02
   3.1699002e+02   2.2151148e+02
   3.0570709e+02   2.2122124e+02
   2.9444654e+02   2.2094235e+02
   3.6903149e+02   2.2207976e+02
   3.7887734e+02   2.1840043e+02
   3.8931690e+02   2.1832027e+02
   3.9876956e+02   2.2240127e+02
   3.8875252e+02   2.2310384e+02
   3.7885990e+02   2.2308156e+02
   3.0004621e+02   3.0304415e+02
   3.0777748e+02   2.8933388e+02
   3.2359848e+02   2.8615196e+02
   3.3955989e+02   2.8923845e+02
   3.5563725e+02   2.8801635e+02
   3.7088581e+02   2.9241690e+02
   3.7821919e+02   3.0587898e+02
   3.6719998e+02   3.1517212e+02
   3.5374349e+02   3.2019542e+02
   3.3948520e+02   3.2171252e+02
   3.2365165e+02   3.2086209e+02
   3.0890438e+02   3.1575206e+02
   3.0778033e+02   3.0401441e+02
   3.2270747e+02   2.9647276e+02
   3.3922677e+02   2.9684765e+02
   3.5680078e+02   2.9765640e+02
   3.7209221e+02   3.0576494e+02
   3.5596400e+02   3.0857514e+02
   3.3991416e+02   3.0964359e+02
   3.2321251e+02   3.0955719e+02
