   2.5479794e+02   2.2885649e+02
   2.5801774e+02   2.5119326e+02
   2.6176672e+02   2.7342198e+02
   2.6601097e+02   2.9543617e+02
   2.7253143e+02   3.1687054e+02
   2.8305949e+02   3.3654808e+02
   2.9973640e+02   3.5147532e+02
   3.1945996e+02   3.6233498e+02
   3.4118761e+02   3.6656698e+02
   3.6489152e+02   3.6521034e+02
   3.8660694e+02   3.5532416e+02
   4.0586454e+02   3.4114550e+02
   4.2164802e+02   3.2321474e+02
   4.2990491e+02   3.0081349e+02
   4.3479252e+02   2.7747769e+02
   4.3890181e+02   2.5403642e+02
   4.4180525e+02   2.3033999e+02
   2.7114062e+02   2.0118407e+02
   2.8387607e+02   1.9109658e+02
   3.0030273e+02   1.8955093e+02
   3.1658009e+02   1.9196820e+02
   3.3127156e+02   1.9913992e+02
   3.5348084e+02   2.0017061e+02
   3.6971326e+02   1.9398173e+02
   3.8719710e+02   1.9265196e+02
   4.0448460e+02   1.9437409e+02
   4.1806858e+02   2.0461069e+02
   3.4255181e+02   2.1827271e+02
   3.4253165e+02   2.2861925e+02
   3.4254363e+02   2.3892120e+02
   3.4256292e+02   2.4917624e+02
   3.2409456e+02   2.7293459e+02
   3.3254189e+02   2.7482807e+02
   3.4118405e+02   2.7533465e+02
   3.4917950e+02   2.7524041e+02
   3.5690270e+02   2.7362555e+02
   2.8377887e+02   2.1929926e+02
   2.9557726e+02   2.1415776e+02
   3.0855069e+02   2.1413186e+02
   3.2000307e+02   2.1964059e+02
   3.0785589e+02   2.2091956e+02
   2.9575390e+02   2.2085241e+02
   3.6749314e+02   2.2101035e+02
   3.7835076e+02   2.1536854e+02
   3.9058347e+02   2.1530991e+02
   4.0131982e+02   2.2101099e+02
   3.9002822e+02   2.2208288e+02
   3.7867756e+02   2.2169598e+02
   3.0227155e+02   3.0403780e+02
   3.1188594e+02   2.9342089e+02
   3.2566539e+02   2.8906240e+02
   3.3992135e+02   2.9082020e+02
   3.5453252e+02   2.9050931e+02
   3.6830839e+02   2.9526563e+02
   3.7866242e+02   3.0532912e+02
   3.6637535e+02   3.0999478e+02
   3.5336856e+02   3.1138356e+02
   3.4028589e+02   3.1155861e+02
   3.2701444e+02   3.1137233e+02
   3.1404191e+02   3.0954242e+02
   3.1253474e+02   3.0159309e+02
   3.2610961e+02   2.9833325e+02
   3.3992139e+02   2.9835099e+02
   3.5389601e+02   2.9897223e+02
   3.6723387e+02   3.0256145e+02
   3.5379686e+02   2.9971039e+02
   3.4010103e+02   2.9908176e+02
   3.2611226e+02   2.9905177e+02
