   2.5504962e+02   2.2889803e+02
   2.5808731e+02   2.5156972e+02
   2.6182066e+02   2.7373676e+02
   2.6649369e+02   2.9594164e+02
   2.7379213e+02   3.1742370e+02
   2.8401449e+02   3.3763065e+02
   3.0033246e+02   3.5312273e+02
   3.1997569e+02   3.6443701e+02
   3.4205964e+02   3.6774201e+02
   3.6556276e+02   3.6566823e+02
   3.8692804e+02   3.5526204e+02
   4.0592122e+02   3.4087263e+02
   4.2131900e+02   3.2305185e+02
   4.2880821e+02   3.0072102e+02
   4.3337481e+02   2.7727803e+02
   4.3764793e+02   2.5401728e+02
   4.4098574e+02   2.3054009e+02
   2.7244116e+02   2.0117001e+02
   2.8754208e+02   1.9528478e+02
   3.0385233e+02   1.9531809e+02
   3.1951643e+02   1.9960622e+02
   3.3170014e+02   2.0989140e+02
   3.5031252e+02   2.0763595e+02
   3.6676420e+02   1.9996161e+02
   3.8514837e+02   1.9867032e+02
   4.0347905e+02   1.9776232e+02
   4.1746815e+02   2.0827177e+02
   3.4191483e+02   2.1892372e+02
   3.4162986e+02   2.2951711e+02
   3.4138662e+02   2.4008436e+02
   3.4111533e+02   2.5062402e+02
   3.2208526e+02   2.6845870e+02
   3.3099703e+02   2.7144494e+02
   3.4024070e+02   2.7255490e+02
   3.4980285e+02   2.7190033e+02
   3.5877820e+02   2.6889338e+02
   2.8392281e+02   2.1863708e+02
   2.9542255e+02   2.1502957e+02
   3.0729875e+02   2.1492928e+02
   3.1826460e+02   2.1945753e+02
   3.0675753e+02   2.1935014e+02
   2.9527485e+02   2.1918275e+02
   3.6924715e+02   2.1998049e+02
   3.7922030e+02   2.1600055e+02
   3.8989479e+02   2.1591499e+02
   3.9956245e+02   2.2016974e+02
   3.8937515e+02   2.2083754e+02
   3.7928714e+02   2.2074909e+02
   3.0120812e+02   3.0114705e+02
   3.0923432e+02   2.8790712e+02
   3.2478689e+02   2.8470551e+02
   3.4052504e+02   2.8744379e+02
   3.5621021e+02   2.8648946e+02
   3.7110918e+02   2.9077761e+02
   3.7888336e+02   3.0360905e+02
   3.6766415e+02   3.1172816e+02
   3.5449844e+02   3.1607770e+02
   3.4065996e+02   3.1730241e+02
   3.2534766e+02   3.1666254e+02
   3.1087058e+02   3.1229861e+02
   3.1031496e+02   3.0140464e+02
   3.2467585e+02   2.9487887e+02
   3.4029704e+02   2.9512954e+02
   3.5572982e+02   2.9588363e+02
   3.6943360e+02   3.0241126e+02
   3.5514244e+02   3.0491101e+02
   3.4088732e+02   3.0579333e+02
   3.2510867e+02   3.0578989e+02
