   1.9088066e+02   2.2036240e+02
   1.8878687e+02   2.5248991e+02
   1.8974731e+02   2.8446163e+02
   2.0055288e+02   3.1481086e+02
   2.1119485e+02   3.4491369e+02
   2.2786611e+02   3.7203799e+02
   2.5209954e+02   3.9325948e+02
   2.7977097e+02   4.0855886e+02
   3.1132163e+02   4.1102726e+02
   3.4284542e+02   4.0992389e+02
   3.7290820e+02   4.0192520e+02
   3.9640848e+02   3.8207260e+02
   4.1371524e+02   3.5591809e+02
   4.2268353e+02   3.2618935e+02
   4.2854307e+02   2.9534813e+02
   4.3282842e+02   2.6441546e+02
   4.3289698e+02   2.3356691e+02
   2.0968011e+02   2.1351624e+02
   2.2225509e+02   2.0268586e+02
   2.3679723e+02   1.9549909e+02
   2.5310280e+02   1.9638903e+02
   2.6920191e+02   1.9909031e+02
   3.5065128e+02   1.9175356e+02
   3.6389503e+02   1.8827641e+02
   3.7754989e+02   1.8830651e+02
   3.9044736e+02   1.9282195e+02
   4.0155671e+02   2.0060754e+02
   3.0936348e+02   2.3086616e+02
   3.0878781e+02   2.4914170e+02
   3.0924866e+02   2.6733116e+02
   3.0938699e+02   2.8558066e+02
   2.8397466e+02   3.0056029e+02
   2.9695599e+02   3.0233123e+02
   3.1010038e+02   3.0238005e+02
   3.2406959e+02   3.0084774e+02
   3.3781517e+02   3.0027693e+02
   2.3024478e+02   2.4289017e+02
   2.4502195e+02   2.3730031e+02
   2.6037518e+02   2.3552385e+02
   2.7569286e+02   2.3914844e+02
   2.6066809e+02   2.4362335e+02
   2.4524604e+02   2.4609607e+02
   3.4096613e+02   2.3554129e+02
   3.5643867e+02   2.3065166e+02
   3.7224731e+02   2.3183562e+02
   3.8784434e+02   2.3638427e+02
   3.7214634e+02   2.3716910e+02
   3.5648117e+02   2.3626136e+02
   2.7050326e+02   3.3627843e+02
   2.8163108e+02   3.2372578e+02
   2.9556068e+02   3.1447028e+02
   3.1182634e+02   3.1501915e+02
   3.2844504e+02   3.1551325e+02
   3.4373764e+02   3.2219341e+02
   3.5651956e+02   3.3289118e+02
   3.4389683e+02   3.4315643e+02
   3.2747406e+02   3.4625721e+02
   3.1098915e+02   3.4632352e+02
   2.9656223e+02   3.4626478e+02
   2.8232482e+02   3.4379137e+02
   2.9076303e+02   3.2918626e+02
   3.0122794e+02   3.2718695e+02
   3.1178059e+02   3.2702091e+02
   3.2624110e+02   3.2726021e+02
   3.4060824e+02   3.2863013e+02
   3.2633572e+02   3.2814109e+02
   3.1227694e+02   3.2763907e+02
   3.0145522e+02   3.2769136e+02
