   1.9120683e+02   2.2104947e+02
   1.8722304e+02   2.5495280e+02
   1.9074621e+02   2.8831300e+02
   2.0240032e+02   3.2017734e+02
   2.1409866e+02   3.5199199e+02
   2.3394531e+02   3.7939096e+02
   2.6077304e+02   3.9971864e+02
   2.9158964e+02   4.1385696e+02
   3.2491142e+02   4.1533040e+02
   3.5443809e+02   4.1095335e+02
   3.8100485e+02   3.9785186e+02
   4.0198892e+02   3.7725080e+02
   4.1667792e+02   3.5142485e+02
   4.2427926e+02   3.2264266e+02
   4.2973580e+02   2.9346357e+02
   4.3364849e+02   2.6416474e+02
   4.3363408e+02   2.3461336e+02
   2.1004913e+02   2.1421726e+02
   2.2109753e+02   2.0043226e+02
   2.3765591e+02   1.9361361e+02
   2.5543123e+02   1.9285112e+02
   2.7267099e+02   1.9721283e+02
   3.4400432e+02   1.8849645e+02
   3.5962119e+02   1.8450158e+02
   3.7553999e+02   1.8468357e+02
   3.9063689e+02   1.8998468e+02
   4.0215035e+02   2.0076807e+02
   3.0705436e+02   2.3129805e+02
   3.0708977e+02   2.4924257e+02
   3.0740178e+02   2.6718375e+02
   3.0701206e+02   2.8506884e+02
   2.8435461e+02   3.0151883e+02
   2.9756162e+02   3.0177806e+02
   3.1052415e+02   3.0337809e+02
   3.2259801e+02   3.0199543e+02
   3.3458664e+02   3.0065889e+02
   2.3201306e+02   2.4012857e+02
   2.4570474e+02   2.3043657e+02
   2.6254923e+02   2.3051574e+02
   2.7614338e+02   2.3998656e+02
   2.6148373e+02   2.4436370e+02
   2.4636044e+02   2.4463482e+02
   3.4118954e+02   2.3614165e+02
   3.5391253e+02   2.2351691e+02
   3.7177633e+02   2.2211441e+02
   3.8470877e+02   2.3380992e+02
   3.7059616e+02   2.3788781e+02
   3.5583219e+02   2.3698065e+02
   2.6796820e+02   3.4466566e+02
   2.7968286e+02   3.3147766e+02
   2.9316893e+02   3.2038250e+02
   3.1016626e+02   3.1909233e+02
   3.2881149e+02   3.1867733e+02
   3.4508756e+02   3.2801068e+02
   3.5922654e+02   3.4045263e+02
   3.4487465e+02   3.5054342e+02
   3.2882733e+02   3.5733801e+02
   3.1181000e+02   3.6111455e+02
   2.9582832e+02   3.5993490e+02
   2.8088086e+02   3.5392664e+02
   2.8622082e+02   3.3964584e+02
   2.9910573e+02   3.3736039e+02
   3.1198729e+02   3.3777668e+02
   3.2451227e+02   3.3601726e+02
   3.3688848e+02   3.3779746e+02
   3.2408133e+02   3.3686581e+02
   3.1148984e+02   3.3828675e+02
   2.9870756e+02   3.3829262e+02
