   1.9095662e+02   2.2069247e+02
   1.8848494e+02   2.5319623e+02
   1.8990248e+02   2.8548705e+02
   2.0086273e+02   3.1617637e+02
   2.1169732e+02   3.4665605e+02
   2.2897144e+02   3.7389454e+02
   2.5371870e+02   3.9500538e+02
   2.8201611e+02   4.1013820e+02
   3.1394978e+02   4.1244784e+02
   3.4516407e+02   4.1074426e+02
   3.7464527e+02   4.0178830e+02
   3.9772870e+02   3.8176887e+02
   4.1458967e+02   3.5563402e+02
   4.2333137e+02   3.2603342e+02
   4.2913704e+02   2.9545297e+02
   4.3337172e+02   2.6477489e+02
   4.3343761e+02   2.3411702e+02
   2.0979848e+02   2.1384794e+02
   2.2270585e+02   2.0428693e+02
   2.3701043e+02   1.9752097e+02
   2.5287441e+02   1.9774348e+02
   2.6844536e+02   2.0113124e+02
   3.4898166e+02   1.9702997e+02
   3.6361573e+02   1.9383452e+02
   3.7836782e+02   1.9191197e+02
   3.9255028e+02   1.9617880e+02
   4.0324925e+02   2.0625340e+02
   3.0913815e+02   2.3122170e+02
   3.0866644e+02   2.4946711e+02
   3.0909131e+02   2.6763995e+02
   3.0912287e+02   2.8584998e+02
   2.8416911e+02   3.0112251e+02
   2.9721735e+02   3.0262267e+02
   3.1034468e+02   3.0296680e+02
   3.2398438e+02   3.0146158e+02
   3.3742811e+02   3.0074938e+02
   2.3065199e+02   2.4264087e+02
   2.4526683e+02   2.3628302e+02
   2.6091806e+02   2.3486182e+02
   2.7592030e+02   2.3958342e+02
   2.6093676e+02   2.4404048e+02
   2.4555043e+02   2.4610011e+02
   3.4376909e+02   2.3804121e+02
   3.5693688e+02   2.2930815e+02
   3.7286523e+02   2.3028676e+02
   3.8759992e+02   2.3622906e+02
   3.7321890e+02   2.3909699e+02
   3.5836570e+02   2.3753404e+02
   2.7098049e+02   3.3337308e+02
   2.8348071e+02   3.2373694e+02
   2.9674278e+02   3.1537145e+02
   3.1199478e+02   3.1441989e+02
   3.2824612e+02   3.1448191e+02
   3.4288475e+02   3.2118276e+02
   3.5503987e+02   3.3185053e+02
   3.4154574e+02   3.3830795e+02
   3.2677528e+02   3.4045675e+02
   3.1196231e+02   3.4208149e+02
   2.9790589e+02   3.4138688e+02
   2.8414077e+02   3.3814923e+02
   2.8895267e+02   3.2771834e+02
   3.0119892e+02   3.2548922e+02
   3.1350413e+02   3.2516387e+02
   3.2510208e+02   3.2465030e+02
   3.3663885e+02   3.2570257e+02
   3.2477711e+02   3.2471274e+02
   3.1300493e+02   3.2618620e+02
   3.0087442e+02   3.2620709e+02
