   1.9098295e+02   2.2085031e+02
   1.8694751e+02   2.5483633e+02
   1.9062480e+02   2.8824732e+02
   2.0234979e+02   3.2016318e+02
   2.1412897e+02   3.5203821e+02
   2.3414749e+02   3.7942012e+02
   2.6110977e+02   3.9967148e+02
   2.9207938e+02   4.1371754e+02
   3.2547707e+02   4.1510868e+02
   3.5489498e+02   4.1055310e+02
   3.8127218e+02   3.9719438e+02
   4.0211266e+02   3.7654559e+02
   4.1665105e+02   3.5072978e+02
   4.2415981e+02   3.2199243e+02
   4.2957001e+02   2.9289249e+02
   4.3343792e+02   2.6367299e+02
   4.3339239e+02   2.3418867e+02
   2.0981658e+02   2.1400156e+02
   2.2071359e+02   1.9989980e+02
   2.3741648e+02   1.9304575e+02
   2.5532549e+02   1.9222008e+02
   2.7269298e+02   1.9660381e+02
   3.4343984e+02   1.8743985e+02
   3.5907126e+02   1.8337000e+02
   3.7503603e+02   1.8373107e+02
   3.9015858e+02   1.8909139e+02
   4.0174578e+02   1.9983730e+02
   3.0669250e+02   2.3097446e+02
   3.0677372e+02   2.4889879e+02
   3.0709601e+02   2.6682448e+02
   3.0669875e+02   2.8468991e+02
   2.8419338e+02   3.0122361e+02
   2.9740623e+02   3.0139867e+02
   3.1036136e+02   3.0305847e+02
   3.2234281e+02   3.0167396e+02
   3.3424424e+02   3.0029260e+02
   2.3186191e+02   2.3972166e+02
   2.4548439e+02   2.2982774e+02
   2.6239792e+02   2.2997500e+02
   2.7592636e+02   2.3970661e+02
   2.6129106e+02   2.4409217e+02
   2.4618200e+02   2.4427465e+02
   3.4070085e+02   2.3559645e+02
   3.5344982e+02   2.2282644e+02
   3.7142837e+02   2.2125722e+02
   3.8429002e+02   2.3326974e+02
   3.7015930e+02   2.3737545e+02
   3.5537783e+02   2.3654494e+02
   2.6765513e+02   3.4519603e+02
   2.7925593e+02   3.3168256e+02
   2.9276037e+02   3.2037160e+02
   3.0989952e+02   3.1908587e+02
   3.2870814e+02   3.1863160e+02
   3.4512182e+02   3.2811460e+02
   3.5942150e+02   3.4065381e+02
   3.4506056e+02   3.5110837e+02
   3.2889641e+02   3.5824913e+02
   3.1169293e+02   3.6213728e+02
   2.9557554e+02   3.6096447e+02
   2.8052873e+02   3.5481808e+02
   2.8598992e+02   3.4015387e+02
   2.9885871e+02   3.3786026e+02
   3.1172485e+02   3.3831751e+02
   3.2439319e+02   3.3648537e+02
   3.3691243e+02   3.3830664e+02
   3.2397108e+02   3.3740970e+02
   3.1125726e+02   3.3878188e+02
   2.9847375e+02   3.3879975e+02
