   1.7390583e+02   2.0382322e+02
   1.8057848e+02   2.3276873e+02
   1.8489629e+02   2.6220522e+02
   1.9258636e+02   2.9115697e+02
   2.0283005e+02   3.1894481e+02
   2.2124921e+02   3.4192486e+02
   2.4358784e+02   3.6189957e+02
   2.6848583e+02   3.7769740e+02
   2.9748664e+02   3.8078871e+02
   3.2427766e+02   3.7507131e+02
   3.4596746e+02   3.5824038e+02
   3.6223751e+02   3.3611551e+02
   3.7533865e+02   3.1191019e+02
   3.8507752e+02   2.8635570e+02
   3.9053240e+02   2.5941595e+02
   3.9340179e+02   2.3192684e+02
   3.9419731e+02   2.0456847e+02
   1.9694187e+02   1.8043425e+02
   2.0916014e+02   1.6889107e+02
   2.2565110e+02   1.6487020e+02
   2.4266758e+02   1.6505872e+02
   2.5890890e+02   1.6995083e+02
   3.1880133e+02   1.6862404e+02
   3.3343155e+02   1.6271214e+02
   3.4919287e+02   1.6114365e+02
   3.6443627e+02   1.6510084e+02
   3.7741302e+02   1.7367684e+02
   2.8612794e+02   1.9509117e+02
   2.8568222e+02   2.1562092e+02
   2.8437337e+02   2.3592042e+02
   2.8279868e+02   2.5627998e+02
   2.5976839e+02   2.6127335e+02
   2.7177007e+02   2.6680738e+02
   2.8450452e+02   2.6966939e+02
   2.9706218e+02   2.6700055e+02
   3.0836443e+02   2.6123866e+02
   2.2120267e+02   1.9549744e+02
   2.3404119e+02   1.8721747e+02
   2.4928567e+02   1.8848201e+02
   2.5972836e+02   1.9926452e+02
   2.4617478e+02   2.0206195e+02
   2.3247767e+02   2.0274754e+02
   3.1420045e+02   1.9671597e+02
   3.2700174e+02   1.8587175e+02
   3.4410459e+02   1.8586068e+02
   3.5818175e+02   1.9500193e+02
   3.4389099e+02   2.0027454e+02
   3.2883844e+02   2.0040773e+02
   2.4808971e+02   3.0005473e+02
   2.5967349e+02   2.9258519e+02
   2.7265700e+02   2.8809361e+02
   2.8617299e+02   2.8926690e+02
   3.0055294e+02   2.8562852e+02
   3.1496569e+02   2.9000496e+02
   3.2881906e+02   2.9582340e+02
   3.1832139e+02   3.0749190e+02
   3.0445738e+02   3.1466085e+02
   2.8938045e+02   3.1806625e+02
   2.7400867e+02   3.1637720e+02
   2.6030098e+02   3.0949758e+02
   2.6518557e+02   2.9795528e+02
   2.7686404e+02   2.9840584e+02
   2.8823064e+02   3.0010235e+02
   2.9986076e+02   2.9751384e+02
   3.1169541e+02   2.9626365e+02
   2.9955424e+02   2.9894638e+02
   2.8733029e+02   3.0050687e+02
   2.7616909e+02   2.9930767e+02
