   1.7646517e+02   2.0612269e+02
   1.8022157e+02   2.3453194e+02
   1.8640520e+02   2.6224020e+02
   1.9317108e+02   2.8985051e+02
   2.0216328e+02   3.1674448e+02
   2.1750130e+02   3.4042519e+02
   2.3815703e+02   3.5987399e+02
   2.6294392e+02   3.7348779e+02
   2.9079929e+02   3.7738289e+02
   3.1875814e+02   3.7065059e+02
   3.4243170e+02   3.5441412e+02
   3.6231387e+02   3.3384699e+02
   3.7666924e+02   3.0904922e+02
   3.8398328e+02   2.8118057e+02
   3.8916357e+02   2.5303692e+02
   3.9112008e+02   2.2407547e+02
   3.9241743e+02   1.9559021e+02
   1.8545711e+02   1.6228011e+02
   2.0077383e+02   1.5420840e+02
   2.1800213e+02   1.5118328e+02
   2.3528380e+02   1.5092838e+02
   2.5182875e+02   1.5579188e+02
   3.0592422e+02   1.4900741e+02
   3.2269305e+02   1.4605499e+02
   3.3937007e+02   1.4439378e+02
   3.5604977e+02   1.4727996e+02
   3.7212417e+02   1.5202790e+02
   2.7792280e+02   1.8779317e+02
   2.7811986e+02   2.0539922e+02
   2.7794473e+02   2.2292586e+02
   2.7813875e+02   2.4040703e+02
   2.5230754e+02   2.5381132e+02
   2.6481163e+02   2.6064582e+02
   2.7853105e+02   2.6385185e+02
   2.9291831e+02   2.6104138e+02
   3.0619289e+02   2.5526995e+02
   2.0660199e+02   1.9151748e+02
   2.1968807e+02   1.8157783e+02
   2.3612130e+02   1.8058773e+02
   2.5031899e+02   1.8851488e+02
   2.3647413e+02   1.9476578e+02
   2.2123670e+02   1.9545622e+02
   3.0649064e+02   1.8740181e+02
   3.1971950e+02   1.7728146e+02
   3.3629769e+02   1.7635709e+02
   3.5075549e+02   1.8439629e+02
   3.3684493e+02   1.9067284e+02
   3.2157091e+02   1.9026079e+02
   2.4024292e+02   2.9820236e+02
   2.5069130e+02   2.8687263e+02
   2.6537654e+02   2.8207255e+02
   2.8037720e+02   2.8514878e+02
   2.9647228e+02   2.8246653e+02
   3.1220725e+02   2.8659107e+02
   3.2667303e+02   2.9419770e+02
   3.1346457e+02   3.0326288e+02
   2.9768260e+02   3.0656897e+02
   2.8180966e+02   3.0852713e+02
   2.6715667e+02   3.0789035e+02
   2.5296800e+02   3.0484422e+02
   2.5021266e+02   2.9605425e+02
   2.6554185e+02   2.9205942e+02
   2.8126102e+02   2.9172807e+02
   2.9797963e+02   2.9039154e+02
   3.1435810e+02   2.9267352e+02
   2.9778584e+02   2.9150553e+02
   2.8133756e+02   2.9285641e+02
   2.6551378e+02   2.9309571e+02
