   2.3121187e+02   1.8022178e+02
   2.3313599e+02   2.1090848e+02
   2.3756281e+02   2.4100151e+02
   2.4229353e+02   2.7104463e+02
   2.5183028e+02   3.0019355e+02
   2.6664024e+02   3.2677914e+02
   2.8657772e+02   3.5013080e+02
   3.0745224e+02   3.7246866e+02
   3.3564540e+02   3.8127796e+02
   3.6347577e+02   3.7384760e+02
   3.8568348e+02   3.5444270e+02
   4.0555883e+02   3.3289477e+02
   4.2149435e+02   3.0815178e+02
   4.3387806e+02   2.8169759e+02
   4.4272948e+02   2.5358977e+02
   4.5054948e+02   2.2536923e+02
   4.5615145e+02   1.9682291e+02
   2.5207795e+02   1.3739403e+02
   2.6550905e+02   1.2755848e+02
   2.8197338e+02   1.2427393e+02
   2.9810892e+02   1.2828191e+02
   3.1168897e+02   1.3783428e+02
   3.7632403e+02   1.4284764e+02
   3.9107345e+02   1.3511118e+02
   4.0749274e+02   1.3289861e+02
   4.2381564e+02   1.3524044e+02
   4.3583422e+02   1.4605194e+02
   3.4200562e+02   1.8037992e+02
   3.4184004e+02   1.9674744e+02
   3.4133270e+02   2.1303770e+02
   3.3990304e+02   2.2918693e+02
   3.1604058e+02   2.4056197e+02
   3.2745101e+02   2.4274106e+02
   3.3895279e+02   2.4312958e+02
   3.4972610e+02   2.4329115e+02
   3.6033501e+02   2.4223163e+02
   2.7228373e+02   1.7717141e+02
   2.8456368e+02   1.6710761e+02
   3.0054819e+02   1.7053814e+02
   3.1108921e+02   1.8285183e+02
   2.9731282e+02   1.8614552e+02
   2.8329949e+02   1.8540815e+02
   3.7296722e+02   1.8647410e+02
   3.8635714e+02   1.7423292e+02
   4.0451436e+02   1.7437349e+02
   4.1665713e+02   1.8746839e+02
   4.0233625e+02   1.9158518e+02
   3.8753918e+02   1.8989305e+02
   3.0109023e+02   2.9850904e+02
   3.0525426e+02   2.8099236e+02
   3.1978880e+02   2.7060648e+02
   3.3733921e+02   2.7154871e+02
   3.5530763e+02   2.6953489e+02
   3.6616717e+02   2.8502679e+02
   3.7087757e+02   3.0370866e+02
   3.6384717e+02   3.2057966e+02
   3.5404829e+02   3.3553592e+02
   3.3774279e+02   3.4190878e+02
   3.1849232e+02   3.3483808e+02
   3.0563931e+02   3.1870753e+02
   3.0446612e+02   2.9754603e+02
   3.1554574e+02   2.7977177e+02
   3.3576028e+02   2.7644641e+02
   3.5748360e+02   2.8244607e+02
   3.6904019e+02   3.0188143e+02
   3.5580941e+02   3.1880686e+02
   3.3618061e+02   3.2659071e+02
   3.1637565e+02   3.1645254e+02
