   1.8211234e+02   2.0680746e+02
   1.8432979e+02   2.3649502e+02
   1.8865380e+02   2.6593603e+02
   1.9350102e+02   2.9532959e+02
   2.0043033e+02   3.2421550e+02
   2.1453264e+02   3.5031390e+02
   2.3698291e+02   3.6951184e+02
   2.6287086e+02   3.8385713e+02
   2.9180583e+02   3.8757096e+02
   3.2192973e+02   3.8279524e+02
   3.4897799e+02   3.6836251e+02
   3.7032207e+02   3.4637630e+02
   3.8413044e+02   3.1910183e+02
   3.9132855e+02   2.8933665e+02
   3.9507964e+02   2.5868734e+02
   3.9752301e+02   2.2809231e+02
   3.9765370e+02   1.9755422e+02
   1.9589531e+02   1.8894222e+02
   2.0944917e+02   1.7600666e+02
   2.2831097e+02   1.7367980e+02
   2.4725748e+02   1.7637738e+02
   2.6494087e+02   1.8354543e+02
   3.0669998e+02   1.7872229e+02
   3.2387031e+02   1.7212542e+02
   3.4138941e+02   1.6719076e+02
   3.5937188e+02   1.6974073e+02
   3.7445026e+02   1.7968376e+02
   2.8805034e+02   1.9719742e+02
   2.8783360e+02   2.1843647e+02
   2.8771521e+02   2.3954347e+02
   2.8720401e+02   2.6051285e+02
   2.6715948e+02   2.7738560e+02
   2.7786017e+02   2.8028961e+02
   2.8886589e+02   2.8117408e+02
   3.0040089e+02   2.7944633e+02
   3.1112071e+02   2.7508710e+02
   2.1525628e+02   2.1181103e+02
   2.3020911e+02   2.0250870e+02
   2.4778468e+02   2.0402761e+02
   2.6043303e+02   2.1589901e+02
   2.4497131e+02   2.1690152e+02
   2.2953662e+02   2.1707349e+02
   3.1125812e+02   2.1449783e+02
   3.2414546e+02   2.0108897e+02
   3.4246641e+02   1.9827780e+02
   3.5863342e+02   2.0697813e+02
   3.4419711e+02   2.1479366e+02
   3.2766453e+02   2.1532897e+02
   2.5095033e+02   3.1228200e+02
   2.6363221e+02   3.0655476e+02
   2.7591598e+02   3.0031638e+02
   2.8941085e+02   3.0083369e+02
   3.0365806e+02   3.0004556e+02
   3.1693308e+02   3.0611110e+02
   3.3047062e+02   3.1100762e+02
   3.1785640e+02   3.1866498e+02
   3.0536433e+02   3.2645578e+02
   2.9095107e+02   3.2738218e+02
   2.7601010e+02   3.2689716e+02
   2.6194770e+02   3.2205078e+02
   2.6074079e+02   3.1081767e+02
   2.7053126e+02   3.1070718e+02
   2.8993636e+02   3.1083112e+02
   3.1034881e+02   3.1061927e+02
   3.2040971e+02   3.1073307e+02
   3.1014417e+02   3.1084688e+02
   2.8988985e+02   3.1100716e+02
   2.7035326e+02   3.1092815e+02
