   1.8592506e+02   1.7945673e+02
   1.8618019e+02   2.1206583e+02
   1.9243614e+02   2.4410483e+02
   1.9769555e+02   2.7627753e+02
   2.0732036e+02   3.0737160e+02
   2.2669129e+02   3.3342226e+02
   2.5037375e+02   3.5536979e+02
   2.7819549e+02   3.7223549e+02
   3.1007114e+02   3.7609497e+02
   3.4025786e+02   3.7275438e+02
   3.6655648e+02   3.5828960e+02
   3.8680213e+02   3.3592071e+02
   4.0246006e+02   3.1012044e+02
   4.1444646e+02   2.8238403e+02
   4.2155003e+02   2.5276273e+02
   4.2657400e+02   2.2291285e+02
   4.2881989e+02   1.9293096e+02
   2.0659810e+02   1.5411774e+02
   2.2268978e+02   1.4624214e+02
   2.3968541e+02   1.4091282e+02
   2.5730840e+02   1.4056833e+02
   2.7458946e+02   1.4432415e+02
   3.2500175e+02   1.4398436e+02
   3.4268368e+02   1.4192115e+02
   3.6043724e+02   1.4365730e+02
   3.7764640e+02   1.4763843e+02
   3.9228889e+02   1.5727339e+02
   2.9784314e+02   1.7958514e+02
   2.9740435e+02   2.0092851e+02
   2.9712522e+02   2.2226722e+02
   2.9684179e+02   2.4332500e+02
   2.7619653e+02   2.5358553e+02
   2.8615749e+02   2.5632261e+02
   2.9630100e+02   2.5824909e+02
   3.0754483e+02   2.5632659e+02
   3.1861675e+02   2.5405568e+02
   2.3370480e+02   1.8109214e+02
   2.4678296e+02   1.7154847e+02
   2.6300521e+02   1.7173264e+02
   2.7440680e+02   1.8274742e+02
   2.6069255e+02   1.8657790e+02
   2.4656433e+02   1.8667118e+02
   3.2586481e+02   1.8200666e+02
   3.3781034e+02   1.7050281e+02
   3.5471355e+02   1.7045110e+02
   3.6729848e+02   1.8115975e+02
   3.5384840e+02   1.8619511e+02
   3.3952945e+02   1.8597770e+02
   2.5472373e+02   2.9520255e+02
   2.6731479e+02   2.8582846e+02
   2.8025772e+02   2.7707695e+02
   2.9545781e+02   2.7540540e+02
   3.1256753e+02   2.7488449e+02
   3.2814322e+02   2.8227178e+02
   3.4173524e+02   2.9272725e+02
   3.2734092e+02   2.9422740e+02
   3.1302251e+02   2.9656161e+02
   2.9912876e+02   2.9990605e+02
   2.8401322e+02   2.9895591e+02
   2.6953896e+02   2.9410499e+02
   2.6491177e+02   2.8605773e+02
   2.7509981e+02   2.8571985e+02
   2.9717528e+02   2.8498380e+02
   3.2027003e+02   2.8450311e+02
   3.3100264e+02   2.8478319e+02
   3.1996049e+02   2.8506327e+02
   2.9707893e+02   2.8542267e+02
   2.7496596e+02   2.8639561e+02
