   1.8599301e+02   1.7932798e+02
   1.8622012e+02   2.1196896e+02
   1.9244899e+02   2.4402693e+02
   1.9768366e+02   2.7623645e+02
   2.0729311e+02   3.0734840e+02
   2.2666886e+02   3.3343573e+02
   2.5036049e+02   3.5542047e+02
   2.7823711e+02   3.7225198e+02
   3.1013456e+02   3.7607808e+02
   3.4030732e+02   3.7265951e+02
   3.6664940e+02   3.5830799e+02
   3.8687393e+02   3.3594741e+02
   4.0254123e+02   3.1015792e+02
   4.1453745e+02   2.8243116e+02
   4.2165486e+02   2.5283522e+02
   4.2670126e+02   2.2301138e+02
   4.2897381e+02   1.9303649e+02
   2.0745084e+02   1.5554608e+02
   2.2298289e+02   1.4760361e+02
   2.3953482e+02   1.4272990e+02
   2.5671830e+02   1.4234841e+02
   2.7378512e+02   1.4441952e+02
   3.2410847e+02   1.4580466e+02
   3.4160231e+02   1.4392012e+02
   3.5909332e+02   1.4496053e+02
   3.7624512e+02   1.4886575e+02
   3.9132648e+02   1.5746779e+02
   2.9795644e+02   1.7956187e+02
   2.9749597e+02   2.0096523e+02
   2.9719566e+02   2.2235796e+02
   2.9683661e+02   2.4347029e+02
   2.7740309e+02   2.5205605e+02
   2.8640520e+02   2.5605594e+02
   2.9606257e+02   2.5796381e+02
   3.0799004e+02   2.5661141e+02
   3.1923065e+02   2.5305121e+02
   2.3379062e+02   1.8100907e+02
   2.4683168e+02   1.7137831e+02
   2.6302367e+02   1.7178655e+02
   2.7450759e+02   1.8270336e+02
   2.6076306e+02   1.8700183e+02
   2.4659394e+02   1.8703177e+02
   3.2626506e+02   1.8255606e+02
   3.3798167e+02   1.7080081e+02
   3.5486624e+02   1.7049845e+02
   3.6743850e+02   1.8120255e+02
   3.5421955e+02   1.8656362e+02
   3.3999067e+02   1.8624566e+02
   2.5440140e+02   2.9544368e+02
   2.6700868e+02   2.8554246e+02
   2.8032761e+02   2.7693015e+02
   2.9582109e+02   2.7533680e+02
   3.1305476e+02   2.7466596e+02
   3.2862496e+02   2.8213321e+02
   3.4249647e+02   2.9258314e+02
   3.2739298e+02   2.9408466e+02
   3.1262254e+02   2.9755232e+02
   2.9783326e+02   2.9987905e+02
   2.8306657e+02   2.9883904e+02
   2.6882506e+02   2.9406240e+02
   2.6428426e+02   2.8618371e+02
   2.7416712e+02   2.8586702e+02
   2.9571038e+02   2.8472445e+02
   3.1990868e+02   2.8451859e+02
   3.3120258e+02   2.8472424e+02
   3.1956271e+02   2.8492989e+02
   2.9542828e+02   2.8511586e+02
   2.7388453e+02   2.8650041e+02
