   2.0908923e+02   2.2275797e+02
   2.1113707e+02   2.5529150e+02
   2.1492523e+02   2.8763918e+02
   2.1966109e+02   3.1988192e+02
   2.2778224e+02   3.5126479e+02
   2.4293203e+02   3.7986068e+02
   2.6305899e+02   4.0538680e+02
   2.8722568e+02   4.2704054e+02
   3.1776136e+02   4.3603191e+02
   3.4709582e+02   4.2623808e+02
   3.7031952e+02   4.0576826e+02
   3.9217216e+02   3.8361630e+02
   4.1077277e+02   3.5865722e+02
   4.2259928e+02   3.2984853e+02
   4.2929167e+02   2.9939705e+02
   4.3504996e+02   2.6881198e+02
   4.3829334e+02   2.3803614e+02
   2.2683876e+02   1.7592085e+02
   2.3732131e+02   1.5820089e+02
   2.5633948e+02   1.5068325e+02
   2.7665374e+02   1.5428035e+02
   2.9645040e+02   1.6060242e+02
   3.5818069e+02   1.6224927e+02
   3.7571930e+02   1.5738800e+02
   3.9371801e+02   1.5606954e+02
   4.1143486e+02   1.5904204e+02
   4.2222337e+02   1.7251905e+02
   3.3085512e+02   2.0593674e+02
   3.3147576e+02   2.2538936e+02
   3.3127770e+02   2.4467877e+02
   3.3125527e+02   2.6399407e+02
   3.0701400e+02   2.8043092e+02
   3.1766273e+02   2.8160459e+02
   3.2824324e+02   2.8183202e+02
   3.3681598e+02   2.8267145e+02
   3.4538629e+02   2.8299005e+02
   2.5189457e+02   2.0801945e+02
   2.6664425e+02   1.9661878e+02
   2.8542933e+02   1.9828002e+02
   2.9881322e+02   2.1117330e+02
   2.8313773e+02   2.1838158e+02
   2.6603043e+02   2.1739116e+02
   3.5402829e+02   2.1346794e+02
   3.6880954e+02   2.0130030e+02
   3.8797967e+02   2.0166055e+02
   4.0092350e+02   2.1535140e+02
   3.8557323e+02   2.2156782e+02
   3.6911025e+02   2.2030812e+02
   2.8387230e+02   3.3854539e+02
   2.9283010e+02   3.2149111e+02
   3.0641153e+02   3.0841576e+02
   3.2456006e+02   3.0964485e+02
   3.4127320e+02   3.1013953e+02
   3.5104780e+02   3.2429027e+02
   3.5484922e+02   3.4129215e+02
   3.4978062e+02   3.6355330e+02
   3.3824294e+02   3.8280606e+02
   3.1778355e+02   3.9042758e+02
   2.9779027e+02   3.8095480e+02
   2.8775054e+02   3.6085048e+02
   2.8876738e+02   3.3817045e+02
   3.0254673e+02   3.2255714e+02
   3.2248422e+02   3.1920755e+02
   3.3990912e+02   3.2484078e+02
   3.5060894e+02   3.4016707e+02
   3.3891980e+02   3.5909729e+02
   3.1905395e+02   3.6679029e+02
   3.0014776e+02   3.5704757e+02
