   2.1699252e+02   2.4242411e+02
   2.2055746e+02   2.7187913e+02
   2.2517980e+02   3.0082289e+02
   2.3111659e+02   3.2960613e+02
   2.4447538e+02   3.5565975e+02
   2.6141513e+02   3.7971515e+02
   2.8429382e+02   3.9833823e+02
   3.1061933e+02   4.1095737e+02
   3.3965317e+02   4.1376171e+02
   3.6960226e+02   4.0901166e+02
   3.9509034e+02   3.9275683e+02
   4.1512381e+02   3.6984517e+02
   4.3089931e+02   3.4395010e+02
   4.4198424e+02   3.1533913e+02
   4.4699762e+02   2.8544371e+02
   4.4725981e+02   2.5505402e+02
   4.4695028e+02   2.2473372e+02
   2.3030555e+02   2.0227486e+02
   2.4160375e+02   1.9195617e+02
   2.5700282e+02   1.9003882e+02
   2.7241341e+02   1.9239827e+02
   2.8786359e+02   1.9380315e+02
   3.5112539e+02   1.9367423e+02
   3.6729282e+02   1.8752708e+02
   3.8420759e+02   1.8405121e+02
   4.0133387e+02   1.8374199e+02
   4.1614332e+02   1.9182100e+02
   3.2506216e+02   2.1908494e+02
   3.2469250e+02   2.3437789e+02
   3.2457918e+02   2.4952531e+02
   3.2478051e+02   2.6466402e+02
   3.0618276e+02   2.9376577e+02
   3.1718409e+02   2.9431018e+02
   3.2809628e+02   2.9512651e+02
   3.3924543e+02   2.9393020e+02
   3.5014154e+02   2.9137336e+02
   2.5432245e+02   2.3040304e+02
   2.6640065e+02   2.1950994e+02
   2.8270402e+02   2.1945927e+02
   2.9355390e+02   2.3113178e+02
   2.8052281e+02   2.3656562e+02
   2.6647292e+02   2.3701914e+02
   3.5973157e+02   2.2677546e+02
   3.7076216e+02   2.1423545e+02
   3.8742399e+02   2.1227015e+02
   4.0127835e+02   2.2138742e+02
   3.8913554e+02   2.3022045e+02
   3.7416297e+02   2.3108259e+02
   2.8016220e+02   3.2346649e+02
   2.9784687e+02   3.2008377e+02
   3.1538505e+02   3.1606554e+02
   3.3309252e+02   3.1645271e+02
   3.5145504e+02   3.1374853e+02
   3.6996813e+02   3.1538777e+02
   3.8829309e+02   3.1739106e+02
   3.7443580e+02   3.3506315e+02
   3.5643451e+02   3.4809837e+02
   3.3550537e+02   3.5494291e+02
   3.1324404e+02   3.5219500e+02
   2.9392185e+02   3.4088070e+02
   2.8595352e+02   3.2633241e+02
   3.0955145e+02   3.2399802e+02
   3.3314678e+02   3.2573411e+02
   3.5737355e+02   3.2012034e+02
   3.8180672e+02   3.2032901e+02
   3.5910398e+02   3.3331489e+02
   3.3376365e+02   3.3809421e+02
   3.0830904e+02   3.3761838e+02
