   2.1861678e+02   2.3705683e+02
   2.1510356e+02   2.6683378e+02
   2.1881630e+02   2.9649996e+02
   2.2138969e+02   3.2646035e+02
   2.2682090e+02   3.5576839e+02
   2.4371429e+02   3.8040379e+02
   2.6747867e+02   3.9851438e+02
   2.9412433e+02   4.1236383e+02
   3.2324862e+02   4.1720359e+02
   3.5381012e+02   4.1408613e+02
   3.8370870e+02   4.0697444e+02
   4.1060627e+02   3.9247051e+02
   4.3034978e+02   3.6906721e+02
   4.4019851e+02   3.4005643e+02
   4.4642582e+02   3.0991814e+02
   4.5134623e+02   2.7963389e+02
   4.5275824e+02   2.4922731e+02
   2.3961985e+02   2.0578284e+02
   2.5889863e+02   1.9655629e+02
   2.8035478e+02   1.9446860e+02
   3.0117719e+02   1.9883338e+02
   3.1822724e+02   2.1144021e+02
   3.6350692e+02   2.1070155e+02
   3.8265450e+02   2.0465319e+02
   4.0278345e+02   2.0369724e+02
   4.2224646e+02   2.0846887e+02
   4.3911867e+02   2.1907771e+02
   3.3892044e+02   2.2789858e+02
   3.3761299e+02   2.4646641e+02
   3.3708573e+02   2.6505203e+02
   3.3506510e+02   2.8335377e+02
   3.0486113e+02   2.9417925e+02
   3.1800546e+02   3.0390155e+02
   3.3360149e+02   3.0801816e+02
   3.4991754e+02   3.0549825e+02
   3.6407203e+02   2.9748499e+02
   2.6174536e+02   2.3508306e+02
   2.7726180e+02   2.2624325e+02
   2.9515419e+02   2.2823999e+02
   3.0909365e+02   2.3926795e+02
   2.9309705e+02   2.3869770e+02
   2.7730433e+02   2.3784476e+02
   3.6422518e+02   2.4409635e+02
   3.8071832e+02   2.3400650e+02
   3.9974497e+02   2.3275486e+02
   4.1481357e+02   2.4406344e+02
   3.9782501e+02   2.4510160e+02
   3.8102861e+02   2.4435020e+02
   2.9037485e+02   3.3353769e+02
   3.0394757e+02   3.2682148e+02
   3.1853954e+02   3.2317141e+02
   3.3285410e+02   3.2701986e+02
   3.4632548e+02   3.2325863e+02
   3.5925630e+02   3.2924087e+02
   3.7150111e+02   3.3665251e+02
   3.6113714e+02   3.4841112e+02
   3.4516285e+02   3.5152929e+02
   3.2879345e+02   3.5079794e+02
   3.1350580e+02   3.4887430e+02
   2.9869044e+02   3.4560451e+02
   3.0042897e+02   3.3518836e+02
   3.1048310e+02   3.3499307e+02
   3.3023003e+02   3.3707954e+02
   3.5099815e+02   3.3715599e+02
   3.6124963e+02   3.3732903e+02
   3.5071062e+02   3.3750208e+02
   3.3001879e+02   3.3741911e+02
   3.1005976e+02   3.3538365e+02
