   2.1917324e+02   2.3668900e+02
   2.1559247e+02   2.6643586e+02
   2.1923263e+02   2.9608904e+02
   2.2173358e+02   3.2603353e+02
   2.2709179e+02   3.5533287e+02
   2.4391478e+02   3.7998999e+02
   2.6761910e+02   3.9814327e+02
   2.9421261e+02   4.1204532e+02
   3.2330416e+02   4.1695012e+02
   3.5385060e+02   4.1390691e+02
   3.8374401e+02   4.0687084e+02
   4.1065602e+02   3.9244089e+02
   4.3044017e+02   3.6910123e+02
   4.4035000e+02   3.4013491e+02
   4.4664372e+02   3.1003337e+02
   4.5163184e+02   2.7978291e+02
   4.5311441e+02   2.4940194e+02
   2.3975708e+02   2.0600796e+02
   2.5810711e+02   1.9555085e+02
   2.7896998e+02   1.9199707e+02
   2.9967438e+02   1.9584071e+02
   3.1877437e+02   2.0418111e+02
   3.6643464e+02   2.0451393e+02
   3.8600214e+02   2.0150155e+02
   4.0559321e+02   2.0087519e+02
   4.2404440e+02   2.0748231e+02
   4.3955584e+02   2.1924232e+02
   3.3941028e+02   2.2782078e+02
   3.3806007e+02   2.4637191e+02
   3.3748943e+02   2.6494267e+02
   3.3542718e+02   2.8322624e+02
   3.0440095e+02   2.9972478e+02
   3.1803504e+02   3.0623927e+02
   3.3282474e+02   3.0872269e+02
   3.4886931e+02   3.0814961e+02
   3.6379193e+02   3.0293333e+02
   2.6227485e+02   2.3481824e+02
   2.7802702e+02   2.2598532e+02
   2.9612612e+02   2.2754106e+02
   3.0957858e+02   2.3911157e+02
   2.9348085e+02   2.4052558e+02
   2.7742355e+02   2.3984012e+02
   3.6465833e+02   2.4406626e+02
   3.8052452e+02   2.3274805e+02
   4.0001968e+02   2.3239787e+02
   4.1520972e+02   2.4415250e+02
   3.9831864e+02   2.4676425e+02
   3.8139116e+02   2.4608658e+02
   2.8754201e+02   3.3948085e+02
   3.0222189e+02   3.3108057e+02
   3.1764862e+02   3.2495827e+02
   3.3284675e+02   3.3024447e+02
   3.4800552e+02   3.2664968e+02
   3.6156261e+02   3.3562477e+02
   3.7504053e+02   3.4456562e+02
   3.6071043e+02   3.5208202e+02
   3.4479506e+02   3.5454725e+02
   3.2863026e+02   3.5439295e+02
   3.1357358e+02   3.5254530e+02
   2.9923118e+02   3.4804502e+02
   2.9812297e+02   3.3891756e+02
   3.0870392e+02   3.3873295e+02
   3.2972555e+02   3.3976647e+02
   3.5273741e+02   3.4123682e+02
   3.6388897e+02   3.4144270e+02
   3.5236321e+02   3.4164858e+02
   3.2956692e+02   3.4009444e+02
   3.0839991e+02   3.3910216e+02
