   2.2612070e+02   2.2695111e+02
   2.2681616e+02   2.5491338e+02
   2.2930300e+02   2.8285288e+02
   2.3557103e+02   3.1013722e+02
   2.4612560e+02   3.3613778e+02
   2.6206674e+02   3.5876388e+02
   2.8390723e+02   3.7640139e+02
   3.0942184e+02   3.8750801e+02
   3.3688812e+02   3.9089240e+02
   3.6390268e+02   3.8931309e+02
   3.8913570e+02   3.7955294e+02
   4.0846781e+02   3.6069398e+02
   4.2174520e+02   3.3687285e+02
   4.3095345e+02   3.1142316e+02
   4.3851819e+02   2.8562142e+02
   4.4249006e+02   2.5864118e+02
   4.4439437e+02   2.3170384e+02
   2.4412487e+02   1.8775417e+02
   2.5223979e+02   1.7270721e+02
   2.6686502e+02   1.6413435e+02
   2.8408766e+02   1.6234342e+02
   3.0119831e+02   1.6419269e+02
   3.6447483e+02   1.6491647e+02
   3.8059534e+02   1.6369297e+02
   3.9652932e+02   1.6515828e+02
   4.1122506e+02   1.7131683e+02
   4.1881813e+02   1.8466192e+02
   3.3658386e+02   2.0854883e+02
   3.3775712e+02   2.2347404e+02
   3.3768432e+02   2.3830132e+02
   3.3805750e+02   2.5306300e+02
   3.0997120e+02   2.7437211e+02
   3.2332436e+02   2.7639045e+02
   3.3652870e+02   2.7763405e+02
   3.4868294e+02   2.7674734e+02
   3.6059094e+02   2.7498246e+02
   2.6505403e+02   2.1684528e+02
   2.7831230e+02   2.2089514e+02
   2.9267435e+02   2.2026494e+02
   3.0580186e+02   2.1537572e+02
   2.9299726e+02   2.2255532e+02
   2.7843516e+02   2.2265658e+02
   3.6812067e+02   2.1689015e+02
   3.8034491e+02   2.2179095e+02
   3.9459811e+02   2.2279722e+02
   4.0804712e+02   2.2049091e+02
   3.9443010e+02   2.2488401e+02
   3.8021594e+02   2.2402486e+02
   2.9694299e+02   3.1000862e+02
   3.0801705e+02   2.9779614e+02
   3.2160258e+02   2.8880670e+02
   3.3722191e+02   2.9066983e+02
   3.5304995e+02   2.9048265e+02
   3.6677542e+02   2.9865897e+02
   3.7700839e+02   3.1080613e+02
   3.6633244e+02   3.2229256e+02
   3.5227216e+02   3.2940773e+02
   3.3693881e+02   3.3109995e+02
   3.2070565e+02   3.2952514e+02
   3.0562968e+02   3.2328300e+02
   3.0265932e+02   3.1149926e+02
   3.1941233e+02   3.0799717e+02
   3.3624402e+02   3.0850278e+02
   3.5284648e+02   3.0794788e+02
   3.6905857e+02   3.1112466e+02
   3.5262400e+02   3.0918010e+02
   3.3656606e+02   3.1019339e+02
   3.1957030e+02   3.1017838e+02
