   1.7582206e+02   2.1451699e+02
   1.7471261e+02   2.4697937e+02
   1.7963530e+02   2.7915262e+02
   1.8607690e+02   3.1104277e+02
   1.9738133e+02   3.4142632e+02
   2.1600995e+02   3.6796606e+02
   2.3873889e+02   3.9100580e+02
   2.6735754e+02   4.0615305e+02
   2.9922511e+02   4.1037099e+02
   3.3026342e+02   4.0538071e+02
   3.5757880e+02   3.9029884e+02
   3.7827241e+02   3.6667968e+02
   3.9630822e+02   3.4120253e+02
   4.0904129e+02   3.1264748e+02
   4.1494077e+02   2.8176611e+02
   4.1932026e+02   2.5071698e+02
   4.2131623e+02   2.1967650e+02
   1.8998788e+02   1.9480786e+02
   2.0316758e+02   1.8193746e+02
   2.1968779e+02   1.7434305e+02
   2.3794236e+02   1.7420219e+02
   2.5599950e+02   1.7637157e+02
   3.3335294e+02   1.7467220e+02
   3.4976804e+02   1.7202363e+02
   3.6625260e+02   1.7142844e+02
   3.8230565e+02   1.7511793e+02
   3.9633160e+02   1.8361633e+02
   2.9935237e+02   2.1482230e+02
   2.9975978e+02   2.3397015e+02
   2.9928997e+02   2.5320275e+02
   2.9891295e+02   2.7214738e+02
   2.6324371e+02   2.9204643e+02
   2.8185316e+02   2.9140560e+02
   3.0031036e+02   2.9193753e+02
   3.1683869e+02   2.9118723e+02
   3.3314719e+02   2.9028416e+02
   2.2167140e+02   2.1355889e+02
   2.3722478e+02   2.0330642e+02
   2.5554973e+02   2.0598575e+02
   2.6759176e+02   2.1998719e+02
   2.5183502e+02   2.1960901e+02
   2.3615277e+02   2.1903726e+02
   3.2905240e+02   2.2033213e+02
   3.4089566e+02   2.0667707e+02
   3.5879642e+02   2.0362940e+02
   3.7326164e+02   2.1385810e+02
   3.5982391e+02   2.2092908e+02
   3.4439180e+02   2.2051223e+02
   2.4930078e+02   3.3357001e+02
   2.6609181e+02   3.2175690e+02
   2.8182257e+02   3.0872108e+02
   3.0118318e+02   3.1021106e+02
   3.1931385e+02   3.0913759e+02
   3.3465775e+02   3.2002201e+02
   3.4997201e+02   3.3076223e+02
   3.3755141e+02   3.4513120e+02
   3.1971401e+02   3.5204034e+02
   3.0084099e+02   3.5202419e+02
   2.8123766e+02   3.5178012e+02
   2.6209196e+02   3.4738983e+02
   2.6051282e+02   3.3294656e+02
   2.8096288e+02   3.2934553e+02
   3.0078140e+02   3.2671521e+02
   3.2068954e+02   3.2934682e+02
   3.4092386e+02   3.3194716e+02
   3.2075142e+02   3.3154473e+02
   3.0093630e+02   3.3193425e+02
   2.8073551e+02   3.3125413e+02
