   1.8348363e+02   2.2627689e+02
   1.8516409e+02   2.5581933e+02
   1.8900386e+02   2.8500436e+02
   1.9398079e+02   3.1374058e+02
   2.0280466e+02   3.4189014e+02
   2.1678207e+02   3.6742960e+02
   2.3772549e+02   3.8784824e+02
   2.6417729e+02   4.0080934e+02
   2.9291608e+02   4.0527227e+02
   3.2219006e+02   4.0103774e+02
   3.4839136e+02   3.8714463e+02
   3.7033996e+02   3.6731445e+02
   3.8447231e+02   3.4139244e+02
   3.9265927e+02   3.1296789e+02
   3.9802581e+02   2.8377378e+02
   4.0279033e+02   2.5438093e+02
   4.0415376e+02   2.2487583e+02
   1.9762548e+02   2.0491444e+02
   2.0927238e+02   1.9056461e+02
   2.2663104e+02   1.8425301e+02
   2.4499816e+02   1.8703197e+02
   2.6252912e+02   1.9287508e+02
   3.1763208e+02   1.9405421e+02
   3.3402630e+02   1.8699064e+02
   3.5111405e+02   1.8263854e+02
   3.6809741e+02   1.8775065e+02
   3.8228016e+02   1.9821694e+02
   2.9313306e+02   2.1319767e+02
   2.9263245e+02   2.3284021e+02
   2.9230062e+02   2.5232575e+02
   2.9166113e+02   2.7187460e+02
   2.7119523e+02   2.9042972e+02
   2.8186631e+02   2.9481520e+02
   2.9335353e+02   2.9562235e+02
   3.0437213e+02   2.9472636e+02
   3.1404997e+02   2.8979484e+02
   2.1570168e+02   2.2476730e+02
   2.3178899e+02   2.1466012e+02
   2.5081325e+02   2.1612602e+02
   2.6587235e+02   2.2743980e+02
   2.4893908e+02   2.2660924e+02
   2.3215260e+02   2.2747248e+02
   3.1590930e+02   2.2707864e+02
   3.3070436e+02   2.1588675e+02
   3.4888287e+02   2.1364619e+02
   3.6399937e+02   2.2341705e+02
   3.4843625e+02   2.2815928e+02
   3.3210907e+02   2.2684095e+02
   2.5423336e+02   3.2684508e+02
   2.6674675e+02   3.2211216e+02
   2.7951454e+02   3.1809772e+02
   2.9264179e+02   3.1798106e+02
   3.0529744e+02   3.1842265e+02
   3.1711678e+02   3.2275461e+02
   3.2901136e+02   3.2709517e+02
   3.1596129e+02   3.3063510e+02
   3.0514859e+02   3.3955397e+02
   2.9197778e+02   3.4099653e+02
   2.7817878e+02   3.4034516e+02
   2.6754662e+02   3.3034607e+02
   2.6386266e+02   3.2625507e+02
   2.7349196e+02   3.2617316e+02
   2.9234755e+02   3.2810638e+02
   3.1069499e+02   3.2702784e+02
   3.1985318e+02   3.2712726e+02
   3.1059563e+02   3.2722668e+02
   2.9244627e+02   3.2830328e+02
   2.7332798e+02   3.2633699e+02
