   1.9150750e+02   2.0331074e+02
   1.9371312e+02   2.3379344e+02
   1.9811207e+02   2.6407808e+02
   2.0416811e+02   2.9393011e+02
   2.1329172e+02   3.2308934e+02
   2.2997071e+02   3.4835929e+02
   2.5278148e+02   3.6848075e+02
   2.8082790e+02   3.8019931e+02
   3.1105062e+02   3.8346264e+02
   3.3979852e+02   3.7760013e+02
   3.6513643e+02   3.6303065e+02
   3.8372490e+02   3.4043826e+02
   3.9798075e+02   3.1499841e+02
   4.0448920e+02   2.8653991e+02
   4.0951424e+02   2.5754356e+02
   4.1386759e+02   2.2874525e+02
   4.1757873e+02   1.9977491e+02
   2.1290918e+02   1.7981788e+02
   2.2589595e+02   1.6721877e+02
   2.4322573e+02   1.6156492e+02
   2.6139745e+02   1.5915652e+02
   2.7920318e+02   1.6198557e+02
   3.3782843e+02   1.5744328e+02
   3.5503669e+02   1.5421157e+02
   3.7240985e+02   1.5450697e+02
   3.8937024e+02   1.5868962e+02
   3.9933652e+02   1.7189219e+02
   3.0875368e+02   1.8093042e+02
   3.0954690e+02   2.0106963e+02
   3.1026055e+02   2.2126503e+02
   3.1045250e+02   2.4118156e+02
   2.8621557e+02   2.5859516e+02
   2.9859475e+02   2.6022380e+02
   3.1088434e+02   2.6099250e+02
   3.2202303e+02   2.5970113e+02
   3.3271331e+02   2.5651262e+02
   2.4082266e+02   1.9274223e+02
   2.5447500e+02   1.8232548e+02
   2.7154189e+02   1.8285931e+02
   2.8450301e+02   1.9389124e+02
   2.6984436e+02   1.9977392e+02
   2.5437191e+02   2.0014079e+02
   3.3384249e+02   1.9180755e+02
   3.4347054e+02   1.7729321e+02
   3.6114013e+02   1.7514109e+02
   3.7508205e+02   1.8567962e+02
   3.6337713e+02   1.9459357e+02
   3.4839998e+02   1.9490294e+02
   2.6766525e+02   2.9902582e+02
   2.8068633e+02   2.8920842e+02
   2.9439615e+02   2.8088353e+02
   3.0985200e+02   2.8296590e+02
   3.2505627e+02   2.8096605e+02
   3.3873653e+02   2.8821065e+02
   3.5098698e+02   2.9772294e+02
   3.3852020e+02   3.0590149e+02
   3.2572739e+02   3.1299209e+02
   3.1125481e+02   3.1295086e+02
   2.9557681e+02   3.1301927e+02
   2.8113915e+02   3.0703699e+02
   2.7670926e+02   2.9945326e+02
   2.9253705e+02   2.9149599e+02
   3.1008472e+02   2.9064654e+02
   3.2706479e+02   2.9069191e+02
   3.4239733e+02   2.9759016e+02
   3.2622370e+02   2.9718590e+02
   3.1012118e+02   2.9794237e+02
   2.9325429e+02   2.9801484e+02
