   1.9387339e+02   2.2275565e+02
   1.9697903e+02   2.5044621e+02
   2.0307995e+02   2.7736643e+02
   2.1400210e+02   3.0283137e+02
   2.3005967e+02   3.2529246e+02
   2.4863001e+02   3.4597659e+02
   2.7039061e+02   3.6294954e+02
   2.9454687e+02   3.7639081e+02
   3.2154532e+02   3.8099516e+02
   3.4960203e+02   3.7564685e+02
   3.7343830e+02   3.5921464e+02
   3.9486929e+02   3.3982878e+02
   4.1229456e+02   3.1683392e+02
   4.2588235e+02   2.9150697e+02
   4.3250526e+02   2.6346551e+02
   4.3514286e+02   2.3458561e+02
   4.3468827e+02   2.0594850e+02
   2.0713626e+02   1.8835890e+02
   2.2274749e+02   1.6705516e+02
   2.4865137e+02   1.5997946e+02
   2.7565670e+02   1.6021580e+02
   2.9840409e+02   1.7362552e+02
   3.1218209e+02   1.6762843e+02
   3.3607503e+02   1.5451364e+02
   3.6349863e+02   1.5209648e+02
   3.9099895e+02   1.5250576e+02
   4.1170951e+02   1.6897629e+02
   3.0608564e+02   1.8411776e+02
   3.0695835e+02   2.0448408e+02
   3.0742578e+02   2.2460666e+02
   3.0779165e+02   2.4484158e+02
   2.8280507e+02   2.6153824e+02
   2.9569930e+02   2.6756735e+02
   3.0982803e+02   2.6838719e+02
   3.2506009e+02   2.6594826e+02
   3.3825668e+02   2.5848408e+02
   2.3668656e+02   2.0066215e+02
   2.5007290e+02   1.9172178e+02
   2.6615378e+02   1.9093427e+02
   2.7898253e+02   2.0014456e+02
   2.6481337e+02   2.0391458e+02
   2.5029543e+02   2.0526804e+02
   3.3931270e+02   1.9304554e+02
   3.5171345e+02   1.8289554e+02
   3.6777601e+02   1.8161493e+02
   3.8252417e+02   1.8773926e+02
   3.6935668e+02   1.9493308e+02
   3.5421539e+02   1.9543653e+02
   2.7361898e+02   3.0729928e+02
   2.8529015e+02   2.9715234e+02
   2.9814782e+02   2.8897924e+02
   3.1274282e+02   2.9079115e+02
   3.2885221e+02   2.8693156e+02
   3.4463673e+02   2.9358901e+02
   3.6038015e+02   2.9965451e+02
   3.4751881e+02   3.0982488e+02
   3.3330636e+02   3.1809275e+02
   3.1740077e+02   3.2129452e+02
   3.0202954e+02   3.1936445e+02
   2.8825150e+02   3.1221767e+02
   2.8216042e+02   3.0548401e+02
   2.9820065e+02   3.0064006e+02
   3.1484965e+02   3.0193729e+02
   3.3295521e+02   2.9881478e+02
   3.5121226e+02   2.9978029e+02
   3.3311087e+02   3.0109514e+02
   3.1509769e+02   3.0411167e+02
   2.9828472e+02   3.0283996e+02
