   1.9388656e+02   2.2283000e+02
   1.9699426e+02   2.5056097e+02
   2.0308501e+02   2.7746355e+02
   2.1403459e+02   3.0295775e+02
   2.2998668e+02   3.2552065e+02
   2.4868161e+02   3.4605358e+02
   2.7044345e+02   3.6316348e+02
   2.9446886e+02   3.7684766e+02
   3.2145344e+02   3.8144435e+02
   3.4962220e+02   3.7614158e+02
   3.7348898e+02   3.5968125e+02
   3.9515117e+02   3.4048002e+02
   4.1237788e+02   3.1726173e+02
   4.2586338e+02   2.9174993e+02
   4.3254335e+02   2.6367559e+02
   4.3519934e+02   2.3474151e+02
   4.3475408e+02   2.0599542e+02
   2.0753875e+02   1.8799070e+02
   2.2292161e+02   1.6648985e+02
   2.4891944e+02   1.5946078e+02
   2.7596850e+02   1.5937789e+02
   2.9866007e+02   1.7293430e+02
   3.1253426e+02   1.6691512e+02
   3.3625769e+02   1.5380082e+02
   3.6353305e+02   1.5156136e+02
   3.9084730e+02   1.5219275e+02
   4.1163715e+02   1.6837549e+02
   3.0611069e+02   1.8423267e+02
   3.0698795e+02   2.0460399e+02
   3.0745610e+02   2.2473106e+02
   3.0781439e+02   2.4497114e+02
   2.8266505e+02   2.6144362e+02
   2.9561595e+02   2.6764489e+02
   3.0986465e+02   2.6850092e+02
   3.2530346e+02   2.6596228e+02
   3.3850875e+02   2.5812473e+02
   2.3674787e+02   2.0034161e+02
   2.5013309e+02   1.9142174e+02
   2.6618060e+02   1.9077727e+02
   2.7905595e+02   1.9992304e+02
   2.6485455e+02   2.0386492e+02
   2.5030177e+02   2.0520935e+02
   3.3957619e+02   1.9279038e+02
   3.5199318e+02   1.8275477e+02
   3.6797851e+02   1.8156404e+02
   3.8252911e+02   1.8795401e+02
   3.6933059e+02   1.9490405e+02
   3.5429162e+02   1.9545617e+02
   2.7386982e+02   3.0780682e+02
   2.8541898e+02   2.9753160e+02
   2.9796648e+02   2.8897453e+02
   3.1253207e+02   2.9052558e+02
   3.2889761e+02   2.8704975e+02
   3.4479720e+02   2.9373716e+02
   3.6056131e+02   3.0015395e+02
   3.4816127e+02   3.1146167e+02
   3.3378063e+02   3.2036793e+02
   3.1737931e+02   3.2345223e+02
   3.0190553e+02   3.2131337e+02
   2.8838745e+02   3.1348566e+02
   2.8295869e+02   3.0582693e+02
   2.9819121e+02   3.0014133e+02
   3.1443946e+02   3.0122227e+02
   3.3246302e+02   2.9852218e+02
   3.5040514e+02   3.0044463e+02
   3.3281564e+02   3.0319947e+02
   3.1502365e+02   3.0613166e+02
   2.9865514e+02   3.0486444e+02
