   1.7948524e+02   1.7703682e+02
   1.8472851e+02   2.0670838e+02
   1.8876759e+02   2.3648088e+02
   1.9664512e+02   2.6558632e+02
   2.0761739e+02   2.9351154e+02
   2.2513404e+02   3.1759432e+02
   2.4919955e+02   3.3568105e+02
   2.7527368e+02   3.5068784e+02
   3.0452665e+02   3.5429145e+02
   3.3349843e+02   3.4981005e+02
   3.5765901e+02   3.3356678e+02
   3.7715355e+02   3.1152909e+02
   3.9346921e+02   2.8710788e+02
   4.0281861e+02   2.5915235e+02
   4.0812023e+02   2.3029320e+02
   4.0876782e+02   2.0103983e+02
   4.0997335e+02   1.7168762e+02
   1.9743564e+02   1.5180234e+02
   2.0611452e+02   1.3566003e+02
   2.2390856e+02   1.2979043e+02
   2.4295345e+02   1.2972114e+02
   2.6174544e+02   1.3124192e+02
   3.2626029e+02   1.2436055e+02
   3.4268473e+02   1.2276506e+02
   3.5908021e+02   1.2189433e+02
   3.7518041e+02   1.2506031e+02
   3.8535893e+02   1.3720585e+02
   2.8845798e+02   1.5098900e+02
   2.9068458e+02   1.7096963e+02
   2.9221290e+02   1.9069930e+02
   2.9252487e+02   2.1057674e+02
   2.6464607e+02   2.2787707e+02
   2.7780341e+02   2.3332472e+02
   2.9180206e+02   2.3509433e+02
   3.0639137e+02   2.3306467e+02
   3.2034054e+02   2.2884633e+02
   2.2381233e+02   1.6769258e+02
   2.3644627e+02   1.5445869e+02
   2.5484750e+02   1.5439991e+02
   2.6715164e+02   1.6771387e+02
   2.5267425e+02   1.7197791e+02
   2.3770685e+02   1.7277600e+02
   3.1738694e+02   1.6427283e+02
   3.3093775e+02   1.5204448e+02
   3.4902287e+02   1.5074890e+02
   3.6318948e+02   1.6182392e+02
   3.4910689e+02   1.7000479e+02
   3.3282423e+02   1.6953083e+02
   2.5092172e+02   2.7211560e+02
   2.6339461e+02   2.6355453e+02
   2.7747777e+02   2.5811710e+02
   2.9227376e+02   2.5929387e+02
   3.0954533e+02   2.5679967e+02
   3.2636934e+02   2.6112405e+02
   3.4143713e+02   2.6964055e+02
   3.3051380e+02   2.8491290e+02
   3.1401021e+02   2.9429239e+02
   2.9567619e+02   2.9856719e+02
   2.7812928e+02   2.9454621e+02
   2.6239553e+02   2.8575221e+02
   2.6901453e+02   2.7357962e+02
   2.8137518e+02   2.7255466e+02
   2.9373237e+02   2.7253151e+02
   3.0702216e+02   2.7157314e+02
   3.2031092e+02   2.7157481e+02
   3.0692925e+02   2.7252838e+02
   2.9373243e+02   2.7350224e+02
   2.8136916e+02   2.7354588e+02
