   1.8451382e+02   1.7924530e+02
   1.8586860e+02   2.0888628e+02
   1.9177557e+02   2.3786652e+02
   1.9826825e+02   2.6673698e+02
   2.0982702e+02   2.9391192e+02
   2.2829743e+02   3.1728352e+02
   2.4955867e+02   3.3748197e+02
   2.7604453e+02   3.5041922e+02
   3.0528199e+02   3.5303920e+02
   3.3448770e+02   3.4913425e+02
   3.5878001e+02   3.3276710e+02
   3.7928596e+02   3.1129024e+02
   3.9715447e+02   2.8759837e+02
   4.0649192e+02   2.5974909e+02
   4.1094389e+02   2.3042910e+02
   4.1430888e+02   2.0108450e+02
   4.1362347e+02   1.7155985e+02
   2.0343364e+02   1.4664218e+02
   2.1128234e+02   1.3162921e+02
   2.2886091e+02   1.2886633e+02
   2.4689709e+02   1.2933988e+02
   2.6463441e+02   1.3122944e+02
   3.3103353e+02   1.2861811e+02
   3.4623430e+02   1.2618744e+02
   3.6149562e+02   1.2604088e+02
   3.7683311e+02   1.2662357e+02
   3.8765011e+02   1.3643494e+02
   2.9601120e+02   1.6292938e+02
   2.9645495e+02   1.8084033e+02
   2.9601873e+02   1.9856891e+02
   2.9602249e+02   2.1638868e+02
   2.6483091e+02   2.2790038e+02
   2.7950782e+02   2.3444670e+02
   2.9545721e+02   2.3493233e+02
   3.1122843e+02   2.3438920e+02
   3.2612368e+02   2.2959915e+02
   2.2643877e+02   1.6813831e+02
   2.3829953e+02   1.5497028e+02
   2.5650887e+02   1.5505610e+02
   2.7055503e+02   1.6598958e+02
   2.5667073e+02   1.7291176e+02
   2.4110973e+02   1.7318651e+02
   3.2114629e+02   1.6732038e+02
   3.3560743e+02   1.5419045e+02
   3.5450120e+02   1.5235381e+02
   3.6754913e+02   1.6621133e+02
   3.5235785e+02   1.7107402e+02
   3.3643605e+02   1.7132739e+02
   2.4808996e+02   2.6696508e+02
   2.6367222e+02   2.6250213e+02
   2.7892214e+02   2.5717820e+02
   2.9455103e+02   2.5907986e+02
   3.1253824e+02   2.5702061e+02
   3.3041260e+02   2.6047456e+02
   3.4812489e+02   2.6381780e+02
   3.3430326e+02   2.8032176e+02
   3.1797232e+02   2.9409784e+02
   2.9752394e+02   2.9842266e+02
   2.7716915e+02   2.9612546e+02
   2.6136117e+02   2.8288085e+02
   2.6559862e+02   2.7233668e+02
   2.8032162e+02   2.7410284e+02
   2.9508027e+02   2.7351993e+02
   3.1043331e+02   2.7222082e+02
   3.2561525e+02   2.7104638e+02
   3.1014307e+02   2.7311478e+02
   2.9471771e+02   2.7444277e+02
   2.7998340e+02   2.7494648e+02
