   1.8474599e+02   1.7879919e+02
   1.8608021e+02   2.0853994e+02
   1.9194158e+02   2.3744861e+02
   1.9842659e+02   2.6642171e+02
   2.1002440e+02   2.9368511e+02
   2.2850511e+02   3.1707162e+02
   2.4983487e+02   3.3730322e+02
   2.7604213e+02   3.5095835e+02
   3.0525530e+02   3.5394309e+02
   3.3456109e+02   3.4996948e+02
   3.5881888e+02   3.3340354e+02
   3.7906746e+02   3.1152443e+02
   3.9716277e+02   2.8774453e+02
   4.0664829e+02   2.5985305e+02
   4.1116634e+02   2.3044204e+02
   4.1458425e+02   2.0100336e+02
   4.1393995e+02   1.7137965e+02
   2.0430394e+02   1.4694856e+02
   2.1166621e+02   1.3166123e+02
   2.2936513e+02   1.2912850e+02
   2.4756952e+02   1.2962418e+02
   2.6539040e+02   1.3178007e+02
   3.3079460e+02   1.2931748e+02
   3.4605780e+02   1.2632085e+02
   3.6145098e+02   1.2616491e+02
   3.7700579e+02   1.2650486e+02
   3.8799920e+02   1.3621276e+02
   2.9629913e+02   1.6260855e+02
   2.9672204e+02   1.8052590e+02
   2.9626490e+02   1.9825980e+02
   2.9624779e+02   2.1608543e+02
   2.6698872e+02   2.3187412e+02
   2.8107004e+02   2.3594233e+02
   2.9574420e+02   2.3577104e+02
   3.1086174e+02   2.3531609e+02
   3.2575576e+02   2.3388841e+02
   2.2716514e+02   1.6831273e+02
   2.3902836e+02   1.5607189e+02
   2.5640174e+02   1.5616222e+02
   2.7083101e+02   1.6563992e+02
   2.5718992e+02   1.7286539e+02
   2.4174954e+02   1.7340143e+02
   3.2189243e+02   1.6801385e+02
   3.3599518e+02   1.5495264e+02
   3.5497201e+02   1.5384065e+02
   3.6821032e+02   1.6707319e+02
   3.5287159e+02   1.7041184e+02
   3.3720427e+02   1.7076327e+02
   2.5230154e+02   2.7467612e+02
   2.6492077e+02   2.6589375e+02
   2.7945831e+02   2.6025976e+02
   2.9447765e+02   2.6292956e+02
   3.1132445e+02   2.5995985e+02
   3.2765137e+02   2.6512341e+02
   3.4283861e+02   2.7277958e+02
   3.3141825e+02   2.8841622e+02
   3.1507731e+02   2.9867063e+02
   2.9618439e+02   3.0157253e+02
   2.7797576e+02   2.9936621e+02
   2.6275633e+02   2.8952950e+02
   2.6770161e+02   2.7695325e+02
   2.8150218e+02   2.7668453e+02
   2.9523671e+02   2.7701364e+02
   3.0916043e+02   2.7518298e+02
   3.2302353e+02   2.7508994e+02
   3.0899983e+02   2.7622265e+02
   2.9508294e+02   2.7762189e+02
   2.8133328e+02   2.7765596e+02
