   2.4607472e+02   2.1358419e+02
   2.4917597e+02   2.3888151e+02
   2.5622617e+02   2.6359903e+02
   2.6397552e+02   2.8773911e+02
   2.7458377e+02   3.1104756e+02
   2.8975070e+02   3.3149915e+02
   3.0740283e+02   3.4997828e+02
   3.2822960e+02   3.6463336e+02
   3.5235377e+02   3.7178529e+02
   3.7830434e+02   3.6451467e+02
   3.9965613e+02   3.4769143e+02
   4.1737467e+02   3.2708681e+02
   4.2872434e+02   3.0240493e+02
   4.3760324e+02   2.7677387e+02
   4.4319008e+02   2.5013259e+02
   4.4528767e+02   2.2301306e+02
   4.4518722e+02   1.9602661e+02
   2.6201192e+02   1.6803003e+02
   2.7372703e+02   1.5885942e+02
   2.8870228e+02   1.5727062e+02
   3.0371212e+02   1.5915930e+02
   3.1839342e+02   1.6234616e+02
   3.5861165e+02   1.5894471e+02
   3.7400241e+02   1.5228601e+02
   3.9031656e+02   1.4839984e+02
   4.0697172e+02   1.4908219e+02
   4.1905225e+02   1.5983689e+02
   3.4219095e+02   1.8900504e+02
   3.4233471e+02   2.0765557e+02
   3.4292287e+02   2.2628227e+02
   3.4392908e+02   2.4474633e+02
   3.2697208e+02   2.5773407e+02
   3.3615549e+02   2.5900702e+02
   3.4536378e+02   2.5901493e+02
   3.5526480e+02   2.5766732e+02
   3.6448599e+02   2.5409400e+02
   2.8016317e+02   1.9858264e+02
   2.9148676e+02   1.8731290e+02
   3.0766021e+02   1.8823178e+02
   3.1890078e+02   1.9955231e+02
   3.0594747e+02   2.0484250e+02
   2.9217999e+02   2.0513922e+02
   3.6748133e+02   1.9554839e+02
   3.7728264e+02   1.8274206e+02
   3.9367666e+02   1.8211744e+02
   4.0612714e+02   1.9251865e+02
   3.9414087e+02   1.9885671e+02
   3.8059768e+02   1.9896665e+02
   3.1324396e+02   3.0063279e+02
   3.2255760e+02   2.9100737e+02
   3.3415793e+02   2.8464924e+02
   3.4692744e+02   2.8692053e+02
   3.6102619e+02   2.8355178e+02
   3.7457688e+02   2.8943070e+02
   3.8641529e+02   2.9829437e+02
   3.7594041e+02   3.0986129e+02
   3.6414471e+02   3.2024085e+02
   3.4897780e+02   3.2227931e+02
   3.3482544e+02   3.1949428e+02
   3.2330271e+02   3.1079085e+02
   3.2205751e+02   3.0119292e+02
   3.3440126e+02   2.9533619e+02
   3.4794910e+02   2.9527957e+02
   3.6308750e+02   2.9399263e+02
   3.7732191e+02   2.9913327e+02
   3.6399843e+02   3.0468029e+02
   3.4937208e+02   3.0611860e+02
   3.3513595e+02   3.0590473e+02
