   2.4589202e+02   2.1343546e+02
   2.4916084e+02   2.3903534e+02
   2.5634137e+02   2.6374287e+02
   2.6430241e+02   2.8827362e+02
   2.7609070e+02   3.1131870e+02
   2.9005325e+02   3.3283006e+02
   3.0518181e+02   3.5376119e+02
   3.2496326e+02   3.7006954e+02
   3.4891720e+02   3.7893299e+02
   3.7599323e+02   3.7278088e+02
   3.9644629e+02   3.5328129e+02
   4.1451211e+02   3.3156098e+02
   4.2565410e+02   3.0556484e+02
   4.3499301e+02   2.7875794e+02
   4.4219651e+02   2.5153801e+02
   4.4436465e+02   2.2327281e+02
   4.4529352e+02   1.9503614e+02
   2.5966335e+02   1.6571274e+02
   2.7174816e+02   1.5734165e+02
   2.8624409e+02   1.5500369e+02
   3.0064093e+02   1.5798286e+02
   3.1506791e+02   1.6090883e+02
   3.6277403e+02   1.5572629e+02
   3.7638528e+02   1.4999299e+02
   3.9068365e+02   1.4713233e+02
   4.0527317e+02   1.4870499e+02
   4.1707537e+02   1.5683272e+02
   3.3974891e+02   1.8629182e+02
   3.4048958e+02   2.0528546e+02
   3.4048413e+02   2.2418139e+02
   3.4160483e+02   2.4295251e+02
   3.2627344e+02   2.5509471e+02
   3.3520357e+02   2.5628432e+02
   3.4409772e+02   2.5605227e+02
   3.5297539e+02   2.5483050e+02
   3.6157094e+02   2.5237350e+02
   2.7866544e+02   1.9702948e+02
   2.8992200e+02   1.8551279e+02
   3.0616667e+02   1.8572551e+02
   3.1736697e+02   1.9716560e+02
   3.0496010e+02   2.0294657e+02
   2.9116821e+02   2.0260133e+02
   3.6396839e+02   1.9271574e+02
   3.7539207e+02   1.8122036e+02
   3.9180540e+02   1.8048113e+02
   4.0525733e+02   1.8955840e+02
   3.9217797e+02   1.9630213e+02
   3.7759214e+02   1.9774789e+02
   3.1393930e+02   3.0076745e+02
   3.2043447e+02   2.8891529e+02
   3.3155539e+02   2.8153486e+02
   3.4455321e+02   2.8304502e+02
   3.5868995e+02   2.8066672e+02
   3.7156999e+02   2.8771718e+02
   3.8223631e+02   2.9773237e+02
   3.7626762e+02   3.1504754e+02
   3.6566227e+02   3.2953107e+02
   3.4860162e+02   3.3173831e+02
   3.3252448e+02   3.2862420e+02
   3.2162444e+02   3.1588984e+02
   3.1716282e+02   3.0159242e+02
   3.2877869e+02   2.9094921e+02
   3.4430473e+02   2.9150979e+02
   3.6285036e+02   2.9008674e+02
   3.7942021e+02   2.9860752e+02
   3.6668976e+02   3.1255546e+02
   3.4825088e+02   3.1472798e+02
   3.3031615e+02   3.1375231e+02
