   1.6220568e+02   2.2543907e+02
   1.6481578e+02   2.4942360e+02
   1.6863253e+02   2.7331328e+02
   1.7628788e+02   2.9618716e+02
   1.8771747e+02   3.1735858e+02
   2.0429254e+02   3.3493471e+02
   2.2539111e+02   3.4652135e+02
   2.4813411e+02   3.5387493e+02
   2.7205404e+02   3.5390196e+02
   2.9706044e+02   3.4932876e+02
   3.1972334e+02   3.3883193e+02
   3.3767483e+02   3.2111116e+02
   3.5150729e+02   3.0028027e+02
   3.5936769e+02   2.7635889e+02
   3.6181892e+02   2.5111567e+02
   3.6268819e+02   2.2606761e+02
   3.6235494e+02   2.0087547e+02
   1.7488633e+02   1.8881609e+02
   1.8351670e+02   1.7313314e+02
   2.0092615e+02   1.6701779e+02
   2.1933016e+02   1.6624796e+02
   2.3527722e+02   1.7460028e+02
   2.7637339e+02   1.7419441e+02
   2.9230649e+02   1.6572101e+02
   3.0896901e+02   1.5931704e+02
   3.2664335e+02   1.5957003e+02
   3.4056314e+02   1.6998127e+02
   2.5960848e+02   1.8968860e+02
   2.6087834e+02   2.0404726e+02
   2.6148522e+02   2.1844437e+02
   2.6252494e+02   2.3279275e+02
   2.3617563e+02   2.4613102e+02
   2.4994389e+02   2.5228696e+02
   2.6487792e+02   2.5412689e+02
   2.7835585e+02   2.5128461e+02
   2.9026228e+02   2.4489631e+02
   1.9833874e+02   1.9636299e+02
   2.0792092e+02   1.8786849e+02
   2.2098159e+02   1.8786677e+02
   2.3188842e+02   1.9467604e+02
   2.2076429e+02   1.9676171e+02
   2.0949579e+02   1.9758769e+02
   2.8559803e+02   1.9172293e+02
   2.9659160e+02   1.8299559e+02
   3.1051795e+02   1.8132490e+02
   3.2167428e+02   1.8924229e+02
   3.0971495e+02   1.9147950e+02
   2.9766847e+02   1.9214155e+02
   2.2991046e+02   2.8411440e+02
   2.3689378e+02   2.7109099e+02
   2.5115472e+02   2.6624993e+02
   2.6629671e+02   2.6678901e+02
   2.8055434e+02   2.6355479e+02
   2.9420390e+02   2.6836210e+02
   3.0408895e+02   2.7908705e+02
   2.9210100e+02   2.8584609e+02
   2.8026324e+02   2.9297248e+02
   2.6697285e+02   2.9471525e+02
   2.5352733e+02   2.9563434e+02
   2.4054538e+02   2.9211717e+02
   2.3861324e+02   2.8299111e+02
   2.5214600e+02   2.7808988e+02
   2.6646017e+02   2.7855025e+02
   2.8194870e+02   2.7589173e+02
   2.9724264e+02   2.7839796e+02
   2.8179668e+02   2.7643072e+02
   2.6672886e+02   2.7908013e+02
   2.5228720e+02   2.7855386e+02
