   1.9866865e+02   1.7108494e+02
   2.0186535e+02   2.0385316e+02
   2.0548886e+02   2.3632236e+02
   2.1034715e+02   2.6882881e+02
   2.2093762e+02   2.9962991e+02
   2.3542810e+02   3.2893303e+02
   2.5615259e+02   3.5418520e+02
   2.8300562e+02   3.7297680e+02
   3.1465433e+02   3.7832649e+02
   3.4550943e+02   3.6994714e+02
   3.7140748e+02   3.5130330e+02
   3.9047558e+02   3.2593037e+02
   4.0374542e+02   2.9669025e+02
   4.1184945e+02   2.6590651e+02
   4.1956839e+02   2.3482857e+02
   4.2429132e+02   2.0322200e+02
   4.2375976e+02   1.7139442e+02
   2.2495333e+02   1.5624910e+02
   2.3611229e+02   1.4714097e+02
   2.5071324e+02   1.4567422e+02
   2.6544479e+02   1.4684595e+02
   2.7978785e+02   1.4991935e+02
   3.4083763e+02   1.5103762e+02
   3.5523797e+02   1.4643781e+02
   3.6994509e+02   1.4380090e+02
   3.8483267e+02   1.4554119e+02
   3.9688282e+02   1.5371944e+02
   3.1225702e+02   1.7610623e+02
   3.1389548e+02   1.9781061e+02
   3.1590740e+02   2.1925660e+02
   3.1764439e+02   2.4080276e+02
   2.9578080e+02   2.5955488e+02
   3.0646817e+02   2.6395241e+02
   3.1779426e+02   2.6502635e+02
   3.2702435e+02   2.6360054e+02
   3.3442759e+02   2.5803064e+02
   2.4394088e+02   1.7470883e+02
   2.5539983e+02   1.6478679e+02
   2.7062715e+02   1.6536673e+02
   2.8094549e+02   1.7623503e+02
   2.6878744e+02   1.8193687e+02
   2.5545012e+02   1.8128932e+02
   3.4187207e+02   1.7644144e+02
   3.5397818e+02   1.6686003e+02
   3.6939746e+02   1.6637727e+02
   3.7971473e+02   1.7723513e+02
   3.6754086e+02   1.8257000e+02
   3.5425932e+02   1.8151880e+02
   2.7919289e+02   2.9980320e+02
   2.9098500e+02   2.9593745e+02
   3.0276427e+02   2.9206094e+02
   3.1412788e+02   2.9570494e+02
   3.2493807e+02   2.9185825e+02
   3.3595503e+02   2.9628767e+02
   3.4688137e+02   3.0095466e+02
   3.3780787e+02   3.0999093e+02
   3.2691957e+02   3.1634353e+02
   3.1440967e+02   3.1724878e+02
   3.0064399e+02   3.1579518e+02
   2.8823895e+02   3.0996560e+02
   2.8537919e+02   3.0116304e+02
   2.9989324e+02   3.0275656e+02
   3.1426206e+02   3.0438328e+02
   3.2705717e+02   3.0288385e+02
   3.3984287e+02   3.0227526e+02
   3.2693304e+02   3.0342001e+02
   3.1426012e+02   3.0516359e+02
   2.9975599e+02   3.0335534e+02
