   2.0000514e+02   2.1308969e+02
   1.9960084e+02   2.4106676e+02
   2.0129153e+02   2.6872614e+02
   2.0603650e+02   2.9594181e+02
   2.1478910e+02   3.2232010e+02
   2.3156782e+02   3.4428644e+02
   2.5413052e+02   3.6055927e+02
   2.8017181e+02   3.6954756e+02
   3.0769325e+02   3.7144462e+02
   3.3591533e+02   3.6930565e+02
   3.6249447e+02   3.5917052e+02
   3.8660962e+02   3.4420691e+02
   4.0619894e+02   3.2404012e+02
   4.1686392e+02   2.9780208e+02
   4.2152240e+02   2.6999072e+02
   4.2354386e+02   2.4160032e+02
   4.2295867e+02   2.1342202e+02
   2.1985671e+02   1.7993456e+02
   2.3542889e+02   1.7345993e+02
   2.5246200e+02   1.7489614e+02
   2.6958132e+02   1.7642823e+02
   2.8528268e+02   1.8255850e+02
   3.2447577e+02   1.8305292e+02
   3.4053068e+02   1.7711555e+02
   3.5685232e+02   1.7218228e+02
   3.7382581e+02   1.7083276e+02
   3.8973104e+02   1.7651468e+02
   3.0709049e+02   1.9535344e+02
   3.0698341e+02   2.0999788e+02
   3.0625270e+02   2.2454896e+02
   3.0532599e+02   2.3907456e+02
   2.7886212e+02   2.4846597e+02
   2.9127662e+02   2.5681866e+02
   3.0586095e+02   2.6009070e+02
   3.2054747e+02   2.5606622e+02
   3.3269296e+02   2.4741705e+02
   2.4695995e+02   2.0309149e+02
   2.5841208e+02   1.9850955e+02
   2.7077507e+02   1.9838390e+02
   2.8191231e+02   2.0312282e+02
   2.7021713e+02   2.0474534e+02
   2.5841008e+02   2.0506949e+02
   3.3245259e+02   2.0168679e+02
   3.4228795e+02   1.9624420e+02
   3.5342320e+02   1.9523264e+02
   3.6210499e+02   2.0128980e+02
   3.5231386e+02   2.0278291e+02
   3.4233850e+02   2.0264527e+02
   2.6665421e+02   2.9506395e+02
   2.7768828e+02   2.8276599e+02
   2.9179069e+02   2.7433363e+02
   3.0757251e+02   2.7643221e+02
   3.2373629e+02   2.7334106e+02
   3.3860159e+02   2.8094231e+02
   3.4997143e+02   2.9303139e+02
   3.3734590e+02   3.0007926e+02
   3.2286677e+02   3.0204599e+02
   3.0832135e+02   3.0274310e+02
   2.9395378e+02   3.0290593e+02
   2.7981594e+02   3.0050137e+02
   2.7371230e+02   2.9247741e+02
   2.9012568e+02   2.8605940e+02
   3.0752948e+02   2.8662233e+02
   3.2624266e+02   2.8474561e+02
   3.4402385e+02   2.9057635e+02
   3.2588439e+02   2.8534997e+02
   3.0741020e+02   2.8708800e+02
   2.9005510e+02   2.8684461e+02
