   2.0013654e+02   2.1291453e+02
   1.9971864e+02   2.4087303e+02
   2.0139446e+02   2.6851508e+02
   2.0612283e+02   2.9571562e+02
   2.1485640e+02   3.2208102e+02
   2.3161286e+02   3.4404150e+02
   2.5415242e+02   3.6031522e+02
   2.8017230e+02   3.6931114e+02
   3.0767459e+02   3.7122309e+02
   3.3587975e+02   3.6909793e+02
   3.6244731e+02   3.5898280e+02
   3.8655489e+02   3.4404082e+02
   4.0614223e+02   3.2389670e+02
   4.1681370e+02   2.9768098e+02
   4.2148319e+02   2.6988903e+02
   4.2351744e+02   2.4151789e+02
   4.2294659e+02   2.1335702e+02
   2.1999449e+02   1.7978777e+02
   2.3557208e+02   1.7331844e+02
   2.5263293e+02   1.7504782e+02
   2.6976678e+02   1.7680345e+02
   2.8534785e+02   1.8347394e+02
   3.2463794e+02   1.8409613e+02
   3.4058050e+02   1.7769972e+02
   3.5681920e+02   1.7243130e+02
   3.7377964e+02   1.7092501e+02
   3.8975858e+02   1.7645695e+02
   3.0721428e+02   1.9552519e+02
   3.0704298e+02   2.0997378e+02
   3.0631534e+02   2.2435234e+02
   3.0534864e+02   2.3868980e+02
   2.7862400e+02   2.4757891e+02
   2.9112416e+02   2.5626290e+02
   3.0593638e+02   2.5981419e+02
   3.2064563e+02   2.5552703e+02
   3.3271673e+02   2.4665327e+02
   2.4691802e+02   2.0288364e+02
   2.5833110e+02   1.9863561e+02
   2.7051967e+02   1.9845994e+02
   2.8176121e+02   2.0270297e+02
   2.7013974e+02   2.0426007e+02
   2.5839550e+02   2.0452336e+02
   3.3273126e+02   2.0140395e+02
   3.4257715e+02   1.9628379e+02
   3.5353853e+02   1.9527814e+02
   3.6198419e+02   2.0128352e+02
   3.5225551e+02   2.0239459e+02
   3.4244292e+02   2.0234824e+02
   2.6696781e+02   2.9416529e+02
   2.7775187e+02   2.8161450e+02
   2.9200650e+02   2.7343681e+02
   3.0779410e+02   2.7565646e+02
   3.2383715e+02   2.7259589e+02
   3.3860142e+02   2.8008768e+02
   3.4966800e+02   2.9225374e+02
   3.3725228e+02   2.9945531e+02
   3.2287327e+02   3.0137093e+02
   3.0841797e+02   3.0201021e+02
   2.9412740e+02   3.0211440e+02
   2.8007003e+02   2.9958868e+02
   2.7397916e+02   2.9162744e+02
   2.9029745e+02   2.8523658e+02
   3.0761243e+02   2.8580624e+02
   3.2620776e+02   2.8396559e+02
   3.4389158e+02   2.8975727e+02
   3.2584924e+02   2.8457613e+02
   3.0748877e+02   2.8626292e+02
   2.9023097e+02   2.8602749e+02
