   2.0270544e+02   2.0563828e+02
   2.0322012e+02   2.3155288e+02
   2.0607018e+02   2.5726069e+02
   2.1109283e+02   2.8265457e+02
   2.1895215e+02   3.0706651e+02
   2.3447062e+02   3.2756600e+02
   2.5303733e+02   3.4552328e+02
   2.7415488e+02   3.6047492e+02
   2.9901362e+02   3.6493062e+02
   3.2810465e+02   3.6489000e+02
   3.5567540e+02   3.5570169e+02
   3.8030296e+02   3.4083044e+02
   4.0042681e+02   3.1984973e+02
   4.1411547e+02   2.9435188e+02
   4.2264014e+02   2.6653257e+02
   4.2791433e+02   2.3787302e+02
   4.3232682e+02   2.0927090e+02
   2.1619374e+02   1.6537116e+02
   2.2710667e+02   1.5134594e+02
   2.4412137e+02   1.4584297e+02
   2.6215599e+02   1.4715085e+02
   2.7958301e+02   1.5150619e+02
   3.3592174e+02   1.5198652e+02
   3.5324378e+02   1.4604490e+02
   3.7157420e+02   1.4685199e+02
   3.8931986e+02   1.5142713e+02
   4.0163896e+02   1.6442649e+02
   3.0687138e+02   1.8055532e+02
   3.0498982e+02   1.9600381e+02
   3.0289513e+02   2.1130149e+02
   3.0085223e+02   2.2664530e+02
   2.8076939e+02   2.5052769e+02
   2.9145612e+02   2.4969803e+02
   3.0211118e+02   2.4926753e+02
   3.1435604e+02   2.4998090e+02
   3.2600898e+02   2.5313154e+02
   2.3942989e+02   1.8603981e+02
   2.5233330e+02   1.7800617e+02
   2.6750964e+02   1.7861412e+02
   2.7983453e+02   1.8725308e+02
   2.6641427e+02   1.9303436e+02
   2.5179089e+02   1.9320433e+02
   3.4066249e+02   1.8844993e+02
   3.5391747e+02   1.7935379e+02
   3.6986054e+02   1.7852547e+02
   3.8326457e+02   1.8703007e+02
   3.6946726e+02   1.9216764e+02
   3.5481256e+02   1.9235736e+02
   2.5810499e+02   2.9617504e+02
   2.6989524e+02   2.8392928e+02
   2.8363978e+02   2.7431758e+02
   2.9992555e+02   2.7481354e+02
   3.1806673e+02   2.7714824e+02
   3.3293089e+02   2.9086236e+02
   3.4772772e+02   3.0436960e+02
   3.3176723e+02   3.1504005e+02
   3.1378741e+02   3.2165197e+02
   2.9490770e+02   3.2323542e+02
   2.7965430e+02   3.1897835e+02
   2.6744708e+02   3.0898744e+02
   2.7346947e+02   2.9634896e+02
   2.8591411e+02   2.9589154e+02
   2.9831673e+02   2.9575231e+02
   3.1493749e+02   2.9979037e+02
   3.3150969e+02   3.0350057e+02
   3.1401949e+02   3.0161699e+02
   2.9681973e+02   2.9901083e+02
   2.8505342e+02   2.9764305e+02
