   1.8171620e+02   1.9714524e+02
   1.8666741e+02   2.2799689e+02
   1.9313026e+02   2.5824018e+02
   1.9904596e+02   2.8886707e+02
   2.0954512e+02   3.1798621e+02
   2.2562889e+02   3.4444704e+02
   2.4923293e+02   3.6437417e+02
   2.7651798e+02   3.7890915e+02
   3.0704180e+02   3.8268646e+02
   3.3517286e+02   3.7674531e+02
   3.5908881e+02   3.6178762e+02
   3.7513504e+02   3.3819905e+02
   3.8812321e+02   3.1303724e+02
   3.9560308e+02   2.8540045e+02
   4.0231239e+02   2.5758058e+02
   4.0642450e+02   2.2937441e+02
   4.1018972e+02   2.0122817e+02
   2.0574632e+02   1.5967827e+02
   2.2433098e+02   1.5202833e+02
   2.4414783e+02   1.4956221e+02
   2.6419819e+02   1.5115511e+02
   2.8329129e+02   1.5653814e+02
   3.2286415e+02   1.5654011e+02
   3.4111185e+02   1.5157303e+02
   3.5962234e+02   1.4813319e+02
   3.7787738e+02   1.5173624e+02
   3.9365398e+02   1.6179910e+02
   3.0308094e+02   1.7923122e+02
   3.0308806e+02   1.9729575e+02
   3.0354059e+02   2.1540754e+02
   3.0430028e+02   2.3339705e+02
   2.8237665e+02   2.5473275e+02
   2.9166553e+02   2.5520321e+02
   3.0095665e+02   2.5566565e+02
   3.1083265e+02   2.5518123e+02
   3.2050398e+02   2.5613205e+02
   2.2488656e+02   1.8289304e+02
   2.3951040e+02   1.7243131e+02
   2.5781784e+02   1.7408707e+02
   2.7294337e+02   1.8411699e+02
   2.5679641e+02   1.8813869e+02
   2.4030805e+02   1.8854110e+02
   3.2751639e+02   1.8452672e+02
   3.4171143e+02   1.7269875e+02
   3.6054008e+02   1.7328372e+02
   3.7516598e+02   1.8452887e+02
   3.5957500e+02   1.9011502e+02
   3.4285457e+02   1.9023769e+02
   2.6145541e+02   3.0266354e+02
   2.7440774e+02   2.9453483e+02
   2.8676254e+02   2.8586152e+02
   3.0142556e+02   2.8497981e+02
   3.1568370e+02   2.8584919e+02
   3.2731107e+02   2.9463015e+02
   3.3864510e+02   3.0362059e+02
   3.2839325e+02   3.1228825e+02
   3.1577171e+02   3.1684080e+02
   3.0239315e+02   3.1803734e+02
   2.8787406e+02   3.1504016e+02
   2.7409100e+02   3.0991288e+02
   2.8433220e+02   2.9379746e+02
   2.9315022e+02   2.9376529e+02
   3.0143039e+02   2.9662506e+02
   3.0972012e+02   2.9469596e+02
   3.1810534e+02   2.9379153e+02
   3.0959337e+02   2.9500843e+02
   3.0143142e+02   2.9755195e+02
   2.9311803e+02   2.9428277e+02
