   1.8223846e+02   1.9682263e+02
   1.8704012e+02   2.2762281e+02
   1.9339004e+02   2.5795129e+02
   1.9911392e+02   2.8840697e+02
   2.0944089e+02   3.1764299e+02
   2.2526878e+02   3.4419056e+02
   2.4862200e+02   3.6427567e+02
   2.7581706e+02   3.7910295e+02
   3.0618890e+02   3.8262654e+02
   3.3446909e+02   3.7748654e+02
   3.5859896e+02   3.6248296e+02
   3.7522555e+02   3.3927605e+02
   3.8845455e+02   3.1404405e+02
   3.9612285e+02   2.8627542e+02
   4.0296902e+02   2.5842979e+02
   4.0721863e+02   2.3019028e+02
   4.1112504e+02   2.0188475e+02
   2.0647317e+02   1.5938725e+02
   2.2477346e+02   1.5043204e+02
   2.4495284e+02   1.4785865e+02
   2.6540026e+02   1.4894521e+02
   2.8445545e+02   1.5548242e+02
   3.2338026e+02   1.5565163e+02
   3.4193000e+02   1.5100419e+02
   3.6062374e+02   1.4733789e+02
   3.7915280e+02   1.5131307e+02
   3.9470426e+02   1.6205881e+02
   3.0390801e+02   1.7939091e+02
   3.0383833e+02   1.9748951e+02
   3.0421471e+02   2.1563734e+02
   3.0489933e+02   2.3366398e+02
   2.8270109e+02   2.5389234e+02
   2.9247560e+02   2.5420254e+02
   3.0215352e+02   2.5504458e+02
   3.1189658e+02   2.5453771e+02
   3.2142334e+02   2.5558917e+02
   2.2555076e+02   1.8272714e+02
   2.4034677e+02   1.7162726e+02
   2.5899898e+02   1.7292946e+02
   2.7369289e+02   1.8415774e+02
   2.5748276e+02   1.8739401e+02
   2.4100368e+02   1.8789899e+02
   3.2836698e+02   1.8480029e+02
   3.4308904e+02   1.7297896e+02
   3.6207259e+02   1.7294122e+02
   3.7610633e+02   1.8500506e+02
   3.6040940e+02   1.9015143e+02
   3.4381907e+02   1.9011379e+02
   2.6032103e+02   3.0220627e+02
   2.7319540e+02   2.9286563e+02
   2.8681759e+02   2.8517945e+02
   3.0229695e+02   2.8495388e+02
   3.1640635e+02   2.8492064e+02
   3.2833055e+02   2.9297576e+02
   3.3907340e+02   3.0243376e+02
   3.2850652e+02   3.1131293e+02
   3.1522265e+02   3.1539714e+02
   3.0144707e+02   3.1632734e+02
   2.8689813e+02   3.1401365e+02
   2.7304532e+02   3.0940228e+02
   2.8038294e+02   2.9407072e+02
   2.9155957e+02   2.9354452e+02
   3.0213129e+02   2.9633720e+02
   3.1170871e+02   2.9409461e+02
   3.2143183e+02   2.9437603e+02
   3.1165931e+02   2.9389764e+02
   3.0216913e+02   2.9613448e+02
   2.9141044e+02   2.9317955e+02
