   1.8161157e+02   1.9712482e+02
   1.8649844e+02   2.2764044e+02
   1.9297587e+02   2.5787989e+02
   1.9871273e+02   2.8785828e+02
   2.0904433e+02   3.1701519e+02
   2.2469200e+02   3.4338946e+02
   2.4776418e+02   3.6335993e+02
   2.7484752e+02   3.7826395e+02
   3.0487732e+02   3.8104576e+02
   3.3318420e+02   3.7685251e+02
   3.5735966e+02   3.6158918e+02
   3.7453793e+02   3.3890510e+02
   3.8779540e+02   3.1354626e+02
   3.9541171e+02   2.8562914e+02
   4.0212896e+02   2.5780695e+02
   4.0625917e+02   2.2960965e+02
   4.1005387e+02   2.0115702e+02
   2.0563009e+02   1.5965783e+02
   2.2331635e+02   1.4853833e+02
   2.4392598e+02   1.4559436e+02
   2.6489897e+02   1.4567669e+02
   2.8386413e+02   1.5374521e+02
   3.2160241e+02   1.5373764e+02
   3.4071070e+02   1.4932753e+02
   3.5980370e+02   1.4519947e+02
   3.7879416e+02   1.4982338e+02
   3.9355619e+02   1.6223779e+02
   3.0295531e+02   1.7918667e+02
   3.0296640e+02   1.9724866e+02
   3.0342285e+02   2.1535780e+02
   3.0418637e+02   2.3334462e+02
   2.8062138e+02   2.5114295e+02
   2.9187926e+02   2.5111547e+02
   3.0291742e+02   2.5172224e+02
   3.1270174e+02   2.5141406e+02
   3.2233340e+02   2.5215576e+02
   2.2477274e+02   1.8286514e+02
   2.3964403e+02   1.7067863e+02
   2.5875137e+02   1.7122950e+02
   2.7282305e+02   1.8407837e+02
   2.5666199e+02   1.8666346e+02
   2.4032137e+02   1.8711688e+02
   3.2738849e+02   1.8447606e+02
   3.4238911e+02   1.7218013e+02
   3.6163156e+02   1.7129528e+02
   3.7503139e+02   1.8446775e+02
   3.5930916e+02   1.8908467e+02
   3.4300126e+02   1.8898418e+02
   2.5779298e+02   2.9867796e+02
   2.7063469e+02   2.8698031e+02
   2.8604857e+02   2.7959403e+02
   3.0288583e+02   2.8100519e+02
   3.1750747e+02   2.7955708e+02
   3.3012479e+02   2.8757150e+02
   3.4135984e+02   2.9731907e+02
   3.3008578e+02   3.0758433e+02
   3.1539026e+02   3.1207375e+02
   3.0019758e+02   3.1306420e+02
   2.8478145e+02   3.1181938e+02
   2.7007327e+02   3.0751820e+02
   2.7327001e+02   2.9270036e+02
   2.8758063e+02   2.8866632e+02
   3.0226831e+02   2.9138496e+02
   3.1495429e+02   2.8955539e+02
   3.2714939e+02   2.9324831e+02
   3.1462490e+02   2.9202178e+02
   3.0219543e+02   2.9361507e+02
   2.8762118e+02   2.9162600e+02
