   1.7875974e+02   1.7986615e+02
   1.7977803e+02   2.1299078e+02
   1.8573301e+02   2.4537862e+02
   1.9574382e+02   2.7665972e+02
   2.0637441e+02   3.0803179e+02
   2.2233227e+02   3.3644690e+02
   2.4879403e+02   3.5616242e+02
   2.7902444e+02   3.6882370e+02
   3.1136771e+02   3.7390361e+02
   3.3997828e+02   3.6374819e+02
   3.6521008e+02   3.4749535e+02
   3.8331188e+02   3.2329601e+02
   3.9897710e+02   2.9748947e+02
   4.0675014e+02   2.6833605e+02
   4.1243782e+02   2.3879315e+02
   4.1703358e+02   2.0887094e+02
   4.1803141e+02   1.7896259e+02
   2.0687233e+02   1.5622838e+02
   2.2147483e+02   1.5098135e+02
   2.3713985e+02   1.5094334e+02
   2.5283197e+02   1.5204691e+02
   2.6786746e+02   1.5575097e+02
   3.2188100e+02   1.5394808e+02
   3.3850420e+02   1.4983984e+02
   3.5561449e+02   1.4868451e+02
   3.7257436e+02   1.4952576e+02
   3.8951750e+02   1.5179625e+02
   2.9855210e+02   1.8028990e+02
   2.9900890e+02   2.0033468e+02
   2.9856576e+02   2.2031028e+02
   2.9993864e+02   2.4000045e+02
   2.7754972e+02   2.5542570e+02
   2.8829056e+02   2.5625311e+02
   2.9902724e+02   2.5624766e+02
   3.0886924e+02   2.5535259e+02
   3.1833364e+02   2.5322116e+02
   2.2617525e+02   1.8161722e+02
   2.3872846e+02   1.7393083e+02
   2.5355156e+02   1.7362188e+02
   2.6524903e+02   1.8205208e+02
   2.5221305e+02   1.8513980e+02
   2.3883357e+02   1.8541027e+02
   3.2759135e+02   1.8160641e+02
   3.4030887e+02   1.7122296e+02
   3.5670466e+02   1.7060380e+02
   3.6973816e+02   1.8028483e+02
   3.5585027e+02   1.8387048e+02
   3.4152265e+02   1.8408968e+02
   2.6204908e+02   2.9467959e+02
   2.7358449e+02   2.8447825e+02
   2.8711878e+02   2.7744730e+02
   3.0175575e+02   2.7982575e+02
   3.1627713e+02   2.7531794e+02
   3.3080297e+02   2.8075942e+02
   3.4436897e+02   2.8807884e+02
   3.3294465e+02   2.9994926e+02
   3.1986279e+02   3.0957970e+02
   3.0459220e+02   3.1508351e+02
   2.8760300e+02   3.1416936e+02
   2.7188437e+02   3.0796721e+02
   2.7265352e+02   2.9567396e+02
   2.8661046e+02   2.8922597e+02
   3.0172379e+02   2.8857823e+02
   3.1476724e+02   2.8724565e+02
   3.2741936e+02   2.8989620e+02
   3.1659609e+02   2.9760112e+02
   3.0377449e+02   3.0013571e+02
   2.8776303e+02   3.0043118e+02
