   1.8124504e+02   1.9969420e+02
   1.8467002e+02   2.2978385e+02
   1.9055496e+02   2.5950080e+02
   1.9812797e+02   2.8876785e+02
   2.0787240e+02   3.1732750e+02
   2.2421945e+02   3.4265096e+02
   2.4412519e+02   3.6538657e+02
   2.7035149e+02   3.7993720e+02
   2.9997342e+02   3.8462511e+02
   3.2860858e+02   3.7912422e+02
   3.5395917e+02   3.6531414e+02
   3.7236281e+02   3.4314589e+02
   3.8617257e+02   3.1760694e+02
   3.9635657e+02   2.9041152e+02
   4.0191905e+02   2.6195883e+02
   4.0641969e+02   2.3336052e+02
   4.0854383e+02   2.0445840e+02
   2.0171086e+02   1.6175683e+02
   2.1849455e+02   1.5335458e+02
   2.3658250e+02   1.4831823e+02
   2.5526105e+02   1.4859336e+02
   2.7345377e+02   1.5263701e+02
   3.1981521e+02   1.5883224e+02
   3.3680112e+02   1.5262438e+02
   3.5491416e+02   1.5121454e+02
   3.7295300e+02   1.5183887e+02
   3.8814147e+02   1.6065034e+02
   2.9929227e+02   1.7809826e+02
   3.0016863e+02   1.9652781e+02
   3.0077692e+02   2.1492470e+02
   3.0091781e+02   2.3315260e+02
   2.7400127e+02   2.4826889e+02
   2.8650451e+02   2.4967306e+02
   2.9894422e+02   2.5058354e+02
   3.0956791e+02   2.5094153e+02
   3.2017715e+02   2.5112766e+02
   2.2254778e+02   1.8304351e+02
   2.3638692e+02   1.7211305e+02
   2.5417516e+02   1.7195140e+02
   2.6717378e+02   1.8349522e+02
   2.5252047e+02   1.8916357e+02
   2.3678958e+02   1.8921228e+02
   3.2430958e+02   1.8687613e+02
   3.3908883e+02   1.7542517e+02
   3.5742859e+02   1.7416561e+02
   3.7102191e+02   1.8607825e+02
   3.5621730e+02   1.9194066e+02
   3.4017987e+02   1.8990003e+02
   2.4395709e+02   2.8110688e+02
   2.6087526e+02   2.7657119e+02
   2.7843843e+02   2.7298961e+02
   2.9612201e+02   2.7445771e+02
   3.1332273e+02   2.7526477e+02
   3.2925230e+02   2.8131713e+02
   3.4496559e+02   2.8751653e+02
   3.3467279e+02   3.0647619e+02
   3.1577237e+02   3.1706119e+02
   2.9430325e+02   3.1834900e+02
   2.7256759e+02   3.1443315e+02
   2.5555026e+02   2.9999277e+02
   2.5599656e+02   2.8565432e+02
   2.7518493e+02   2.8109471e+02
   2.9504061e+02   2.8270820e+02
   3.1584863e+02   2.8351896e+02
   3.3486320e+02   2.9052070e+02
   3.1535689e+02   2.9837695e+02
   2.9457182e+02   3.0061264e+02
   2.7420182e+02   2.9576789e+02
