   1.8123101e+02   1.9934355e+02
   1.8469886e+02   2.2957368e+02
   1.9196391e+02   2.5918579e+02
   1.9933952e+02   2.8854400e+02
   2.0870110e+02   3.1744247e+02
   2.2473949e+02   3.4303364e+02
   2.4482365e+02   3.6579301e+02
   2.7127542e+02   3.8018409e+02
   3.0108029e+02   3.8453260e+02
   3.2970901e+02   3.7894198e+02
   3.5490776e+02   3.6492615e+02
   3.7319834e+02   3.4262799e+02
   3.8688174e+02   3.1717041e+02
   3.9703183e+02   2.8988352e+02
   4.0252776e+02   2.6155413e+02
   4.0702975e+02   2.3279308e+02
   4.0912028e+02   2.0396071e+02
   2.0172310e+02   1.6129383e+02
   2.1855339e+02   1.5265034e+02
   2.3676187e+02   1.4748416e+02
   2.5548277e+02   1.4762159e+02
   2.7364494e+02   1.5210016e+02
   3.1965223e+02   1.5796120e+02
   3.3690815e+02   1.5177898e+02
   3.5514410e+02   1.5000686e+02
   3.7336169e+02   1.5093093e+02
   3.8863451e+02   1.6005379e+02
   2.9956803e+02   1.7760907e+02
   3.0045957e+02   1.9608561e+02
   3.0108233e+02   2.1452960e+02
   3.0123637e+02   2.3280448e+02
   2.7547299e+02   2.4880131e+02
   2.8732779e+02   2.4904530e+02
   2.9912420e+02   2.4941408e+02
   3.0928717e+02   2.5062165e+02
   3.1949080e+02   2.5126581e+02
   2.2262876e+02   1.8262090e+02
   2.3614430e+02   1.7106735e+02
   2.5405272e+02   1.7139416e+02
   2.6737036e+02   1.8304249e+02
   2.5274294e+02   1.8892004e+02
   2.3699104e+02   1.8880907e+02
   3.2465612e+02   1.8639207e+02
   3.3930517e+02   1.7445418e+02
   3.5794580e+02   1.7325405e+02
   3.7148855e+02   1.8555938e+02
   3.5666303e+02   1.9144037e+02
   3.4059681e+02   1.8924025e+02
   2.5164837e+02   2.9048462e+02
   2.6559897e+02   2.8090364e+02
   2.8098553e+02   2.7392162e+02
   2.9714473e+02   2.7564549e+02
   3.1370954e+02   2.7592286e+02
   3.2793026e+02   2.8488259e+02
   3.4129792e+02   2.9500970e+02
   3.3173494e+02   3.1149385e+02
   3.1452313e+02   3.2015934e+02
   2.9540797e+02   3.2089971e+02
   2.7651831e+02   3.1787454e+02
   2.6091617e+02   3.0700473e+02
   2.6346126e+02   2.9292830e+02
   2.7860781e+02   2.8467509e+02
   2.9566184e+02   2.8493592e+02
   3.1362259e+02   2.8631207e+02
   3.2881912e+02   2.9570759e+02
   3.1234905e+02   3.0102303e+02
   2.9510157e+02   3.0276431e+02
   2.7865431e+02   2.9944036e+02
