   1.8578464e+02   1.9411347e+02
   1.8990131e+02   2.2445746e+02
   1.9449281e+02   2.5424715e+02
   2.0238169e+02   2.8370242e+02
   2.1161835e+02   3.1240424e+02
   2.2775278e+02   3.3797696e+02
   2.5078534e+02   3.5758414e+02
   2.7919321e+02   3.6830618e+02
   3.0910064e+02   3.6865167e+02
   3.3945948e+02   3.6483299e+02
   3.6799074e+02   3.5388766e+02
   3.9333545e+02   3.3691786e+02
   4.1210641e+02   3.1274361e+02
   4.2085967e+02   2.8350355e+02
   4.2607187e+02   2.5340906e+02
   4.2892689e+02   2.2294446e+02
   4.3005232e+02   1.9240614e+02
   2.0565507e+02   1.4979020e+02
   2.2150610e+02   1.4421177e+02
   2.3834906e+02   1.4323451e+02
   2.5518160e+02   1.4528600e+02
   2.7129522e+02   1.4961905e+02
   3.3130319e+02   1.4997705e+02
   3.4884526e+02   1.4675785e+02
   3.6628969e+02   1.4375477e+02
   3.8389359e+02   1.4511423e+02
   4.0099391e+02   1.4954872e+02
   3.0252624e+02   1.8388075e+02
   3.0208120e+02   2.0547880e+02
   3.0111063e+02   2.2723477e+02
   3.0113602e+02   2.4864575e+02
   2.7799463e+02   2.5788308e+02
   2.8964675e+02   2.6380439e+02
   3.0247265e+02   2.6620931e+02
   3.1408418e+02   2.6187840e+02
   3.2550791e+02   2.5742106e+02
   2.2505861e+02   1.8731003e+02
   2.4067322e+02   1.8074165e+02
   2.5845500e+02   1.8154735e+02
   2.7199679e+02   1.9018006e+02
   2.5599807e+02   1.9432360e+02
   2.3952387e+02   1.9418311e+02
   3.3428648e+02   1.8822928e+02
   3.4908183e+02   1.8020736e+02
   3.6698339e+02   1.7971788e+02
   3.8269093e+02   1.8633974e+02
   3.6721129e+02   1.9254441e+02
   3.5047145e+02   1.9253624e+02
   2.6443149e+02   2.9999030e+02
   2.7619087e+02   2.9156122e+02
   2.8924423e+02   2.8539406e+02
   3.0291901e+02   2.8809848e+02
   3.1779809e+02   2.8323259e+02
   3.3269716e+02   2.8969532e+02
   3.4708186e+02   2.9702892e+02
   3.3366493e+02   3.0351368e+02
   3.1992498e+02   3.0910683e+02
   3.0539006e+02   3.1173140e+02
   2.9102654e+02   3.1075492e+02
   2.7759561e+02   3.0566226e+02
   2.8129646e+02   2.9812488e+02
   2.9257673e+02   2.9509288e+02
   3.0425276e+02   2.9514840e+02
   3.1751042e+02   2.9427319e+02
   3.3051355e+02   2.9680581e+02
   3.1730655e+02   2.9561425e+02
   3.0420600e+02   2.9642713e+02
   2.9266736e+02   2.9637270e+02
