   1.8606710e+02   1.9446109e+02
   1.9018497e+02   2.2472873e+02
   1.9477118e+02   2.5444386e+02
   2.0264777e+02   2.8382384e+02
   2.1185333e+02   3.1245263e+02
   2.2792205e+02   3.3797704e+02
   2.5091572e+02   3.5751852e+02
   2.7925199e+02   3.6822962e+02
   3.0908180e+02   3.6851622e+02
   3.3922864e+02   3.6397932e+02
   3.6787086e+02   3.5326238e+02
   3.9348394e+02   3.3685447e+02
   4.1210093e+02   3.1261683e+02
   4.2073767e+02   2.8351204e+02
   4.2592438e+02   2.5358454e+02
   4.2880919e+02   2.2317021e+02
   4.2995737e+02   1.9267427e+02
   2.0496459e+02   1.5076438e+02
   2.2090985e+02   1.4318916e+02
   2.3851846e+02   1.4231198e+02
   2.5602488e+02   1.4535888e+02
   2.7253094e+02   1.5131181e+02
   3.3144297e+02   1.5016424e+02
   3.4891556e+02   1.4648374e+02
   3.6625694e+02   1.4286642e+02
   3.8390393e+02   1.4406186e+02
   4.0092843e+02   1.4897673e+02
   3.0258987e+02   1.8399707e+02
   3.0214514e+02   2.0555267e+02
   3.0116371e+02   2.2726779e+02
   3.0119987e+02   2.4863511e+02
   2.7801816e+02   2.5784984e+02
   2.8968129e+02   2.6377311e+02
   3.0252022e+02   2.6618816e+02
   3.1410559e+02   2.6182491e+02
   3.2539686e+02   2.5706071e+02
   2.2499501e+02   1.8647582e+02
   2.4051250e+02   1.7528525e+02
   2.5966555e+02   1.7669468e+02
   2.7184570e+02   1.9088231e+02
   2.5563707e+02   1.9540792e+02
   2.3888796e+02   1.9518689e+02
   3.3427123e+02   1.8837365e+02
   3.4750881e+02   1.7564093e+02
   3.6590353e+02   1.7453741e+02
   3.8083020e+02   1.8497375e+02
   3.6637827e+02   1.9256917e+02
   3.5008074e+02   1.9279562e+02
   2.6459695e+02   2.9994189e+02
   2.7631819e+02   2.9152962e+02
   2.8932748e+02   2.8536034e+02
   3.0295367e+02   2.8808914e+02
   3.1778011e+02   2.8319273e+02
   3.3263575e+02   2.8965745e+02
   3.4698553e+02   2.9697585e+02
   3.3363977e+02   3.0349892e+02
   3.1995702e+02   3.0908744e+02
   3.0547632e+02   3.1173853e+02
   2.9105757e+02   3.1112218e+02
   2.7778338e+02   3.0567270e+02
   2.8138212e+02   2.9812779e+02
   2.9262753e+02   2.9507482e+02
   3.0427699e+02   2.9512565e+02
   3.1754487e+02   2.9425926e+02
   3.3055341e+02   2.9683234e+02
   3.1734707e+02   2.9559564e+02
   3.0424792e+02   2.9641856e+02
   2.9273201e+02   2.9636009e+02
