   1.8595745e+02   1.9297740e+02
   1.9011853e+02   2.2456908e+02
   1.9501891e+02   2.5555219e+02
   2.0329244e+02   2.8621701e+02
   2.1369375e+02   3.1604546e+02
   2.3204853e+02   3.4169764e+02
   2.5544260e+02   3.6261922e+02
   2.8519933e+02   3.7264243e+02
   3.1655462e+02   3.7534846e+02
   3.4657813e+02   3.7069983e+02
   3.7301117e+02   3.5568295e+02
   3.9436099e+02   3.3398473e+02
   4.1504715e+02   3.1168047e+02
   4.2449950e+02   2.8290171e+02
   4.2901383e+02   2.5274012e+02
   4.2983528e+02   2.2222948e+02
   4.2940233e+02   1.9203860e+02
   2.1655028e+02   1.5576076e+02
   2.3237980e+02   1.5291502e+02
   2.4858232e+02   1.5303345e+02
   2.6451065e+02   1.5474339e+02
   2.8050829e+02   1.5644841e+02
   3.2669295e+02   1.5808547e+02
   3.4458127e+02   1.5574307e+02
   3.6224150e+02   1.5432688e+02
   3.8024494e+02   1.5476285e+02
   3.9772356e+02   1.5759440e+02
   3.0421406e+02   1.9300190e+02
   3.0407582e+02   2.1495922e+02
   3.0398452e+02   2.3698242e+02
   3.0378149e+02   2.5882976e+02
   2.8447102e+02   2.6865487e+02
   2.9476591e+02   2.7390375e+02
   3.0599948e+02   2.7550750e+02
   3.1794205e+02   2.7289254e+02
   3.2925709e+02   2.6841987e+02
   2.3266120e+02   1.9430900e+02
   2.4668390e+02   1.8614653e+02
   2.6291732e+02   1.8617590e+02
   2.7430686e+02   1.9678041e+02
   2.6024405e+02   2.0185131e+02
   2.4535442e+02   2.0158026e+02
   3.3730124e+02   1.9524211e+02
   3.5073867e+02   1.8414966e+02
   3.6832568e+02   1.8407233e+02
   3.8317867e+02   1.9324065e+02
   3.6874344e+02   2.0005720e+02
   3.5270290e+02   1.9960261e+02
   2.6569295e+02   3.0852740e+02
   2.7824865e+02   2.9977757e+02
   2.9232450e+02   2.9399552e+02
   3.0726409e+02   2.9512895e+02
   3.2347453e+02   2.9187060e+02
   3.3936333e+02   2.9752839e+02
   3.5439872e+02   3.0482199e+02
   3.3866638e+02   3.0920455e+02
   3.2333255e+02   3.1479901e+02
   3.0734219e+02   3.1617635e+02
   2.9321279e+02   3.1477501e+02
   2.7935372e+02   3.1183276e+02
   2.8498498e+02   3.0409449e+02
   2.9703996e+02   3.0213224e+02
   3.0908514e+02   3.0224789e+02
   3.2081485e+02   3.0087926e+02
   3.3254738e+02   3.0114800e+02
   3.2035812e+02   3.0234742e+02
   3.0820054e+02   3.0277062e+02
   2.9647374e+02   3.0306576e+02
