   2.2406236e+02   2.4029850e+02
   2.2535277e+02   2.6565373e+02
   2.2788029e+02   2.9075485e+02
   2.3241704e+02   3.1556311e+02
   2.4367684e+02   3.3809231e+02
   2.6209163e+02   3.5519004e+02
   2.8495101e+02   3.6586162e+02
   3.0819546e+02   3.7583258e+02
   3.3297596e+02   3.7794039e+02
   3.5781146e+02   3.7747549e+02
   3.8153909e+02   3.7083664e+02
   4.0326748e+02   3.5899821e+02
   4.2259609e+02   3.4373315e+02
   4.3585162e+02   3.2287160e+02
   4.4078594e+02   2.9875140e+02
   4.4250304e+02   2.7406421e+02
   4.4385892e+02   2.4945153e+02
   2.3952799e+02   1.8064222e+02
   2.5187374e+02   1.6932041e+02
   2.6960923e+02   1.6923353e+02
   2.8726959e+02   1.6927425e+02
   3.0438973e+02   1.7299913e+02
   3.6113308e+02   1.7525642e+02
   3.7805671e+02   1.7278040e+02
   3.9500672e+02   1.7216902e+02
   4.1204784e+02   1.7296947e+02
   4.2504801e+02   1.8287153e+02
   3.3054149e+02   1.9624466e+02
   3.3060330e+02   2.1420703e+02
   3.2960382e+02   2.3210083e+02
   3.2890781e+02   2.4995347e+02
   2.9888545e+02   2.6700902e+02
   3.1402862e+02   2.6944930e+02
   3.2920681e+02   2.7059858e+02
   3.4514402e+02   2.7033183e+02
   3.6052630e+02   2.6710982e+02
   2.6481970e+02   2.0865643e+02
   2.7725356e+02   1.9866849e+02
   2.9333903e+02   1.9882014e+02
   3.0577274e+02   2.0875175e+02
   2.9222152e+02   2.1272861e+02
   2.7819129e+02   2.1292439e+02
   3.5754064e+02   2.1019464e+02
   3.7184584e+02   2.0148755e+02
   3.8829109e+02   2.0134183e+02
   4.0124061e+02   2.1141099e+02
   3.8689347e+02   2.1671874e+02
   3.7183121e+02   2.1553141e+02
   2.8597184e+02   3.0434879e+02
   2.9682921e+02   2.9031783e+02
   3.1229924e+02   2.8153924e+02
   3.2965141e+02   2.8233363e+02
   3.4782342e+02   2.8235382e+02
   3.6279890e+02   2.9304126e+02
   3.7388853e+02   3.0769593e+02
   3.6119913e+02   3.1751416e+02
   3.4514781e+02   3.2124790e+02
   3.2875970e+02   3.2093215e+02
   3.1283421e+02   3.1937535e+02
   2.9762791e+02   3.1455999e+02
   2.9262065e+02   3.0405580e+02
   3.1105047e+02   2.9930274e+02
   3.2972476e+02   3.0086813e+02
   3.4831924e+02   3.0063756e+02
   3.6617001e+02   3.0525220e+02
   3.4785522e+02   3.0122052e+02
   3.2923698e+02   3.0165127e+02
   3.1072033e+02   3.0043681e+02
