   1.8081673e+02   1.9202312e+02
   1.8338167e+02   2.2225778e+02
   1.8780053e+02   2.5185041e+02
   1.9043216e+02   2.8194163e+02
   1.9879655e+02   3.1101273e+02
   2.1618498e+02   3.3503253e+02
   2.4310463e+02   3.4898264e+02
   2.7027371e+02   3.6198097e+02
   2.9938634e+02   3.6735539e+02
   3.2942317e+02   3.6305495e+02
   3.5790645e+02   3.5277914e+02
   3.8531711e+02   3.4040042e+02
   4.0230563e+02   3.1559582e+02
   4.1276408e+02   2.8715651e+02
   4.2106117e+02   2.5801755e+02
   4.2644699e+02   2.2820542e+02
   4.3014296e+02   1.9817536e+02
   2.0386137e+02   1.3582098e+02
   2.1815217e+02   1.2669034e+02
   2.3430668e+02   1.2136663e+02
   2.5115218e+02   1.2142853e+02
   2.6787815e+02   1.2420288e+02
   3.4710806e+02   1.2314840e+02
   3.6288664e+02   1.2208981e+02
   3.7854648e+02   1.2253916e+02
   3.9335094e+02   1.2776774e+02
   4.0348187e+02   1.3940753e+02
   3.0188349e+02   1.6986190e+02
   3.0058922e+02   1.8577744e+02
   2.9983235e+02   2.0176585e+02
   2.9804239e+02   2.1753507e+02
   2.7735636e+02   2.4166699e+02
   2.8676816e+02   2.4476933e+02
   2.9649279e+02   2.4632307e+02
   3.0629057e+02   2.4532961e+02
   3.1589838e+02   2.4356913e+02
   2.2644925e+02   1.7232777e+02
   2.4021725e+02   1.6355491e+02
   2.5663918e+02   1.6460202e+02
   2.6865801e+02   1.7534983e+02
   2.5437972e+02   1.8159538e+02
   2.3905607e+02   1.8099058e+02
   3.3835066e+02   1.7597903e+02
   3.5184794e+02   1.6644419e+02
   3.6818263e+02   1.6657160e+02
   3.8060800e+02   1.7701023e+02
   3.6703135e+02   1.8459230e+02
   3.5143349e+02   1.8410691e+02
   2.4355367e+02   2.9106377e+02
   2.5864606e+02   2.7633799e+02
   2.7723362e+02   2.6728989e+02
   2.9733059e+02   2.7097915e+02
   3.1986786e+02   2.7071983e+02
   3.4009560e+02   2.8171834e+02
   3.5848054e+02   2.9505446e+02
   3.3958463e+02   3.0438851e+02
   3.1917448e+02   3.0906130e+02
   2.9826867e+02   3.1076195e+02
   2.7902398e+02   3.0714670e+02
   2.6058982e+02   3.0063075e+02
   2.4892606e+02   2.8984145e+02
   2.7246565e+02   2.7807736e+02
   2.9849052e+02   2.7890066e+02
   3.2637243e+02   2.8240430e+02
   3.5134743e+02   2.9477009e+02
   3.2517023e+02   2.9957646e+02
   2.9870709e+02   3.0147635e+02
   2.7316199e+02   2.9768198e+02
