   3.1936493e+02   2.0240366e+02
   3.1998355e+02   2.2771353e+02
   3.2239815e+02   2.5267666e+02
   3.2663080e+02   2.7758820e+02
   3.3499531e+02   3.0123554e+02
   3.4821636e+02   3.2257630e+02
   3.6843402e+02   3.3753834e+02
   3.9180366e+02   3.4663765e+02
   4.1649529e+02   3.5043169e+02
   4.4086154e+02   3.4502088e+02
   4.6424940e+02   3.3677737e+02
   4.8489453e+02   3.2294169e+02
   4.9845461e+02   3.0245886e+02
   5.0425821e+02   2.7820924e+02
   5.0817217e+02   2.5367012e+02
   5.1060633e+02   2.2893814e+02
   5.1209805e+02   2.0425199e+02
   3.3527931e+02   1.7052384e+02
   3.4289337e+02   1.6129679e+02
   3.5411285e+02   1.5707551e+02
   3.6617524e+02   1.5662941e+02
   3.7816196e+02   1.5750093e+02
   4.3532123e+02   1.5686622e+02
   4.4964642e+02   1.5463921e+02
   4.6412382e+02   1.5424461e+02
   4.7732604e+02   1.5976833e+02
   4.8555151e+02   1.7126141e+02
   4.1115111e+02   1.9523430e+02
   4.1145298e+02   2.0504455e+02
   4.1170778e+02   2.1487281e+02
   4.1177986e+02   2.2465435e+02
   3.9268775e+02   2.5262203e+02
   4.0183216e+02   2.5186349e+02
   4.1093188e+02   2.5084914e+02
   4.1973922e+02   2.5218162e+02
   4.2857809e+02   2.5258708e+02
   3.5615256e+02   2.0000395e+02
   3.6499606e+02   1.9163326e+02
   3.7723386e+02   1.9205744e+02
   3.8616114e+02   2.0025611e+02
   3.7608088e+02   2.0466489e+02
   3.6520013e+02   2.0562349e+02
   4.3792600e+02   1.9843531e+02
   4.4714792e+02   1.9046434e+02
   4.5939648e+02   1.9104354e+02
   4.6764222e+02   1.9987616e+02
   4.5793779e+02   2.0492379e+02
   4.4713298e+02   2.0425233e+02
   3.6604605e+02   2.8732079e+02
   3.7931152e+02   2.7709364e+02
   3.9448567e+02   2.7047779e+02
   4.1076294e+02   2.7076970e+02
   4.2802861e+02   2.6977228e+02
   4.4390755e+02   2.7700717e+02
   4.5908886e+02   2.8535078e+02
   4.4442015e+02   2.9371301e+02
   4.2932110e+02   3.0050721e+02
   4.1287726e+02   3.0235832e+02
   3.9616544e+02   3.0102860e+02
   3.8016013e+02   2.9612274e+02
   3.7397221e+02   2.8730600e+02
   3.9195828e+02   2.7828635e+02
   4.1167646e+02   2.7693741e+02
   4.3210051e+02   2.7746022e+02
   4.5115337e+02   2.8431379e+02
   4.3188198e+02   2.8880908e+02
   4.1226483e+02   2.8940364e+02
   3.9283610e+02   2.9054225e+02
