   3.1825964e+02   2.0372549e+02
   3.1899071e+02   2.2909085e+02
   3.2161488e+02   2.5410650e+02
   3.2604705e+02   2.7902066e+02
   3.3447397e+02   3.0272520e+02
   3.4775408e+02   3.2408677e+02
   3.6813083e+02   3.3894055e+02
   3.9161158e+02   3.4795896e+02
   4.1636364e+02   3.5176634e+02
   4.4071598e+02   3.4637896e+02
   4.6390880e+02   3.3759726e+02
   4.8462015e+02   3.2374614e+02
   4.9800261e+02   3.0306982e+02
   5.0361542e+02   2.7874025e+02
   5.0741047e+02   2.5414020e+02
   5.0985566e+02   2.2935753e+02
   5.1137151e+02   2.0462549e+02
   3.3435865e+02   1.7174083e+02
   3.4191243e+02   1.6249728e+02
   3.5312911e+02   1.5835636e+02
   3.6516681e+02   1.5789628e+02
   3.7712970e+02   1.5873571e+02
   4.3436566e+02   1.5780825e+02
   4.4856032e+02   1.5543559e+02
   4.6294881e+02   1.5500482e+02
   4.7611724e+02   1.6038849e+02
   4.8437599e+02   1.7176637e+02
   4.1018273e+02   1.9627605e+02
   4.1052800e+02   2.0616974e+02
   4.1084978e+02   2.1608093e+02
   4.1098883e+02   2.2594472e+02
   3.9211887e+02   2.5390861e+02
   4.0124034e+02   2.5308242e+02
   4.1032740e+02   2.5207727e+02
   4.1903457e+02   2.5332246e+02
   4.2775449e+02   2.5372480e+02
   3.5518986e+02   2.0128009e+02
   3.6397349e+02   1.9283013e+02
   3.7624630e+02   1.9320884e+02
   3.8525269e+02   2.0134953e+02
   3.7520374e+02   2.0592312e+02
   3.6428750e+02   2.0691014e+02
   4.3712293e+02   1.9927266e+02
   4.4631556e+02   1.9134519e+02
   4.5851443e+02   1.9185046e+02
   4.6670407e+02   2.0065033e+02
   4.5706867e+02   2.0577885e+02
   4.4626945e+02   2.0512108e+02
   3.6625919e+02   2.8890015e+02
   3.7929053e+02   2.7860965e+02
   3.9421554e+02   2.7181368e+02
   4.1033241e+02   2.7212096e+02
   4.2748439e+02   2.7097149e+02
   4.4326415e+02   2.7820261e+02
   4.5832525e+02   2.8659057e+02
   4.4382172e+02   2.9510609e+02
   4.2878417e+02   3.0190887e+02
   4.1242988e+02   3.0398169e+02
   3.9589844e+02   3.0263425e+02
   3.8004505e+02   2.9781186e+02
   3.7417959e+02   2.8876363e+02
   3.9179563e+02   2.7971947e+02
   4.1118401e+02   2.7834947e+02
   4.3125458e+02   2.7874340e+02
   4.4997788e+02   2.8550873e+02
   4.3105432e+02   2.9020482e+02
   4.1177054e+02   2.9104124e+02
   3.9270460e+02   2.9202374e+02
