   3.1478170e+02   2.0744796e+02
   3.1533185e+02   2.3281617e+02
   3.1921653e+02   2.5791552e+02
   3.2462609e+02   2.8257521e+02
   3.3292496e+02   3.0648336e+02
   3.4565145e+02   3.2834341e+02
   3.6443408e+02   3.4497840e+02
   3.8772789e+02   3.5504795e+02
   4.1249591e+02   3.5901635e+02
   4.3736636e+02   3.5640590e+02
   4.5890846e+02   3.4307260e+02
   4.7838492e+02   3.2688237e+02
   4.9168373e+02   3.0534891e+02
   4.9971345e+02   2.8145299e+02
   5.0446093e+02   2.5655511e+02
   5.0801075e+02   2.3139651e+02
   5.0901874e+02   2.0616551e+02
   3.3132613e+02   1.8418673e+02
   3.4049819e+02   1.7508683e+02
   3.5356675e+02   1.7312326e+02
   3.6668689e+02   1.7416776e+02
   3.7949819e+02   1.7678257e+02
   4.2874325e+02   1.7488842e+02
   4.4278318e+02   1.7192808e+02
   4.5698213e+02   1.7040341e+02
   4.7109258e+02   1.7205284e+02
   4.8181121e+02   1.8086577e+02
   4.0875389e+02   2.0241170e+02
   4.0906034e+02   2.1357315e+02
   4.0971405e+02   2.2473919e+02
   4.1018927e+02   2.3583381e+02
   3.9288049e+02   2.6212456e+02
   4.0137170e+02   2.6094703e+02
   4.0976237e+02   2.5961316e+02
   4.1698636e+02   2.6117961e+02
   4.2425462e+02   2.6226381e+02
   3.5277625e+02   2.0732101e+02
   3.6129497e+02   1.9850350e+02
   3.7389912e+02   1.9938144e+02
   3.8348571e+02   2.0731448e+02
   3.7339162e+02   2.1239518e+02
   3.6220953e+02   2.1310150e+02
   4.3786843e+02   2.0413631e+02
   4.4700881e+02   1.9774990e+02
   4.5818884e+02   1.9826672e+02
   4.6501030e+02   2.0671331e+02
   4.5587295e+02   2.1116394e+02
   4.4565995e+02   2.1040300e+02
   3.7628121e+02   2.9594211e+02
   3.8679636e+02   2.8779740e+02
   3.9764248e+02   2.7989455e+02
   4.1011385e+02   2.8220762e+02
   4.2318376e+02   2.7969566e+02
   4.3492058e+02   2.8699277e+02
   4.4614410e+02   2.9503953e+02
   4.3479732e+02   3.0212635e+02
   4.2259295e+02   3.0728590e+02
   4.0964608e+02   3.0962626e+02
   3.9733915e+02   3.0786860e+02
   3.8569352e+02   3.0346065e+02
   3.8623325e+02   2.9459253e+02
   3.9789315e+02   2.9060379e+02
   4.1026917e+02   2.9060087e+02
   4.2274736e+02   2.8990373e+02
   4.3452074e+02   2.9332140e+02
   4.2231053e+02   2.9490107e+02
   4.1010886e+02   2.9682736e+02
   3.9802937e+02   2.9547111e+02
