   3.1749113e+02   2.0542030e+02
   3.1809167e+02   2.3104091e+02
   3.2107039e+02   2.5634685e+02
   3.2580315e+02   2.8137134e+02
   3.3394395e+02   3.0552292e+02
   3.4695492e+02   3.2731074e+02
   3.6755277e+02   3.4230353e+02
   3.9127967e+02   3.5159436e+02
   4.1620563e+02   3.5602569e+02
   4.4066966e+02   3.5144412e+02
   4.6319107e+02   3.4074751e+02
   4.8442155e+02   3.2715297e+02
   4.9755943e+02   3.0593798e+02
   5.0310150e+02   2.8142580e+02
   5.0703273e+02   2.5663406e+02
   5.1014865e+02   2.3166471e+02
   5.1229030e+02   2.0673654e+02
   3.3508804e+02   1.7387503e+02
   3.4270925e+02   1.6473908e+02
   3.5412556e+02   1.6130168e+02
   3.6614617e+02   1.6114684e+02
   3.7805184e+02   1.6223389e+02
   4.3517654e+02   1.6136125e+02
   4.4889933e+02   1.5868800e+02
   4.6293825e+02   1.5837183e+02
   4.7591390e+02   1.6327161e+02
   4.8420113e+02   1.7422807e+02
   4.1031128e+02   1.9905856e+02
   4.1060577e+02   2.0937686e+02
   4.1099327e+02   2.1970928e+02
   4.1119913e+02   2.2998596e+02
   3.9267183e+02   2.5742607e+02
   4.0168782e+02   2.5651245e+02
   4.1071124e+02   2.5572909e+02
   4.1890438e+02   2.5684028e+02
   4.2705631e+02   2.5746818e+02
   3.5513586e+02   2.0376053e+02
   3.6385905e+02   1.9516331e+02
   3.7629119e+02   1.9566609e+02
   3.8547175e+02   2.0376955e+02
   3.7543719e+02   2.0881156e+02
   3.6433350e+02   2.0965051e+02
   4.3799385e+02   2.0176751e+02
   4.4725043e+02   1.9430911e+02
   4.5918494e+02   1.9479371e+02
   4.6687425e+02   2.0363152e+02
   4.5742464e+02   2.0883024e+02
   4.4669077e+02   2.0797727e+02
   3.6970176e+02   2.9296014e+02
   3.8188218e+02   2.8283119e+02
   3.9572532e+02   2.7557876e+02
   4.1098369e+02   2.7643128e+02
   4.2747219e+02   2.7497589e+02
   4.4245968e+02   2.8255631e+02
   4.5663013e+02   2.9144739e+02
   4.4277811e+02   3.0017171e+02
   4.2799353e+02   3.0657645e+02
   4.1214598e+02   3.0918859e+02
   3.9661054e+02   3.0737132e+02
   3.8171717e+02   3.0254810e+02
   3.7772759e+02   2.9244147e+02
   3.9371618e+02   2.8399248e+02
   4.1140486e+02   2.8305649e+02
   4.2960654e+02   2.8332137e+02
   4.4645145e+02   2.8996039e+02
   4.2920919e+02   2.9485314e+02
   4.1165666e+02   2.9629109e+02
   3.9442945e+02   2.9607661e+02
