   2.3405528e+02   2.2401965e+02
   2.3914720e+02   2.4693790e+02
   2.4638456e+02   2.6900432e+02
   2.5392327e+02   2.9086558e+02
   2.6476358e+02   3.1162957e+02
   2.7939760e+02   3.2960931e+02
   2.9564951e+02   3.4634403e+02
   3.1589954e+02   3.5761873e+02
   3.3864275e+02   3.5864729e+02
   3.6110033e+02   3.5563194e+02
   3.7918065e+02   3.4100669e+02
   3.9603666e+02   3.2492931e+02
   4.0741691e+02   3.0478533e+02
   4.1666816e+02   2.8338910e+02
   4.2227777e+02   2.6078996e+02
   4.2541725e+02   2.3785683e+02
   4.2693183e+02   2.1477321e+02
   2.4860823e+02   1.8967021e+02
   2.6186124e+02   1.8474705e+02
   2.7497783e+02   1.7977092e+02
   2.8906969e+02   1.7852855e+02
   3.0304399e+02   1.7821756e+02
   3.6161009e+02   1.7233075e+02
   3.7412803e+02   1.7089760e+02
   3.8654871e+02   1.7108967e+02
   3.9896183e+02   1.7329886e+02
   4.1003366e+02   1.7873272e+02
   3.3351113e+02   2.0549385e+02
   3.3440931e+02   2.2051075e+02
   3.3515223e+02   2.3558213e+02
   3.3556565e+02   2.5051308e+02
   3.1423281e+02   2.6471114e+02
   3.2477251e+02   2.6697396e+02
   3.3541653e+02   2.6787333e+02
   3.4572146e+02   2.6719820e+02
   3.5542635e+02   2.6413332e+02
   2.7113120e+02   2.1137151e+02
   2.8068817e+02   2.0238158e+02
   2.9388308e+02   2.0202443e+02
   3.0422856e+02   2.0998920e+02
   2.9354242e+02   2.1539465e+02
   2.8169066e+02   2.1648590e+02
   3.6044138e+02   2.0792597e+02
   3.6976282e+02   1.9804203e+02
   3.8331790e+02   1.9744771e+02
   3.9471349e+02   2.0491241e+02
   3.8449340e+02   2.1185232e+02
   3.7211522e+02   2.1200759e+02
   2.9715890e+02   2.9796747e+02
   3.0876596e+02   2.8982325e+02
   3.2174400e+02   2.8448942e+02
   3.3520292e+02   2.8725978e+02
   3.4870702e+02   2.8504574e+02
   3.6159866e+02   2.8978281e+02
   3.7219915e+02   2.9856066e+02
   3.5985467e+02   3.0281663e+02
   3.4766891e+02   3.0695220e+02
   3.3482446e+02   3.0737888e+02
   3.2175054e+02   3.0705188e+02
   3.0934540e+02   3.0271994e+02
   3.0744853e+02   2.9692784e+02
   3.2131441e+02   2.9542707e+02
   3.3509908e+02   2.9624603e+02
   3.4921940e+02   2.9512660e+02
   3.6307003e+02   2.9751873e+02
   3.4901517e+02   2.9533286e+02
   3.3509911e+02   2.9645095e+02
   3.2123099e+02   2.9561993e+02
