   2.3394947e+02   2.2395512e+02
   2.3906073e+02   2.4688164e+02
   2.4631793e+02   2.6895431e+02
   2.5387649e+02   2.9082150e+02
   2.6473757e+02   3.1158843e+02
   2.7939232e+02   3.2956691e+02
   2.9566490e+02   3.4629854e+02
   3.1593371e+02   3.5756439e+02
   3.3868954e+02   3.5857693e+02
   3.6115664e+02   3.5554365e+02
   3.7923576e+02   3.4089761e+02
   3.9608887e+02   3.2479957e+02
   4.0746040e+02   3.0463679e+02
   4.1670091e+02   2.8322265e+02
   4.2229700e+02   2.6060763e+02
   4.2542142e+02   2.3766025e+02
   4.2691999e+02   2.1456347e+02
   2.4746983e+02   1.8937555e+02
   2.6066449e+02   1.8435073e+02
   2.7369672e+02   1.7914457e+02
   2.8774984e+02   1.7777727e+02
   3.0171907e+02   1.7747019e+02
   3.6142699e+02   1.7061074e+02
   3.7440373e+02   1.6970704e+02
   3.8725530e+02   1.6983524e+02
   3.9958431e+02   1.7350712e+02
   4.1116492e+02   1.7907816e+02
   3.3344377e+02   2.0534727e+02
   3.3435334e+02   2.2037135e+02
   3.3510762e+02   2.3545006e+02
   3.3553212e+02   2.5038850e+02
   3.1459262e+02   2.6445859e+02
   3.2492140e+02   2.6689610e+02
   3.3539556e+02   2.6775792e+02
   3.4568489e+02   2.6707742e+02
   3.5541253e+02   2.6417950e+02
   2.7103554e+02   2.1127340e+02
   2.8026933e+02   2.0220654e+02
   2.9329419e+02   2.0233008e+02
   3.0328946e+02   2.1056227e+02
   2.9279599e+02   2.1553765e+02
   2.8126122e+02   2.1633319e+02
   3.6082939e+02   2.0789316e+02
   3.6987159e+02   1.9800646e+02
   3.8330201e+02   1.9745804e+02
   3.9467765e+02   2.0472097e+02
   3.8466315e+02   2.1161526e+02
   3.7237383e+02   2.1189231e+02
   2.9693093e+02   2.9918679e+02
   3.0821831e+02   2.9019853e+02
   3.2143160e+02   2.8449365e+02
   3.3519595e+02   2.8715465e+02
   3.4888511e+02   2.8494850e+02
   3.6182782e+02   2.8990025e+02
   3.7204089e+02   2.9928876e+02
   3.5964338e+02   3.0278444e+02
   3.4748454e+02   3.0679113e+02
   3.3483767e+02   3.0731612e+02
   3.2177420e+02   3.0695950e+02
   3.0943841e+02   3.0267556e+02
   3.0645499e+02   2.9723353e+02
   3.2074700e+02   2.9536095e+02
   3.3504721e+02   2.9596002e+02
   3.4913810e+02   2.9501076e+02
   3.6294541e+02   2.9741237e+02
   3.4893369e+02   2.9521749e+02
   3.3504739e+02   2.9624088e+02
   3.2065370e+02   2.9554745e+02
