   2.2122346e+02   2.1732361e+02
   2.2302932e+02   2.4578575e+02
   2.3058762e+02   2.7294206e+02
   2.3848347e+02   3.0043269e+02
   2.5015706e+02   3.2620563e+02
   2.6561789e+02   3.4980207e+02
   2.8766167e+02   3.6786576e+02
   3.1208968e+02   3.8218292e+02
   3.3970045e+02   3.8620519e+02
   3.6911166e+02   3.8116621e+02
   3.9446277e+02   3.6506856e+02
   4.1629125e+02   3.4424867e+02
   4.3115218e+02   3.1813626e+02
   4.4093048e+02   2.8941840e+02
   4.4856133e+02   2.6043901e+02
   4.5166582e+02   2.3041927e+02
   4.5139716e+02   2.0041864e+02
   2.3835212e+02   1.9022905e+02
   2.5527511e+02   1.8228686e+02
   2.7393499e+02   1.8136511e+02
   2.9199028e+02   1.8624557e+02
   3.0841010e+02   1.9483240e+02
   3.4688621e+02   1.8924133e+02
   3.6327774e+02   1.7728726e+02
   3.8334203e+02   1.7326399e+02
   4.0379976e+02   1.7152421e+02
   4.2263168e+02   1.7874939e+02
   3.2863817e+02   2.0215235e+02
   3.2887334e+02   2.2546646e+02
   3.2882994e+02   2.4856251e+02
   3.2872196e+02   2.7152100e+02
   3.0266680e+02   2.8109843e+02
   3.1483254e+02   2.9102350e+02
   3.3021751e+02   2.9307084e+02
   3.4617825e+02   2.9046985e+02
   3.5902541e+02   2.8097045e+02
   2.5903980e+02   2.1284806e+02
   2.7272355e+02   2.0306684e+02
   2.8949697e+02   2.0662698e+02
   3.0244633e+02   2.1793476e+02
   2.8737268e+02   2.1934038e+02
   2.7237512e+02   2.1909242e+02
   3.6013536e+02   2.1312405e+02
   3.7167579e+02   2.0055476e+02
   3.8792684e+02   1.9653797e+02
   4.0378735e+02   2.0211673e+02
   3.9101212e+02   2.1075862e+02
   3.7560471e+02   2.1213669e+02
   2.9604757e+02   3.1978782e+02
   3.0802737e+02   3.1442465e+02
   3.2038941e+02   3.1037943e+02
   3.3321932e+02   3.1166985e+02
   3.4758527e+02   3.1015710e+02
   3.6179991e+02   3.1206988e+02
   3.7577060e+02   3.1554206e+02
   3.6414351e+02   3.2670941e+02
   3.5023352e+02   3.3489904e+02
   3.3463103e+02   3.3771949e+02
   3.1977936e+02   3.3644805e+02
   3.0645246e+02   3.3014179e+02
   3.0171266e+02   3.2099829e+02
   3.1745657e+02   3.2041756e+02
   3.3297580e+02   3.2137035e+02
   3.5086951e+02   3.1896459e+02
   3.6862741e+02   3.1758931e+02
   3.5069084e+02   3.1947162e+02
   3.3299151e+02   3.2191799e+02
   3.1729087e+02   3.2061672e+02
