   2.2156482e+02   2.1463682e+02
   2.2327252e+02   2.4354749e+02
   2.3070267e+02   2.7137037e+02
   2.3976539e+02   2.9884227e+02
   2.5109199e+02   3.2524770e+02
   2.6705791e+02   3.4932756e+02
   2.8772753e+02   3.6936289e+02
   3.1295058e+02   3.8317937e+02
   3.4107303e+02   3.8789136e+02
   3.7030826e+02   3.8238545e+02
   3.9573803e+02   3.6769193e+02
   4.1527421e+02   3.4540558e+02
   4.3025895e+02   3.2010621e+02
   4.4106603e+02   2.9255427e+02
   4.4885911e+02   2.6380069e+02
   4.5224241e+02   2.3446875e+02
   4.5271989e+02   2.0503688e+02
   2.4016678e+02   1.9203498e+02
   2.5748703e+02   1.8722147e+02
   2.7520625e+02   1.8608515e+02
   2.9253263e+02   1.9018509e+02
   3.0868782e+02   1.9755469e+02
   3.4943733e+02   1.9178353e+02
   3.6603057e+02   1.8351110e+02
   3.8409927e+02   1.7951799e+02
   4.0252599e+02   1.7752238e+02
   4.2073330e+02   1.7901736e+02
   3.3175605e+02   2.1506469e+02
   3.3103507e+02   2.3405390e+02
   3.3062113e+02   2.5303431e+02
   3.2972043e+02   2.7196472e+02
   3.0365373e+02   2.7612025e+02
   3.1586127e+02   2.8532932e+02
   3.3049110e+02   2.8964304e+02
   3.4679074e+02   2.8446596e+02
   3.6064431e+02   2.7471826e+02
   2.6429351e+02   2.1658580e+02
   2.7662834e+02   2.1112147e+02
   2.9029057e+02   2.1300444e+02
   3.0313009e+02   2.1761721e+02
   2.9008830e+02   2.1727985e+02
   2.7708884e+02   2.1757667e+02
   3.6315525e+02   2.1383837e+02
   3.7517455e+02   2.0756266e+02
   3.8867489e+02   2.0457383e+02
   4.0204689e+02   2.0638086e+02
   3.8932197e+02   2.1017633e+02
   3.7608915e+02   2.1149505e+02
   3.0441155e+02   3.1295964e+02
   3.1325914e+02   3.0756006e+02
   3.2330813e+02   3.0504483e+02
   3.3356026e+02   3.0546520e+02
   3.4636194e+02   3.0337269e+02
   3.5928602e+02   3.0492326e+02
   3.7170381e+02   3.0858903e+02
   3.6352055e+02   3.1970853e+02
   3.5031882e+02   3.2461596e+02
   3.3651791e+02   3.2710833e+02
   3.2438896e+02   3.2618465e+02
   3.1336074e+02   3.2104296e+02
   3.1016463e+02   3.1393833e+02
   3.2263592e+02   3.1364260e+02
   3.3489892e+02   3.1454578e+02
   3.4885968e+02   3.1155815e+02
   3.6293291e+02   3.0971626e+02
   3.4874693e+02   3.1189261e+02
   3.3475656e+02   3.1478604e+02
   3.2240003e+02   3.1409892e+02
