   2.2107185e+02   2.1590044e+02
   2.2311076e+02   2.4446705e+02
   2.3072871e+02   2.7196567e+02
   2.3913342e+02   2.9937856e+02
   2.5133614e+02   3.2517975e+02
   2.6701364e+02   3.4903328e+02
   2.8798553e+02   3.6833554e+02
   3.1293537e+02   3.8209303e+02
   3.4082313e+02   3.8662526e+02
   3.7019210e+02   3.8101821e+02
   3.9594130e+02   3.6642824e+02
   4.1563585e+02   3.4399847e+02
   4.3110905e+02   3.1866312e+02
   4.4095031e+02   2.9047657e+02
   4.4866014e+02   2.6161101e+02
   4.5194122e+02   2.3204023e+02
   4.5206106e+02   2.0247555e+02
   2.3873090e+02   1.9022282e+02
   2.5582503e+02   1.8380037e+02
   2.7406355e+02   1.8300820e+02
   2.9182355e+02   1.8741013e+02
   3.0814404e+02   1.9527033e+02
   3.4755693e+02   1.9034024e+02
   3.6416549e+02   1.7967131e+02
   3.8361052e+02   1.7548807e+02
   4.0346739e+02   1.7400644e+02
   4.2248097e+02   1.7889094e+02
   3.3029558e+02   2.0982572e+02
   3.2983062e+02   2.2971181e+02
   3.2947626e+02   2.4956920e+02
   3.2868273e+02   2.6924550e+02
   3.0270902e+02   2.7705196e+02
   3.1535605e+02   2.8616964e+02
   3.3037175e+02   2.9014695e+02
   3.4632527e+02   2.8551267e+02
   3.5960712e+02   2.7597521e+02
   2.6002834e+02   2.1362432e+02
   2.7362113e+02   2.0500942e+02
   2.8972300e+02   2.0808433e+02
   3.0377851e+02   2.1669398e+02
   2.8899327e+02   2.1653967e+02
   2.7426330e+02   2.1650390e+02
   3.6153413e+02   2.1236911e+02
   3.7349253e+02   2.0259967e+02
   3.8854451e+02   1.9917696e+02
   4.0317455e+02   2.0318432e+02
   3.8983867e+02   2.0847661e+02
   3.7564132e+02   2.1020358e+02
   3.0313456e+02   3.1454026e+02
   3.1258495e+02   3.0897465e+02
   3.2307540e+02   3.0584121e+02
   3.3390260e+02   3.0656401e+02
   3.4659823e+02   3.0460012e+02
   3.5942723e+02   3.0566217e+02
   3.7170381e+02   3.0916480e+02
   3.6195601e+02   3.1865469e+02
   3.4938517e+02   3.2420133e+02
   3.3589451e+02   3.2664584e+02
   3.2384178e+02   3.2569011e+02
   3.1237367e+02   3.2192860e+02
   3.0865890e+02   3.1519620e+02
   3.2171505e+02   3.1481695e+02
   3.3460603e+02   3.1516024e+02
   3.4872391e+02   3.1211891e+02
   3.6302204e+02   3.1029763e+02
   3.4866057e+02   3.1252110e+02
   3.3460500e+02   3.1553887e+02
   3.2151553e+02   3.1533136e+02
