   2.2172607e+02   2.1605863e+02
   2.2387468e+02   2.4466118e+02
   2.3143432e+02   2.7243716e+02
   2.4015057e+02   2.9976272e+02
   2.5169130e+02   3.2585277e+02
   2.6734996e+02   3.4994144e+02
   2.8790537e+02   3.6980008e+02
   3.1321500e+02   3.8319898e+02
   3.4120984e+02   3.8781909e+02
   3.7051829e+02   3.8277145e+02
   3.9613892e+02   3.6812668e+02
   4.1577279e+02   3.4599949e+02
   4.3121050e+02   3.2087284e+02
   4.4121703e+02   2.9295660e+02
   4.4904402e+02   2.6423525e+02
   4.5250981e+02   2.3485379e+02
   4.5306527e+02   2.0541790e+02
   2.3989255e+02   1.9167657e+02
   2.5712050e+02   1.8665944e+02
   2.7494463e+02   1.8606742e+02
   2.9241921e+02   1.9010435e+02
   3.0859626e+02   1.9736700e+02
   3.4875463e+02   1.9323817e+02
   3.6574179e+02   1.8367237e+02
   3.8486530e+02   1.7944277e+02
   4.0424396e+02   1.7698994e+02
   4.2297163e+02   1.8127188e+02
   3.3183288e+02   2.1478407e+02
   3.3120039e+02   2.3398124e+02
   3.3051452e+02   2.5314985e+02
   3.2965557e+02   2.7224283e+02
   3.0444457e+02   2.7761917e+02
   3.1685176e+02   2.8555013e+02
   3.3082769e+02   2.8985009e+02
   3.4653207e+02   2.8425409e+02
   3.6015311e+02   2.7512955e+02
   2.6124475e+02   2.1564111e+02
   2.7437684e+02   2.0695427e+02
   2.9026309e+02   2.0924653e+02
   3.0417863e+02   2.1730433e+02
   2.8975111e+02   2.1739350e+02
   2.7534017e+02   2.1759187e+02
   3.6324868e+02   2.1363514e+02
   3.7476697e+02   2.0386401e+02
   3.8962371e+02   2.0072688e+02
   4.0395735e+02   2.0485552e+02
   3.9079103e+02   2.0942772e+02
   3.7689914e+02   2.1108320e+02
   3.0531886e+02   3.1375854e+02
   3.1416795e+02   3.0820031e+02
   3.2428658e+02   3.0538733e+02
   3.3465766e+02   3.0623799e+02
   3.4740165e+02   3.0367418e+02
   3.6028515e+02   3.0504703e+02
   3.7261883e+02   3.0894034e+02
   3.6403984e+02   3.1979095e+02
   3.5124216e+02   3.2531238e+02
   3.3756868e+02   3.2814766e+02
   3.2522400e+02   3.2696995e+02
   3.1374471e+02   3.2246822e+02
   3.0993960e+02   3.1424020e+02
   3.2267531e+02   3.1456612e+02
   3.3518272e+02   3.1515150e+02
   3.4958467e+02   3.1181707e+02
   3.6422271e+02   3.1002723e+02
   3.4954070e+02   3.1211761e+02
   3.3517083e+02   3.1540169e+02
   3.2245470e+02   3.1501436e+02
