   2.2113206e+02   2.1751230e+02
   2.2291341e+02   2.4595803e+02
   2.3045612e+02   2.7308374e+02
   2.3827276e+02   3.0058560e+02
   2.5016456e+02   3.2627764e+02
   2.6560311e+02   3.4986012e+02
   2.8757676e+02   3.6795330e+02
   3.1194919e+02   3.8231039e+02
   3.3954521e+02   3.8641401e+02
   3.6896890e+02   3.8121310e+02
   3.9443180e+02   3.6537804e+02
   4.1602458e+02   3.4430638e+02
   4.3103152e+02   3.1827975e+02
   4.4077680e+02   2.8956673e+02
   4.4842950e+02   2.6058592e+02
   4.5155503e+02   2.3058662e+02
   4.5126731e+02   2.0061874e+02
   2.3820428e+02   1.9020515e+02
   2.5511216e+02   1.8209711e+02
   2.7383010e+02   1.8119018e+02
   2.9191893e+02   1.8613068e+02
   3.0834875e+02   1.9480344e+02
   3.4671141e+02   1.8921676e+02
   3.6305504e+02   1.7710070e+02
   3.8317305e+02   1.7308950e+02
   4.0372238e+02   1.7166230e+02
   4.2266730e+02   1.7889509e+02
   3.2851067e+02   2.0232272e+02
   3.2867155e+02   2.2537259e+02
   3.2863477e+02   2.4822860e+02
   3.2842453e+02   2.7091077e+02
   3.0220724e+02   2.8093572e+02
   3.1449455e+02   2.9103925e+02
   3.3007702e+02   2.9327500e+02
   3.4608073e+02   2.9067602e+02
   3.5889170e+02   2.8110979e+02
   2.5878901e+02   2.1277228e+02
   2.7263229e+02   2.0304427e+02
   2.8946665e+02   2.0679769e+02
   3.0263270e+02   2.1807185e+02
   2.8744068e+02   2.1919954e+02
   2.7233189e+02   2.1888852e+02
   3.5991161e+02   2.1324270e+02
   3.7161799e+02   2.0091043e+02
   3.8782454e+02   1.9691169e+02
   4.0363503e+02   2.0237370e+02
   3.9071438e+02   2.1078139e+02
   3.7535648e+02   2.1221821e+02
   2.9634987e+02   3.1979159e+02
   3.0816425e+02   3.1440917e+02
   3.2038413e+02   3.1040116e+02
   3.3307361e+02   3.1161695e+02
   3.4720039e+02   3.1020959e+02
   3.6120698e+02   3.1193553e+02
   3.7492262e+02   3.1533287e+02
   3.6319159e+02   3.2587159e+02
   3.4953541e+02   3.3372166e+02
   3.3427050e+02   3.3637680e+02
   3.1986819e+02   3.3517738e+02
   3.0678325e+02   3.2942584e+02
   3.0219153e+02   3.2096160e+02
   3.1767358e+02   3.2026217e+02
   3.3295427e+02   3.2107316e+02
   3.5028673e+02   3.1867275e+02
   3.6751347e+02   3.1725622e+02
   3.5012063e+02   3.1919206e+02
   3.3297613e+02   3.2163403e+02
   3.1750935e+02   3.2052071e+02
