   2.0373946e+02   2.0354660e+02
   2.0619386e+02   2.4055881e+02
   2.1150571e+02   2.7705661e+02
   2.1955288e+02   3.1294859e+02
   2.3163242e+02   3.4752600e+02
   2.4656891e+02   3.8112125e+02
   2.7193778e+02   4.0798150e+02
   3.0068811e+02   4.3085745e+02
   3.3531854e+02   4.4154855e+02
   3.6966874e+02   4.2940322e+02
   3.9644676e+02   4.0498450e+02
   4.1629958e+02   3.7443722e+02
   4.2786360e+02   3.3978575e+02
   4.3637657e+02   3.0407069e+02
   4.4480804e+02   2.6862696e+02
   4.4773625e+02   2.3228492e+02
   4.4626773e+02   1.9588496e+02
   2.2611416e+02   1.6781540e+02
   2.3736640e+02   1.5286491e+02
   2.5615831e+02   1.4848275e+02
   2.7562730e+02   1.4928158e+02
   2.9402922e+02   1.5493158e+02
   3.5083887e+02   1.5649592e+02
   3.7093393e+02   1.5000980e+02
   3.9210644e+02   1.4924958e+02
   4.1278009e+02   1.5363422e+02
   4.2614726e+02   1.6855824e+02
   3.2660973e+02   1.9337281e+02
   3.2910037e+02   2.1537361e+02
   3.3010995e+02   2.3731727e+02
   3.3159244e+02   2.5926221e+02
   3.1351895e+02   2.7565218e+02
   3.2254357e+02   2.7751459e+02
   3.3164595e+02   2.7790631e+02
   3.4212024e+02   2.7648430e+02
   3.5252356e+02   2.7525754e+02
   2.5023829e+02   1.9825616e+02
   2.6415274e+02   1.8671664e+02
   2.8237926e+02   1.8720181e+02
   2.9698377e+02   1.9801267e+02
   2.8189942e+02   2.0557255e+02
   2.6501757e+02   2.0599066e+02
   3.5591596e+02   1.9912950e+02
   3.6933548e+02   1.8600847e+02
   3.8806767e+02   1.8416441e+02
   4.0354780e+02   1.9441094e+02
   3.8921342e+02   2.0286333e+02
   3.7237955e+02   2.0261305e+02
   2.9594589e+02   3.4376366e+02
   2.9776794e+02   3.2106981e+02
   3.1142101e+02   3.0297497e+02
   3.3338489e+02   3.0187332e+02
   3.5606007e+02   3.0207275e+02
   3.7275815e+02   3.1777883e+02
   3.7470847e+02   3.4020152e+02
   3.7064310e+02   3.6362319e+02
   3.5694611e+02   3.8273353e+02
   3.3523078e+02   3.9083146e+02
   3.1597280e+02   3.8016968e+02
   3.0080451e+02   3.6460736e+02
   3.0463666e+02   3.4303497e+02
   3.1264298e+02   3.2067831e+02
   3.3495761e+02   3.1283955e+02
   3.5593723e+02   3.2228296e+02
   3.6937656e+02   3.4057798e+02
   3.5620588e+02   3.5927519e+02
   3.3571798e+02   3.6926825e+02
   3.1672301e+02   3.5987254e+02
