   2.0431903e+02   2.0436992e+02
   2.0667015e+02   2.4143435e+02
   2.1188516e+02   2.7800324e+02
   2.1986802e+02   3.1394965e+02
   2.3196213e+02   3.4856830e+02
   2.4649547e+02   3.8237569e+02
   2.7181812e+02   4.0940530e+02
   3.0060575e+02   4.3228648e+02
   3.3535274e+02   4.4233548e+02
   3.6933216e+02   4.2938823e+02
   3.9575030e+02   4.0486453e+02
   4.1571700e+02   3.7463244e+02
   4.2816016e+02   3.4053334e+02
   4.3658583e+02   3.0499999e+02
   4.4501506e+02   2.6979438e+02
   4.4800522e+02   2.3367640e+02
   4.4664661e+02   1.9746239e+02
   2.2648572e+02   1.6780677e+02
   2.3772714e+02   1.5266748e+02
   2.5663403e+02   1.4815169e+02
   2.7625525e+02   1.4899774e+02
   2.9477322e+02   1.5472870e+02
   3.5100539e+02   1.5688116e+02
   3.7122487e+02   1.5027011e+02
   3.9257360e+02   1.4966721e+02
   4.1339580e+02   1.5421983e+02
   4.2670127e+02   1.6938909e+02
   3.2675134e+02   1.9353029e+02
   3.2945276e+02   2.1550348e+02
   3.3042330e+02   2.3745466e+02
   3.3205186e+02   2.5938493e+02
   3.1332434e+02   2.7613332e+02
   3.2239763e+02   2.7808160e+02
   3.3157509e+02   2.7852083e+02
   3.4247930e+02   2.7694027e+02
   3.5329095e+02   2.7551444e+02
   2.5067037e+02   1.9885306e+02
   2.6462754e+02   1.8740057e+02
   2.8282510e+02   1.8793309e+02
   2.9739675e+02   1.9875491e+02
   2.8231943e+02   2.0638735e+02
   2.6540523e+02   2.0673774e+02
   3.5630396e+02   2.0009784e+02
   3.6976483e+02   1.8690305e+02
   3.8857052e+02   1.8508676e+02
   4.0402919e+02   1.9551638e+02
   3.8967471e+02   2.0396783e+02
   3.7280094e+02   2.0361112e+02
   2.9542367e+02   3.4407321e+02
   2.9797425e+02   3.2163087e+02
   3.1166509e+02   3.0381807e+02
   3.3358688e+02   3.0274545e+02
   3.5638444e+02   3.0282663e+02
   3.7333835e+02   3.1831843e+02
   3.7514890e+02   3.4064219e+02
   3.7090297e+02   3.6344376e+02
   3.5671366e+02   3.8148401e+02
   3.3501129e+02   3.8896527e+02
   3.1595225e+02   3.7866090e+02
   3.0043943e+02   3.6420987e+02
   3.0450905e+02   3.4327363e+02
   3.1315442e+02   3.2213759e+02
   3.3532637e+02   3.1388954e+02
   3.5588024e+02   3.2337707e+02
   3.6945545e+02   3.4035949e+02
   3.5609238e+02   3.5774369e+02
   3.3589475e+02   3.6756929e+02
   3.1703108e+02   3.5847920e+02
