   2.0395050e+02   2.0398457e+02
   2.0636892e+02   2.4097682e+02
   2.1164459e+02   2.7746253e+02
   2.1965059e+02   3.1334075e+02
   2.3175675e+02   3.4788711e+02
   2.4657086e+02   3.8151114e+02
   2.7189369e+02   4.0839924e+02
   3.0068085e+02   4.3117388e+02
   3.3533247e+02   4.4158984e+02
   3.6954842e+02   4.2929946e+02
   3.9619363e+02   4.0487322e+02
   4.1609228e+02   3.7447121e+02
   4.2795898e+02   3.4004303e+02
   4.3649245e+02   3.0443961e+02
   4.4490283e+02   2.6909935e+02
   4.4784043e+02   2.3285893e+02
   4.4640542e+02   1.9655543e+02
   2.2633150e+02   1.6822164e+02
   2.3760888e+02   1.5330513e+02
   2.5639458e+02   1.4894112e+02
   2.7586126e+02   1.4975901e+02
   2.9424919e+02   1.5542282e+02
   3.5102334e+02   1.5705927e+02
   3.7111169e+02   1.5058786e+02
   3.9227368e+02   1.4984589e+02
   4.1293847e+02   1.5424269e+02
   4.2631384e+02   1.6913711e+02
   3.2669242e+02   1.9364844e+02
   3.2924013e+02   2.1566004e+02
   3.3023574e+02   2.3762686e+02
   3.3175463e+02   2.5958630e+02
   3.1343018e+02   2.7600788e+02
   3.2248961e+02   2.7790175e+02
   3.3163576e+02   2.7831665e+02
   3.4224852e+02   2.7684865e+02
   3.5277989e+02   2.7554675e+02
   2.5041828e+02   1.9870040e+02
   2.6434263e+02   1.8719062e+02
   2.8255644e+02   1.8769278e+02
   2.9714471e+02   1.9850539e+02
   2.8206103e+02   2.0604560e+02
   2.6518478e+02   2.0644365e+02
   3.5606930e+02   1.9965983e+02
   3.6950653e+02   1.8656410e+02
   3.8823729e+02   1.8474584e+02
   4.0370082e+02   1.9501476e+02
   3.8935664e+02   2.0344556e+02
   3.7252354e+02   2.0317808e+02
   2.9575454e+02   3.4379105e+02
   2.9788593e+02   3.2126925e+02
   3.1159721e+02   3.0342104e+02
   3.3347842e+02   3.0241897e+02
   3.5610384e+02   3.0251694e+02
   3.7286943e+02   3.1802765e+02
   3.7493804e+02   3.4027331e+02
   3.7069184e+02   3.6332677e+02
   3.5682865e+02   3.8193443e+02
   3.3519972e+02   3.8976864e+02
   3.1604110e+02   3.7935546e+02
   3.0077121e+02   3.6427128e+02
   3.0464002e+02   3.4300082e+02
   3.1291443e+02   3.2125499e+02
   3.3507652e+02   3.1342770e+02
   3.5585202e+02   3.2272898e+02
   3.6934253e+02   3.4042306e+02
   3.5609402e+02   3.5851087e+02
   3.3576799e+02   3.6832065e+02
   3.1687481e+02   3.5914150e+02
