   1.9836710e+02   2.1691930e+02
   2.0097112e+02   2.4460231e+02
   2.0512521e+02   2.7167461e+02
   2.1085129e+02   2.9863255e+02
   2.2298566e+02   3.2342762e+02
   2.3675320e+02   3.4719254e+02
   2.5829487e+02   3.6410120e+02
   2.8452160e+02   3.7283665e+02
   3.1161784e+02   3.7657804e+02
   3.3809228e+02   3.7253732e+02
   3.6216432e+02   3.6186370e+02
   3.8315546e+02   3.4561538e+02
   3.9808713e+02   3.2353689e+02
   4.0557684e+02   2.9816239e+02
   4.1198955e+02   2.7216022e+02
   4.1834639e+02   2.4632778e+02
   4.2319982e+02   2.2032524e+02
   2.1422839e+02   1.7298899e+02
   2.2892296e+02   1.5902217e+02
   2.4842196e+02   1.5410852e+02
   2.6815787e+02   1.5911838e+02
   2.8325793e+02   1.7230724e+02
   3.3408576e+02   1.7025042e+02
   3.5063497e+02   1.6039917e+02
   3.6899858e+02   1.5519320e+02
   3.8789819e+02   1.5862322e+02
   4.0242836e+02   1.7059891e+02
   3.1004445e+02   1.8638986e+02
   3.1036175e+02   2.0624512e+02
   3.1064128e+02   2.2582926e+02
   3.1054427e+02   2.4538833e+02
   2.8311969e+02   2.6395327e+02
   2.9693242e+02   2.6749160e+02
   3.1090153e+02   2.6847952e+02
   3.2564162e+02   2.6709418e+02
   3.3975372e+02   2.6357041e+02
   2.3828847e+02   1.9512178e+02
   2.5183329e+02   1.8344058e+02
   2.6990345e+02   1.8614258e+02
   2.8153874e+02   1.9978153e+02
   2.6651312e+02   2.0193218e+02
   2.5130000e+02   2.0214198e+02
   3.3614426e+02   1.9841186e+02
   3.4764623e+02   1.8474466e+02
   3.6549176e+02   1.8258829e+02
   3.7942579e+02   1.9321486e+02
   3.6627821e+02   2.0006312e+02
   3.5109658e+02   1.9951632e+02
   2.5748747e+02   3.0790215e+02
   2.7299486e+02   2.9545828e+02
   2.9176053e+02   2.8876143e+02
   3.1137215e+02   2.8979117e+02
   3.3218379e+02   2.8868125e+02
   3.5178785e+02   2.9604898e+02
   3.6970370e+02   3.0695944e+02
   3.5082909e+02   3.1596980e+02
   3.3230174e+02   3.2488246e+02
   3.1191034e+02   3.2686977e+02
   2.9237647e+02   3.2479479e+02
   2.7377867e+02   3.1855378e+02
   2.7101751e+02   3.0694953e+02
   2.9040566e+02   2.9742935e+02
   3.1164832e+02   2.9729972e+02
   3.3487121e+02   2.9778737e+02
   3.5672221e+02   3.0492839e+02
   3.3461370e+02   3.1048245e+02
   3.1207576e+02   3.1298725e+02
   2.9125569e+02   3.1115759e+02
