   1.9760053e+02   2.1761527e+02
   2.0015491e+02   2.4463632e+02
   2.0427371e+02   2.7161631e+02
   2.1160347e+02   2.9760719e+02
   2.2296651e+02   3.2207049e+02
   2.3932195e+02   3.4351855e+02
   2.6020118e+02   3.6084074e+02
   2.8453115e+02   3.7276631e+02
   3.1095267e+02   3.7629738e+02
   3.3686849e+02   3.7218670e+02
   3.5937552e+02   3.5894143e+02
   3.7898031e+02   3.4150925e+02
   3.9488508e+02   3.2055697e+02
   4.0635849e+02   2.9691611e+02
   4.1301381e+02   2.7133772e+02
   4.1924873e+02   2.4589266e+02
   4.2346665e+02   2.2000918e+02
   2.1350142e+02   1.7338645e+02
   2.2774701e+02   1.5880374e+02
   2.4767976e+02   1.5433810e+02
   2.6756287e+02   1.5925838e+02
   2.8296486e+02   1.7260563e+02
   3.3411005e+02   1.7046606e+02
   3.5074998e+02   1.6053004e+02
   3.6922212e+02   1.5526605e+02
   3.8824549e+02   1.5869173e+02
   4.0288364e+02   1.7072292e+02
   3.0993945e+02   1.8674018e+02
   3.1029690e+02   2.0735058e+02
   3.1060348e+02   2.2761172e+02
   3.1066065e+02   2.4798271e+02
   2.8564564e+02   2.6464522e+02
   2.9754078e+02   2.6848459e+02
   3.0998182e+02   2.6896489e+02
   3.2239775e+02   2.6782957e+02
   3.3418170e+02   2.6410033e+02
   2.3623559e+02   1.9509206e+02
   2.5115948e+02   1.8512624e+02
   2.6926014e+02   1.8714344e+02
   2.8127257e+02   2.0025535e+02
   2.6569125e+02   2.0159995e+02
   2.5011136e+02   2.0144267e+02
   3.3622018e+02   1.9880207e+02
   3.4765258e+02   1.8511139e+02
   3.6555065e+02   1.8279782e+02
   3.8049885e+02   1.9245194e+02
   3.6681648e+02   1.9875737e+02
   3.5143189e+02   1.9812170e+02
   2.6406533e+02   3.0611024e+02
   2.7876178e+02   2.9704053e+02
   2.9388246e+02   2.8902315e+02
   3.1038542e+02   2.9150236e+02
   3.2711222e+02   2.8867539e+02
   3.4271659e+02   2.9587308e+02
   3.5724150e+02   3.0493616e+02
   3.4207491e+02   3.1166360e+02
   3.2697940e+02   3.1883795e+02
   3.1066900e+02   3.1968278e+02
   2.9426397e+02   3.1915509e+02
   2.7921167e+02   3.1226244e+02
   2.7556088e+02   3.0485288e+02
   2.9292677e+02   2.9998413e+02
   3.1061185e+02   3.0169908e+02
   3.3055468e+02   2.9904140e+02
   3.4964017e+02   3.0423855e+02
   3.3033608e+02   3.0212554e+02
   3.1083790e+02   3.0529646e+02
   2.9300830e+02   3.0272287e+02
