   1.9851323e+02   2.1683026e+02
   2.0106343e+02   2.4394023e+02
   2.0516199e+02   2.7077723e+02
   2.1178615e+02   2.9698230e+02
   2.2337488e+02   3.2142306e+02
   2.3859069e+02   3.4365057e+02
   2.5856624e+02   3.6174709e+02
   2.8398904e+02   3.7128776e+02
   3.1052195e+02   3.7554428e+02
   3.3669164e+02   3.7166759e+02
   3.5994498e+02   3.5993637e+02
   3.7945142e+02   3.4249870e+02
   3.9506562e+02   3.2122386e+02
   4.0500092e+02   2.9709742e+02
   4.1161683e+02   2.7140900e+02
   4.1786778e+02   2.4597045e+02
   4.2272477e+02   2.2018711e+02
   2.1430233e+02   1.7302189e+02
   2.2863708e+02   1.5878990e+02
   2.4826274e+02   1.5417735e+02
   2.6795200e+02   1.5910569e+02
   2.8312574e+02   1.7230305e+02
   3.3380091e+02   1.7022355e+02
   3.5029521e+02   1.6039228e+02
   3.6860114e+02   1.5519141e+02
   3.8744636e+02   1.5860049e+02
   4.0194001e+02   1.7053226e+02
   3.0984040e+02   1.8632851e+02
   3.1016689e+02   2.0604752e+02
   3.1045706e+02   2.2550557e+02
   3.1035605e+02   2.4492240e+02
   2.8462612e+02   2.6356500e+02
   2.9721668e+02   2.6726228e+02
   3.1019178e+02   2.6794965e+02
   3.2346525e+02   2.6672677e+02
   3.3611266e+02   2.6311139e+02
   2.3741479e+02   1.9476238e+02
   2.5144227e+02   1.8335229e+02
   2.6960725e+02   1.8590671e+02
   2.8142725e+02   1.9969643e+02
   2.6617357e+02   2.0135486e+02
   2.5084580e+02   2.0134369e+02
   3.3586924e+02   1.9829988e+02
   3.4722582e+02   1.8471682e+02
   3.6501416e+02   1.8248304e+02
   3.7944860e+02   1.9246834e+02
   3.6632523e+02   1.9967529e+02
   3.5107568e+02   1.9865710e+02
   2.6083130e+02   3.0643234e+02
   2.7566121e+02   2.9544291e+02
   2.9220864e+02   2.8748057e+02
   3.1029608e+02   2.8833326e+02
   3.2962613e+02   2.8714392e+02
   3.4770055e+02   2.9410699e+02
   3.6354186e+02   3.0517612e+02
   3.4717326e+02   3.1598903e+02
   3.3041831e+02   3.2568106e+02
   3.1143262e+02   3.2839634e+02
   2.9290394e+02   3.2577888e+02
   2.7617532e+02   3.1722391e+02
   2.7415839e+02   3.0507090e+02
   2.9178488e+02   2.9676183e+02
   3.1098645e+02   2.9646358e+02
   3.3201598e+02   2.9637288e+02
   3.5153286e+02   3.0346741e+02
   3.3167913e+02   3.0928832e+02
   3.1161497e+02   3.1257612e+02
   2.9263590e+02   3.0971164e+02
