   1.6279977e+02   2.2644765e+02
   1.6799787e+02   2.5967539e+02
   1.7461034e+02   2.9268389e+02
   1.8294329e+02   3.2505206e+02
   1.9566956e+02   3.5616786e+02
   2.1739334e+02   3.8146104e+02
   2.4266603e+02   4.0359593e+02
   2.7111955e+02   4.2116327e+02
   3.0402513e+02   4.2367464e+02
   3.3502710e+02   4.2028717e+02
   3.6107841e+02   4.0245154e+02
   3.8018666e+02   3.7739119e+02
   3.9693845e+02   3.5057004e+02
   4.0835424e+02   3.2107720e+02
   4.1566036e+02   2.9047829e+02
   4.2375310e+02   2.5992478e+02
   4.2597947e+02   2.2876267e+02
   1.9312885e+02   1.9261503e+02
   2.0567052e+02   1.7730482e+02
   2.2284789e+02   1.6800078e+02
   2.4246560e+02   1.6574442e+02
   2.6198587e+02   1.6833349e+02
   3.4378446e+02   1.7416925e+02
   3.6287972e+02   1.7014125e+02
   3.8225409e+02   1.7058224e+02
   3.9746873e+02   1.8199669e+02
   4.0435986e+02   1.9980490e+02
   3.0567606e+02   2.1507854e+02
   3.0570297e+02   2.3547172e+02
   3.0579650e+02   2.5569652e+02
   3.0472644e+02   2.7596361e+02
   2.8100197e+02   2.9436231e+02
   2.9226824e+02   2.9476811e+02
   3.0333085e+02   2.9574468e+02
   3.1335967e+02   2.9513304e+02
   3.2318167e+02   2.9461749e+02
   2.2368067e+02   2.1954120e+02
   2.3728308e+02   2.0665073e+02
   2.5622822e+02   2.0774532e+02
   2.6904740e+02   2.2125334e+02
   2.5387960e+02   2.2628937e+02
   2.3810294e+02   2.2597135e+02
   3.3114059e+02   2.2339600e+02
   3.4563029e+02   2.1191899e+02
   3.6419864e+02   2.1218321e+02
   3.7754697e+02   2.2463681e+02
   3.6246277e+02   2.3084892e+02
   3.4615230e+02   2.2981059e+02
   2.5455974e+02   3.4535017e+02
   2.6776099e+02   3.3854726e+02
   2.8204239e+02   3.3525961e+02
   2.9681953e+02   3.3610795e+02
   3.1133738e+02   3.3434644e+02
   3.2535818e+02   3.3811319e+02
   3.3790289e+02   3.4531663e+02
   3.2656303e+02   3.5748046e+02
   3.1169238e+02   3.6487407e+02
   2.9535320e+02   3.6807629e+02
   2.7936942e+02   3.6540404e+02
   2.6544128e+02   3.5712291e+02
   2.6823252e+02   3.4143219e+02
   2.8226088e+02   3.3832702e+02
   2.9656428e+02   3.3811568e+02
   3.1273848e+02   3.3775128e+02
   3.2806169e+02   3.4235811e+02
   3.1267330e+02   3.3814356e+02
   2.9698632e+02   3.3895814e+02
   2.8236856e+02   3.3838677e+02
