   2.4797865e+02   2.0060062e+02
   2.5080398e+02   2.2770588e+02
   2.5536265e+02   2.5444287e+02
   2.6270691e+02   2.8054707e+02
   2.7424981e+02   3.0506726e+02
   2.9068842e+02   3.2654410e+02
   3.1100161e+02   3.4430786e+02
   3.3362436e+02   3.5918240e+02
   3.5979721e+02   3.6381123e+02
   3.8382098e+02   3.5666351e+02
   4.0398865e+02   3.4178252e+02
   4.2073615e+02   3.2300035e+02
   4.3384821e+02   3.0170259e+02
   4.4027460e+02   2.7752985e+02
   4.4483668e+02   2.5277018e+02
   4.4734286e+02   2.2771758e+02
   4.4879526e+02   2.0281830e+02
   2.7131240e+02   1.7337557e+02
   2.8529138e+02   1.6848038e+02
   3.0012585e+02   1.6956746e+02
   3.1474893e+02   1.7293858e+02
   3.2934710e+02   1.7524802e+02
   3.6642917e+02   1.7174727e+02
   3.8111888e+02   1.6685175e+02
   3.9599155e+02   1.6280930e+02
   4.1126860e+02   1.6039003e+02
   4.2597769e+02   1.6364611e+02
   3.5112229e+02   1.8498709e+02
   3.5105092e+02   2.0564670e+02
   3.5208922e+02   2.2614982e+02
   3.5247478e+02   2.4665423e+02
   3.3443883e+02   2.5654371e+02
   3.4429742e+02   2.5847858e+02
   3.5419723e+02   2.5885859e+02
   3.6261049e+02   2.5754553e+02
   3.7056019e+02   2.5476332e+02
   2.9112949e+02   1.9878817e+02
   3.0228332e+02   1.9134067e+02
   3.1569028e+02   1.9156420e+02
   3.2487166e+02   2.0089424e+02
   3.1339245e+02   2.0414484e+02
   3.0166373e+02   2.0391574e+02
   3.7537501e+02   1.9698622e+02
   3.8487232e+02   1.8666044e+02
   3.9920181e+02   1.8625714e+02
   4.1111031e+02   1.9404793e+02
   4.0017519e+02   2.0008760e+02
   3.8756335e+02   2.0004508e+02
   3.1798595e+02   2.9621589e+02
   3.3011831e+02   2.9063998e+02
   3.4251774e+02   2.8608250e+02
   3.5528508e+02   2.8828902e+02
   3.6824439e+02   2.8583223e+02
   3.8115007e+02   2.8843070e+02
   3.9353570e+02   2.9312802e+02
   3.8253369e+02   3.0128186e+02
   3.7071784e+02   3.0803616e+02
   3.5753978e+02   3.1071489e+02
   3.4321921e+02   3.0943245e+02
   3.2992323e+02   3.0410966e+02
   3.3330776e+02   2.9606994e+02
   3.4418219e+02   2.9571153e+02
   3.5503912e+02   2.9648667e+02
   3.6638519e+02   2.9541536e+02
   3.7750068e+02   2.9435013e+02
   3.6636280e+02   2.9625035e+02
   3.5528132e+02   2.9720258e+02
   3.4424555e+02   2.9656830e+02
