   2.4815910e+02   2.0062276e+02
   2.5093594e+02   2.2762649e+02
   2.5548199e+02   2.5430566e+02
   2.6279789e+02   2.8033532e+02
   2.7428269e+02   3.0477872e+02
   2.9065755e+02   3.2622778e+02
   3.1088821e+02   3.4396197e+02
   3.3343826e+02   3.5885091e+02
   3.5947776e+02   3.6378935e+02
   3.8352498e+02   3.5660384e+02
   4.0375430e+02   3.4178769e+02
   4.2057605e+02   3.2299249e+02
   4.3373248e+02   3.0173966e+02
   4.4021668e+02   2.7752318e+02
   4.4479880e+02   2.5271800e+02
   4.4731514e+02   2.2768752e+02
   4.4877817e+02   2.0273916e+02
   2.7184311e+02   1.7360062e+02
   2.8565657e+02   1.6885734e+02
   3.0025042e+02   1.6987401e+02
   3.1463393e+02   1.7331520e+02
   3.2898992e+02   1.7577988e+02
   3.6614974e+02   1.7209740e+02
   3.8084601e+02   1.6717154e+02
   3.9575597e+02   1.6316857e+02
   4.1107804e+02   1.6080277e+02
   4.2593730e+02   1.6368125e+02
   3.5092166e+02   1.8510053e+02
   3.5098148e+02   2.0578918e+02
   3.5214082e+02   2.2633925e+02
   3.5235677e+02   2.4688456e+02
   3.3441786e+02   2.5594033e+02
   3.4451140e+02   2.5775868e+02
   3.5462151e+02   2.5817345e+02
   3.6294248e+02   2.5688090e+02
   3.7085952e+02   2.5433586e+02
   2.9115091e+02   1.9879313e+02
   3.0239261e+02   1.9137954e+02
   3.1584075e+02   1.9158483e+02
   3.2498754e+02   2.0100201e+02
   3.1344367e+02   2.0409341e+02
   3.0170391e+02   2.0389644e+02
   3.7541156e+02   1.9728139e+02
   3.8474385e+02   1.8679708e+02
   3.9908237e+02   1.8633214e+02
   4.1112364e+02   1.9396477e+02
   4.0029935e+02   2.0015681e+02
   3.8767201e+02   2.0012540e+02
   3.1808463e+02   2.9599029e+02
   3.3028517e+02   2.9059255e+02
   3.4265631e+02   2.8617096e+02
   3.5535827e+02   2.8849073e+02
   3.6819775e+02   2.8594507e+02
   3.8108105e+02   2.8829418e+02
   3.9338795e+02   2.9292041e+02
   3.8236450e+02   3.0120233e+02
   3.7077549e+02   3.0853922e+02
   3.5756574e+02   3.1126384e+02
   3.4321395e+02   3.1007390e+02
   3.3008074e+02   3.0394338e+02
   3.3345262e+02   2.9604265e+02
   3.4432095e+02   2.9547749e+02
   3.5518112e+02   2.9633347e+02
   3.6643554e+02   2.9513942e+02
   3.7748394e+02   2.9425520e+02
   3.6638733e+02   2.9598176e+02
   3.5537150e+02   2.9703137e+02
   3.4436781e+02   2.9633851e+02
