   2.4794151e+02   2.0030651e+02
   2.5086254e+02   2.2764043e+02
   2.5550133e+02   2.5478814e+02
   2.6302709e+02   2.8125577e+02
   2.7481892e+02   3.0589349e+02
   2.9172202e+02   3.2753626e+02
   3.1251759e+02   3.4539121e+02
   3.3575726e+02   3.5985106e+02
   3.6261326e+02   3.6225543e+02
   3.8620111e+02   3.5578115e+02
   4.0539618e+02   3.4029663e+02
   4.2174085e+02   3.2156481e+02
   4.3433359e+02   3.0031611e+02
   4.4042232e+02   2.7635261e+02
   4.4485567e+02   2.5207490e+02
   4.4726795e+02   2.2754781e+02
   4.4870529e+02   2.0287962e+02
   2.6993493e+02   1.7237950e+02
   2.8162663e+02   1.6558175e+02
   2.9512987e+02   1.6466720e+02
   3.0855759e+02   1.6684362e+02
   3.2201200e+02   1.6876360e+02
   3.7062438e+02   1.6574899e+02
   3.8439753e+02   1.6203825e+02
   3.9805350e+02   1.5778563e+02
   4.1227547e+02   1.5883937e+02
   4.2626979e+02   1.6148771e+02
   3.5171102e+02   1.8458768e+02
   3.5132503e+02   2.0512879e+02
   3.5206928e+02   2.2547336e+02
   3.5283042e+02   2.4583201e+02
   3.3457179e+02   2.5529367e+02
   3.4460038e+02   2.5774434e+02
   3.5472793e+02   2.5794532e+02
   3.6254267e+02   2.5658977e+02
   3.6991145e+02   2.5380051e+02
   2.9086730e+02   1.9973071e+02
   3.0065737e+02   1.9023182e+02
   3.1446622e+02   1.9039484e+02
   3.2543505e+02   1.9870393e+02
   3.1402239e+02   2.0279359e+02
   3.0207455e+02   2.0370103e+02
   3.7529358e+02   1.9561972e+02
   3.8540530e+02   1.8592091e+02
   3.9966285e+02   1.8576272e+02
   4.1105097e+02   1.9411647e+02
   3.9973500e+02   1.9962231e+02
   3.8719370e+02   1.9952550e+02
   3.1379468e+02   2.9677703e+02
   3.2692498e+02   2.8965036e+02
   3.4079286e+02   2.8432194e+02
   3.5509903e+02   2.8690309e+02
   3.6769858e+02   2.8250228e+02
   3.8072602e+02   2.8704785e+02
   3.9353831e+02   2.9192565e+02
   3.8225210e+02   3.0031037e+02
   3.7111695e+02   3.0867250e+02
   3.5775025e+02   3.1169312e+02
   3.4205095e+02   3.1049773e+02
   3.2777109e+02   3.0396283e+02
   3.3303524e+02   2.9564962e+02
   3.4390128e+02   2.9585161e+02
   3.5471666e+02   2.9641740e+02
   3.6627945e+02   2.9568259e+02
   3.7753904e+02   2.9414445e+02
   3.6632518e+02   2.9649497e+02
   3.5509624e+02   2.9717818e+02
   3.4401207e+02   2.9669392e+02
