   2.4876759e+02   2.0043220e+02
   2.5145658e+02   2.2726667e+02
   2.5595435e+02   2.5384630e+02
   2.6320705e+02   2.7980112e+02
   2.7456632e+02   3.0412311e+02
   2.9080637e+02   3.2554059e+02
   3.1091453e+02   3.4327299e+02
   3.3333153e+02   3.5819163e+02
   3.5916638e+02   3.6370852e+02
   3.8325421e+02   3.5647935e+02
   4.0356689e+02   3.4178776e+02
   4.2055654e+02   3.2295604e+02
   4.3379756e+02   3.0179831e+02
   4.4040682e+02   2.7747411e+02
   4.4503765e+02   2.5260191e+02
   4.4758562e+02   2.2763470e+02
   4.4908453e+02   2.0259758e+02
   2.7401738e+02   1.7515034e+02
   2.8680787e+02   1.7028858e+02
   3.0050718e+02   1.7110359e+02
   3.1383116e+02   1.7474682e+02
   3.2704175e+02   1.7855473e+02
   3.6494992e+02   1.7395246e+02
   3.7981890e+02   1.6886551e+02
   3.9487894e+02   1.6472418e+02
   4.1040684e+02   1.6237932e+02
   4.2578956e+02   1.6449502e+02
   3.5105507e+02   1.8511518e+02
   3.5125522e+02   2.0583086e+02
   3.5254267e+02   2.2643053e+02
   3.5253816e+02   2.4702062e+02
   3.3478025e+02   2.5741812e+02
   3.4432133e+02   2.5885153e+02
   3.5384765e+02   2.5942619e+02
   3.6281238e+02   2.5824638e+02
   3.7126801e+02   2.5540082e+02
   2.9081571e+02   1.9979818e+02
   3.0214481e+02   1.9209045e+02
   3.1583636e+02   1.9219330e+02
   3.2539333e+02   2.0158971e+02
   3.1358806e+02   2.0447176e+02
   3.0165254e+02   2.0464656e+02
   3.7538260e+02   1.9807444e+02
   3.8453072e+02   1.8718788e+02
   3.9898439e+02   1.8658893e+02
   4.1148550e+02   1.9378904e+02
   4.0091145e+02   2.0081484e+02
   3.8799325e+02   2.0080677e+02
   3.1920511e+02   2.9700933e+02
   3.3085130e+02   2.9108849e+02
   3.4315988e+02   2.8724757e+02
   3.5577204e+02   2.8893696e+02
   3.6849024e+02   2.8667375e+02
   3.8136805e+02   2.8856564e+02
   3.9344932e+02   2.9317585e+02
   3.8251381e+02   3.0095519e+02
   3.7062862e+02   3.0673245e+02
   3.5758812e+02   3.0898358e+02
   3.4390612e+02   3.0811973e+02
   3.3092284e+02   3.0392934e+02
   3.3486425e+02   2.9725289e+02
   3.4573039e+02   2.9450187e+02
   3.5670058e+02   2.9618985e+02
   3.6706281e+02   2.9368780e+02
   3.7748766e+02   2.9467474e+02
   3.6674584e+02   2.9461373e+02
   3.5635064e+02   2.9670576e+02
   3.4549587e+02   2.9541613e+02
