   2.4816615e+02   1.9985971e+02
   2.5095791e+02   2.2685230e+02
   2.5542308e+02   2.5345579e+02
   2.6269175e+02   2.7962128e+02
   2.7407919e+02   3.0407588e+02
   2.9031702e+02   3.2553002e+02
   3.1057570e+02   3.4340296e+02
   3.3301764e+02   3.5833161e+02
   3.5906322e+02   3.6366029e+02
   3.8314505e+02   3.5643852e+02
   4.0338849e+02   3.4173841e+02
   4.2036493e+02   3.2288330e+02
   4.3358448e+02   3.0167920e+02
   4.4016614e+02   2.7733522e+02
   4.4478425e+02   2.5252696e+02
   4.4733446e+02   2.2751920e+02
   4.4883315e+02   2.0255373e+02
   2.7366108e+02   1.7521188e+02
   2.8646567e+02   1.7027050e+02
   3.0020469e+02   1.7117628e+02
   3.1358190e+02   1.7486177e+02
   3.2679958e+02   1.7885121e+02
   3.6437906e+02   1.7418516e+02
   3.7932574e+02   1.6904217e+02
   3.9444403e+02   1.6484595e+02
   4.1003006e+02   1.6232678e+02
   4.2543695e+02   1.6462233e+02
   3.5152446e+02   1.8438680e+02
   3.5129231e+02   2.0498510e+02
   3.5217777e+02   2.2541279e+02
   3.5268047e+02   2.4584739e+02
   3.3435996e+02   2.5627186e+02
   3.4434320e+02   2.5780211e+02
   3.5434175e+02   2.5814017e+02
   3.6302752e+02   2.5673442e+02
   3.7136120e+02   2.5441264e+02
   2.9030518e+02   1.9986919e+02
   3.0154652e+02   1.9189210e+02
   3.1541899e+02   1.9206778e+02
   3.2495186e+02   2.0161234e+02
   3.1313425e+02   2.0454990e+02
   3.0116709e+02   2.0473229e+02
   3.7496912e+02   1.9795872e+02
   3.8419973e+02   1.8708863e+02
   3.9868249e+02   1.8650506e+02
   4.1119837e+02   1.9372893e+02
   4.0059277e+02   2.0083097e+02
   3.8761387e+02   2.0081855e+02
   3.1909929e+02   2.9735573e+02
   3.3056604e+02   2.9121609e+02
   3.4280557e+02   2.8743088e+02
   3.5540015e+02   2.8887621e+02
   3.6821494e+02   2.8682587e+02
   3.8111345e+02   2.8875581e+02
   3.9320187e+02   2.9342021e+02
   3.8205226e+02   3.0108314e+02
   3.7056314e+02   3.0780073e+02
   3.5755406e+02   3.1043534e+02
   3.4384950e+02   3.0927741e+02
   3.3104251e+02   3.0418976e+02
   3.3463916e+02   2.9751442e+02
   3.4551662e+02   2.9444061e+02
   3.5651616e+02   2.9625251e+02
   3.6675936e+02   2.9355687e+02
   3.7710617e+02   2.9481933e+02
   3.6640271e+02   2.9449625e+02
   3.5608664e+02   2.9674267e+02
   3.4520116e+02   2.9536473e+02
