   2.4847798e+02   2.0007115e+02
   2.5121158e+02   2.2699450e+02
   2.5568841e+02   2.5359740e+02
   2.6294528e+02   2.7966924e+02
   2.7431590e+02   3.0406921e+02
   2.9055463e+02   3.2551816e+02
   3.1074030e+02   3.4333347e+02
   3.3317368e+02   3.5827088e+02
   3.5911965e+02   3.6371824e+02
   3.8321971e+02   3.5649223e+02
   4.0351493e+02   3.4179723e+02
   4.2051457e+02   3.2294753e+02
   4.3375885e+02   3.0176086e+02
   4.4036609e+02   2.7741379e+02
   4.4499956e+02   2.5255981e+02
   4.4755622e+02   2.2756069e+02
   4.4906199e+02   2.0254499e+02
   2.7391857e+02   1.7516074e+02
   2.8669560e+02   1.7025187e+02
   3.0040069e+02   1.7111750e+02
   3.1372804e+02   1.7479507e+02
   3.2691551e+02   1.7874937e+02
   3.6466862e+02   1.7408934e+02
   3.7959481e+02   1.6896585e+02
   3.9470043e+02   1.6479059e+02
   4.1027522e+02   1.6234707e+02
   4.2569342e+02   1.6454741e+02
   3.5134176e+02   1.8469595e+02
   3.5132578e+02   2.0536421e+02
   3.5241249e+02   2.2589002e+02
   3.5265076e+02   2.4641425e+02
   3.3461077e+02   2.5694747e+02
   3.4432907e+02   2.5841904e+02
   3.5404751e+02   2.5888657e+02
   3.6291953e+02   2.5760189e+02
   3.7134983e+02   2.5498157e+02
   2.9055889e+02   1.9981126e+02
   3.0185552e+02   1.9196272e+02
   3.1564878e+02   1.9210069e+02
   3.2521131e+02   2.0157268e+02
   3.1338574e+02   2.0447875e+02
   3.0142150e+02   2.0466561e+02
   3.7522695e+02   1.9799236e+02
   3.8442242e+02   1.8710026e+02
   3.9890241e+02   1.8650862e+02
   4.1142949e+02   1.9371503e+02
   4.0083896e+02   2.0080948e+02
   3.8787219e+02   2.0079712e+02
   3.1921613e+02   2.9722768e+02
   3.3074750e+02   2.9116914e+02
   3.4302271e+02   2.8737662e+02
   3.5562653e+02   2.8891203e+02
   3.6840238e+02   2.8678072e+02
   3.8129697e+02   2.8868326e+02
   3.9337994e+02   2.9332810e+02
   3.8233979e+02   3.0101914e+02
   3.7060831e+02   3.0713622e+02
   3.5758698e+02   3.0954605e+02
   3.4392609e+02   3.0854408e+02
   3.3102314e+02   3.0406222e+02
   3.3482022e+02   2.9743217e+02
   3.4569796e+02   2.9443531e+02
   3.5669252e+02   2.9622069e+02
   3.6696626e+02   2.9357168e+02
   3.7733312e+02   2.9477188e+02
   3.6661863e+02   2.9450803e+02
   3.5628145e+02   2.9671686e+02
   3.4541158e+02   2.9535701e+02
