   1.9074547e+02   2.1800082e+02
   1.9327724e+02   2.4559723e+02
   1.9934425e+02   2.7243274e+02
   2.0885488e+02   2.9839740e+02
   2.1794039e+02   3.2447385e+02
   2.3349209e+02   3.4719148e+02
   2.5579983e+02   3.6311561e+02
   2.8147874e+02   3.7351532e+02
   3.0859532e+02   3.7741737e+02
   3.3549826e+02   3.7203634e+02
   3.6098308e+02   3.6323280e+02
   3.8244632e+02   3.4664632e+02
   3.9733699e+02   3.2412076e+02
   4.0678500e+02   2.9848648e+02
   4.1229663e+02   2.7199653e+02
   4.1731012e+02   2.4511795e+02
   4.2125280e+02   2.1840364e+02
   2.2319124e+02   1.8303148e+02
   2.3493634e+02   1.7515616e+02
   2.4898440e+02   1.7290690e+02
   2.6328758e+02   1.7250796e+02
   2.7718822e+02   1.7520202e+02
   3.3637068e+02   1.7608858e+02
   3.5168809e+02   1.7243501e+02
   3.6761700e+02   1.7279482e+02
   3.8342828e+02   1.7331070e+02
   3.9596165e+02   1.8174949e+02
   3.1252854e+02   2.0324793e+02
   3.1339313e+02   2.2081467e+02
   3.1413182e+02   2.3813355e+02
   3.1421839e+02   2.5550161e+02
   2.9314648e+02   2.7109176e+02
   3.0378236e+02   2.7110994e+02
   3.1421744e+02   2.7067583e+02
   3.2289778e+02   2.7067402e+02
   3.3150151e+02   2.7066660e+02
   2.4042761e+02   2.0746989e+02
   2.5459281e+02   1.9755180e+02
   2.7196639e+02   1.9878448e+02
   2.8513837e+02   2.0999171e+02
   2.7011747e+02   2.1293281e+02
   2.5477027e+02   2.1240775e+02
   3.3486210e+02   2.0872368e+02
   3.4609465e+02   1.9693393e+02
   3.6240985e+02   1.9594452e+02
   3.7573743e+02   2.0535056e+02
   3.6282311e+02   2.1086931e+02
   3.4878355e+02   2.1103753e+02
   2.7359256e+02   3.1238405e+02
   2.8588588e+02   3.0399917e+02
   3.0005257e+02   2.9982858e+02
   3.1485050e+02   2.9893567e+02
   3.2778122e+02   2.9709909e+02
   3.4031178e+02   3.0090606e+02
   3.5075590e+02   3.0879030e+02
   3.3934797e+02   3.1323377e+02
   3.2774698e+02   3.1693371e+02
   3.1574904e+02   3.1912154e+02
   3.0135680e+02   3.1877585e+02
   2.8716208e+02   3.1665226e+02
   2.9016635e+02   3.1014129e+02
   3.0139274e+02   3.0834435e+02
   3.1262028e+02   3.0878686e+02
   3.2406903e+02   3.0653992e+02
   3.3550696e+02   3.0745146e+02
   3.2384092e+02   3.0746694e+02
   3.1262190e+02   3.0970397e+02
   3.0127871e+02   3.0926256e+02
