   1.9077406e+02   2.1802882e+02
   1.9335519e+02   2.4579001e+02
   1.9952993e+02   2.7279730e+02
   2.0893350e+02   2.9896396e+02
   2.1805041e+02   3.2520306e+02
   2.3389475e+02   3.4795235e+02
   2.5624743e+02   3.6410785e+02
   2.8198104e+02   3.7481517e+02
   3.0925325e+02   3.7866155e+02
   3.3620289e+02   3.7319594e+02
   3.6152761e+02   3.6377400e+02
   3.8307722e+02   3.4713505e+02
   3.9789081e+02   3.2441882e+02
   4.0731850e+02   2.9867570e+02
   4.1255310e+02   2.7203983e+02
   4.1744775e+02   2.4503084e+02
   4.2138232e+02   2.1821462e+02
   2.2335433e+02   1.8366313e+02
   2.3508748e+02   1.7583472e+02
   2.4898274e+02   1.7326438e+02
   2.6323415e+02   1.7271968e+02
   2.7711264e+02   1.7527405e+02
   3.3655658e+02   1.7616322e+02
   3.5179122e+02   1.7247390e+02
   3.6763896e+02   1.7286174e+02
   3.8333631e+02   1.7360842e+02
   3.9584179e+02   1.8201143e+02
   3.1259031e+02   2.0357556e+02
   3.1349591e+02   2.2113275e+02
   3.1423907e+02   2.3846441e+02
   3.1433100e+02   2.5584131e+02
   2.9301889e+02   2.7126052e+02
   3.0369406e+02   2.7163371e+02
   3.1424077e+02   2.7129959e+02
   3.2316487e+02   2.7117065e+02
   3.3188356e+02   2.7066682e+02
   2.4077693e+02   2.0808999e+02
   2.5480788e+02   1.9820540e+02
   2.7205402e+02   1.9929721e+02
   2.8521590e+02   2.1028368e+02
   2.7030646e+02   2.1321989e+02
   2.5507488e+02   2.1283437e+02
   3.3484795e+02   2.0900073e+02
   3.4614543e+02   1.9734233e+02
   3.6242145e+02   1.9634064e+02
   3.7572271e+02   2.0568754e+02
   3.6278411e+02   2.1115836e+02
   3.4875294e+02   2.1136486e+02
   2.7295508e+02   3.1263419e+02
   2.8533370e+02   3.0402868e+02
   2.9968108e+02   2.9976611e+02
   3.1468125e+02   2.9883630e+02
   3.2785805e+02   2.9697257e+02
   3.4064460e+02   3.0078124e+02
   3.5136172e+02   3.0869650e+02
   3.4018851e+02   3.1416013e+02
   3.2818882e+02   3.1827371e+02
   3.1570324e+02   3.2068835e+02
   3.0087455e+02   3.2026172e+02
   2.8632779e+02   3.1781318e+02
   2.8860629e+02   3.1054104e+02
   3.0054780e+02   3.0836719e+02
   3.1255521e+02   3.0872853e+02
   3.2489066e+02   3.0645879e+02
   3.3715359e+02   3.0773793e+02
   3.2482864e+02   3.0859631e+02
   3.1276559e+02   3.1103503e+02
   3.0044974e+02   3.1063385e+02
