   1.9117014e+02   2.1707160e+02
   1.9394337e+02   2.4649979e+02
   2.0094518e+02   2.7529909e+02
   2.0871464e+02   3.0354084e+02
   2.1840017e+02   3.3130363e+02
   2.3687077e+02   3.5445348e+02
   2.5960837e+02   3.7310181e+02
   2.8555223e+02   3.8720121e+02
   3.1429518e+02   3.9074682e+02
   3.4155687e+02   3.8497056e+02
   3.6511611e+02   3.6930629e+02
   3.8746944e+02   3.5238705e+02
   4.0201199e+02   3.2824390e+02
   4.1092572e+02   3.0153579e+02
   4.1310169e+02   2.7352440e+02
   4.1693486e+02   2.4545561e+02
   4.2108331e+02   2.1775406e+02
   2.2548584e+02   1.9017866e+02
   2.3735328e+02   1.8299857e+02
   2.4966847e+02   1.7711350e+02
   2.6341982e+02   1.7596170e+02
   2.7698455e+02   1.7776182e+02
   3.3800414e+02   1.7880035e+02
   3.5226332e+02   1.7491201e+02
   3.6699762e+02   1.7496168e+02
   3.8123989e+02   1.7863301e+02
   3.9342855e+02   1.8660131e+02
   3.1260519e+02   2.0765942e+02
   3.1374029e+02   2.2497998e+02
   3.1430725e+02   2.4232836e+02
   3.1423717e+02   2.5966876e+02
   2.9018104e+02   2.7278569e+02
   3.0123255e+02   2.7728568e+02
   3.1296344e+02   2.7820734e+02
   3.2455450e+02   2.7674680e+02
   3.3447314e+02   2.7076351e+02
   2.4516800e+02   2.1329361e+02
   2.5773936e+02   2.0473238e+02
   2.7303393e+02   2.0510565e+02
   2.8553563e+02   2.1356256e+02
   2.7196159e+02   2.1622106e+02
   2.5826002e+02   2.1697902e+02
   3.3376056e+02   2.1276199e+02
   3.4610711e+02   2.0327363e+02
   3.6160471e+02   2.0228584e+02
   3.7435342e+02   2.1067189e+02
   3.6123451e+02   2.1538484e+02
   3.4733480e+02   2.1552463e+02
   2.6368552e+02   3.1353264e+02
   2.7727192e+02   3.0318123e+02
   2.9350996e+02   2.9805497e+02
   3.1053496e+02   2.9739008e+02
   3.2694241e+02   2.9527687e+02
   3.4306653e+02   2.9888639e+02
   3.5767914e+02   3.0656675e+02
   3.4848043e+02   3.2313074e+02
   3.3148565e+02   3.3195543e+02
   3.1292973e+02   3.3626260e+02
   2.9326881e+02   3.3514750e+02
   2.7480938e+02   3.2895374e+02
   2.6859391e+02   3.1346448e+02
   2.8905259e+02   3.0723156e+02
   3.1032370e+02   3.0615545e+02
   3.3238681e+02   3.0442377e+02
   3.5358100e+02   3.0949780e+02
   3.3436358e+02   3.2011264e+02
   3.1314045e+02   3.2404522e+02
   2.8930292e+02   3.2462074e+02
