   1.9835635e+02   1.5130104e+02
   1.9959127e+02   1.8019185e+02
   2.0414912e+02   2.0851909e+02
   2.1208497e+02   2.3596295e+02
   2.2210738e+02   2.6298077e+02
   2.3587589e+02   2.8805891e+02
   2.5442621e+02   3.1026188e+02
   2.7731535e+02   3.2711786e+02
   3.0482573e+02   3.3404620e+02
   3.3353694e+02   3.2635808e+02
   3.5678322e+02   3.0803282e+02
   3.7808492e+02   2.8679065e+02
   3.9573129e+02   2.6275048e+02
   4.0521736e+02   2.3467436e+02
   4.1108833e+02   2.0522321e+02
   4.1384396e+02   1.7557665e+02
   4.1426427e+02   1.4587137e+02
   2.1707172e+02   1.0729923e+02
   2.2379770e+02   9.8770106e+01
   2.3453502e+02   9.6431330e+01
   2.4571491e+02   9.6974918e+01
   2.5631336e+02   1.0013822e+02
   3.4692462e+02   9.3057388e+01
   3.5992782e+02   9.0217872e+01
   3.7294054e+02   9.0733248e+01
   3.8429854e+02   9.7221146e+01
   3.9162878e+02   1.0805085e+02
   3.0102860e+02   1.2838774e+02
   3.0180026e+02   1.5039274e+02
   3.0206474e+02   1.7234449e+02
   3.0203657e+02   1.9420598e+02
   2.7937455e+02   2.1018932e+02
   2.9110893e+02   2.1054631e+02
   3.0281043e+02   2.1085708e+02
   3.1504290e+02   2.1022520e+02
   3.2704083e+02   2.0894906e+02
   2.3096482e+02   1.4330659e+02
   2.4232167e+02   1.3341363e+02
   2.5777069e+02   1.3424488e+02
   2.7090008e+02   1.4227565e+02
   2.5747316e+02   1.4617733e+02
   2.4374073e+02   1.4801000e+02
   3.3382999e+02   1.4232245e+02
   3.4749124e+02   1.3310729e+02
   3.6373834e+02   1.3128893e+02
   3.7668333e+02   1.4056403e+02
   3.6298036e+02   1.4547679e+02
   3.4837197e+02   1.4393521e+02
   2.6170497e+02   2.5109711e+02
   2.7328889e+02   2.3984739e+02
   2.8755428e+02   2.3241004e+02
   3.0354228e+02   2.3321689e+02
   3.1966659e+02   2.3207720e+02
   3.3500008e+02   2.3733376e+02
   3.4715003e+02   2.4772241e+02
   3.3611824e+02   2.6077867e+02
   3.2070266e+02   2.6806931e+02
   3.0376038e+02   2.7101663e+02
   2.8797417e+02   2.6772911e+02
   2.7326928e+02   2.6189785e+02
   2.7245259e+02   2.5093490e+02
   2.8320022e+02   2.5039869e+02
   3.0449603e+02   2.4854320e+02
   3.2603832e+02   2.4989585e+02
   3.3659417e+02   2.5048052e+02
   3.2581352e+02   2.5106519e+02
   3.0435146e+02   2.4991507e+02
   2.8289575e+02   2.5147112e+02
