   2.5533848e+02   2.2496220e+02
   2.5833017e+02   2.4751695e+02
   2.6251243e+02   2.6958857e+02
   2.6785366e+02   2.9175170e+02
   2.7435621e+02   3.1340994e+02
   2.8452722e+02   3.3345342e+02
   3.0096492e+02   3.4888685e+02
   3.2074230e+02   3.5957707e+02
   3.4273899e+02   3.6385531e+02
   3.6656539e+02   3.6161329e+02
   3.8778702e+02   3.5059493e+02
   4.0753310e+02   3.3709522e+02
   4.2257052e+02   3.1839169e+02
   4.2940841e+02   2.9544050e+02
   4.3463368e+02   2.7197916e+02
   4.3907521e+02   2.4847434e+02
   4.4240208e+02   2.2461225e+02
   2.6937403e+02   1.9918445e+02
   2.8513660e+02   1.9282056e+02
   3.0134514e+02   1.9073543e+02
   3.1786450e+02   1.9155920e+02
   3.3174771e+02   1.9952299e+02
   3.5073968e+02   1.9873989e+02
   3.6761486e+02   1.9290719e+02
   3.8549749e+02   1.9275912e+02
   4.0333998e+02   1.9371954e+02
   4.1732218e+02   2.0377245e+02
   3.4176034e+02   2.1677062e+02
   3.4180609e+02   2.2701762e+02
   3.4153835e+02   2.3721181e+02
   3.4147577e+02   2.4738890e+02
   3.2123108e+02   2.7005172e+02
   3.3139078e+02   2.7154691e+02
   3.4151617e+02   2.7200546e+02
   3.4965444e+02   2.7137496e+02
   3.5767413e+02   2.7074637e+02
   2.8327580e+02   2.1786104e+02
   2.9562419e+02   2.1230902e+02
   3.0902076e+02   2.1259274e+02
   3.2119583e+02   2.1813817e+02
   3.0858724e+02   2.1861724e+02
   2.9587198e+02   2.1800195e+02
   3.6373743e+02   2.1844882e+02
   3.7500843e+02   2.1355850e+02
   3.8738572e+02   2.1331715e+02
   3.9878132e+02   2.1802827e+02
   3.8705191e+02   2.1838647e+02
   3.7532047e+02   2.1854738e+02
   2.9990701e+02   3.0856039e+02
   3.0934458e+02   2.9562731e+02
   3.2430756e+02   2.8943202e+02
   3.4046695e+02   2.8889959e+02
   3.5667637e+02   2.9024127e+02
   3.7142969e+02   2.9691706e+02
   3.8112835e+02   3.0982883e+02
   3.6786600e+02   3.0640680e+02
   3.5473129e+02   3.0445875e+02
   3.4164873e+02   3.0521219e+02
   3.2768462e+02   3.0519921e+02
   3.1370883e+02   3.0533410e+02
   3.0837575e+02   3.0269652e+02
   3.2387365e+02   2.9641053e+02
   3.4021565e+02   2.9452376e+02
   3.5784622e+02   2.9706139e+02
   3.7397323e+02   3.0449432e+02
   3.5762994e+02   2.9832277e+02
   3.4046436e+02   2.9597326e+02
   3.2422914e+02   2.9769798e+02
