   2.0801699e+02   2.0148551e+02
   2.1089902e+02   2.3143396e+02
   2.1586617e+02   2.6089319e+02
   2.2426322e+02   2.8935360e+02
   2.3432912e+02   3.1756837e+02
   2.5212618e+02   3.4117696e+02
   2.7406888e+02   3.6163690e+02
   3.0015045e+02   3.7576116e+02
   3.2938343e+02   3.7713992e+02
   3.5724813e+02   3.6874277e+02
   3.8150561e+02   3.5278151e+02
   4.0149024e+02   3.3146846e+02
   4.1740022e+02   3.0716847e+02
   4.2629176e+02   2.7971738e+02
   4.2911474e+02   2.5079374e+02
   4.3052379e+02   2.2157159e+02
   4.3029893e+02   1.9264011e+02
   2.1966734e+02   1.8218638e+02
   2.3560755e+02   1.7090242e+02
   2.5537321e+02   1.7022163e+02
   2.7528361e+02   1.7241890e+02
   2.9473976e+02   1.7613653e+02
   3.2517416e+02   1.7907676e+02
   3.4421280e+02   1.7004442e+02
   3.6468244e+02   1.6525695e+02
   3.8567961e+02   1.6560638e+02
   4.0614251e+02   1.7021294e+02
   3.1165025e+02   1.8164806e+02
   3.1252896e+02   2.0732200e+02
   3.1457398e+02   2.3268651e+02
   3.1675375e+02   2.5812636e+02
   2.9657277e+02   2.6120087e+02
   3.0633152e+02   2.6899977e+02
   3.1862511e+02   2.7089169e+02
   3.3176517e+02   2.6640505e+02
   3.3983443e+02   2.5535791e+02
   2.4275759e+02   2.0163783e+02
   2.5762216e+02   1.9323712e+02
   2.7456872e+02   1.9324141e+02
   2.8900169e+02   2.0187633e+02
   2.7344946e+02   2.0203735e+02
   2.5803578e+02   2.0338290e+02
   3.4053393e+02   1.9927571e+02
   3.5362601e+02   1.8762835e+02
   3.7096130e+02   1.8514889e+02
   3.8628324e+02   1.9314139e+02
   3.7159239e+02   1.9821757e+02
   3.5604782e+02   1.9837786e+02
   2.8768946e+02   2.9957079e+02
   2.9290517e+02   2.8776622e+02
   3.0567759e+02   2.8427372e+02
   3.1899319e+02   2.8565680e+02
   3.3397904e+02   2.8213020e+02
   3.4905014e+02   2.8185196e+02
   3.5678746e+02   2.9396984e+02
   3.4498827e+02   3.0114132e+02
   3.3492958e+02   3.1069385e+02
   3.2202952e+02   3.1485526e+02
   3.0950133e+02   3.1272444e+02
   2.9869629e+02   3.0588780e+02
   2.9541737e+02   2.9386026e+02
   3.0314528e+02   2.9331114e+02
   3.1939937e+02   2.9543415e+02
   3.3799207e+02   2.8975299e+02
   3.4738976e+02   2.9046295e+02
   3.3780684e+02   2.9117290e+02
   3.1931166e+02   2.9555600e+02
   3.0302994e+02   2.9440938e+02
