   2.1841597e+02   2.4489220e+02
   2.1973530e+02   2.6930341e+02
   2.2408741e+02   2.9342567e+02
   2.2785526e+02   3.1750170e+02
   2.3930422e+02   3.3901138e+02
   2.5587160e+02   3.5700125e+02
   2.7629754e+02   3.7012703e+02
   2.9963210e+02   3.7766432e+02
   3.2349273e+02   3.8200509e+02
   3.5013533e+02   3.8124118e+02
   3.7571051e+02   3.7421523e+02
   4.0008698e+02   3.6382255e+02
   4.1922994e+02   3.4563555e+02
   4.3444215e+02   3.2381438e+02
   4.3963382e+02   2.9785967e+02
   4.4178242e+02   2.7136935e+02
   4.4220000e+02   2.4496666e+02
   2.3336046e+02   1.8275612e+02
   2.4471681e+02   1.7019536e+02
   2.6226510e+02   1.6890337e+02
   2.7992319e+02   1.6891388e+02
   2.9749267e+02   1.7046063e+02
   3.6279252e+02   1.7161850e+02
   3.7847953e+02   1.7076298e+02
   3.9419665e+02   1.6999689e+02
   4.0909675e+02   1.7416359e+02
   4.2157414e+02   1.8345904e+02
   3.2726765e+02   2.0062987e+02
   3.2726985e+02   2.1802697e+02
   3.2594437e+02   2.3540008e+02
   3.2534095e+02   2.5256546e+02
   2.9691183e+02   2.6647195e+02
   3.1086207e+02   2.6832848e+02
   3.2457134e+02   2.7013187e+02
   3.3845007e+02   2.7013338e+02
   3.5205620e+02   2.6939621e+02
   2.6002745e+02   2.0835661e+02
   2.7336337e+02   2.0009682e+02
   2.8885187e+02   2.0046473e+02
   3.0089165e+02   2.1011916e+02
   2.8714117e+02   2.1311042e+02
   2.7315546e+02   2.1288709e+02
   3.5549937e+02   2.1007177e+02
   3.6989754e+02   2.0282564e+02
   3.8589246e+02   2.0321580e+02
   3.9894038e+02   2.1227100e+02
   3.8454850e+02   2.1715812e+02
   3.6955500e+02   2.1572291e+02
   2.8056138e+02   2.9877855e+02
   2.9415142e+02   2.9023253e+02
   3.0911946e+02   2.8430605e+02
   3.2456562e+02   2.8731665e+02
   3.4123699e+02   2.8570711e+02
   3.5646074e+02   2.9287036e+02
   3.7068125e+02   3.0178805e+02
   3.5927283e+02   3.1511110e+02
   3.4222311e+02   3.2055625e+02
   3.2458343e+02   3.2152117e+02
   3.0713394e+02   3.1938125e+02
   2.9105005e+02   3.1248901e+02
   2.8910775e+02   2.9939320e+02
   3.0686666e+02   2.9941932e+02
   3.2434471e+02   3.0141814e+02
   3.4423274e+02   3.0062908e+02
   3.6391677e+02   3.0224185e+02
   3.4400766e+02   3.0093165e+02
   3.2443017e+02   3.0207989e+02
   3.0673787e+02   2.9985803e+02
