   2.1849364e+02   2.4511129e+02
   2.1986915e+02   2.6951073e+02
   2.2364886e+02   2.9365379e+02
   2.2787301e+02   3.1758213e+02
   2.3926124e+02   3.3904804e+02
   2.5613857e+02   3.5664395e+02
   2.7668348e+02   3.6953528e+02
   2.9980986e+02   3.7745814e+02
   3.2363969e+02   3.8174160e+02
   3.5019330e+02   3.8098620e+02
   3.7563738e+02   3.7378325e+02
   3.9983615e+02   3.6314943e+02
   4.1937920e+02   3.4555924e+02
   4.3454368e+02   3.2384533e+02
   4.3964902e+02   2.9796304e+02
   4.4179125e+02   2.7154753e+02
   4.4220909e+02   2.4522087e+02
   2.3317000e+02   1.8332115e+02
   2.4441466e+02   1.7056050e+02
   2.6205083e+02   1.6914834e+02
   2.7983940e+02   1.6910965e+02
   2.9750788e+02   1.7045191e+02
   3.6283746e+02   1.7188272e+02
   3.7871759e+02   1.7101785e+02
   3.9459773e+02   1.7049384e+02
   4.0967395e+02   1.7483824e+02
   4.2227085e+02   1.8421824e+02
   3.2731892e+02   2.0087962e+02
   3.2731839e+02   2.1827139e+02
   3.2599059e+02   2.3563896e+02
   3.2538466e+02   2.5279899e+02
   2.9664517e+02   2.6688105e+02
   3.1072739e+02   2.6867676e+02
   3.2461252e+02   2.7035990e+02
   3.3866861e+02   2.7034516e+02
   3.5240048e+02   2.6910969e+02
   2.5968198e+02   2.0844194e+02
   2.7327966e+02   2.0021505e+02
   2.8896127e+02   2.0061394e+02
   3.0127758e+02   2.1025091e+02
   2.8730962e+02   2.1327201e+02
   2.7306150e+02   2.1295645e+02
   3.5560349e+02   2.1036192e+02
   3.6999632e+02   2.0311479e+02
   3.8593029e+02   2.0347953e+02
   3.9887810e+02   2.1259586e+02
   3.8450567e+02   2.1719671e+02
   3.6958251e+02   2.1578377e+02
   2.7943534e+02   2.9744466e+02
   2.9418334e+02   2.9045863e+02
   3.0923629e+02   2.8431293e+02
   3.2460411e+02   2.8753941e+02
   3.4144993e+02   2.8548969e+02
   3.5707611e+02   2.9235916e+02
   3.7225190e+02   3.0038515e+02
   3.6068618e+02   3.1425508e+02
   3.4318241e+02   3.1993091e+02
   3.2502866e+02   3.2139989e+02
   3.0697126e+02   3.1898599e+02
   2.9046142e+02   3.1158536e+02
   2.8802119e+02   2.9873779e+02
   3.0647434e+02   2.9917476e+02
   3.2461108e+02   3.0114867e+02
   3.4506977e+02   2.9997306e+02
   3.6536600e+02   3.0132507e+02
   3.4487837e+02   3.0030154e+02
   3.2478464e+02   3.0174284e+02
   3.0638846e+02   2.9942178e+02
