   2.1830603e+02   2.4502005e+02
   2.1963126e+02   2.6943789e+02
   2.2405226e+02   2.9356215e+02
   2.2778677e+02   3.1765708e+02
   2.3925443e+02   3.3917123e+02
   2.5580339e+02   3.5719706e+02
   2.7622859e+02   3.7034003e+02
   2.9959308e+02   3.7783030e+02
   3.2346468e+02   3.8216694e+02
   3.5012240e+02   3.8138983e+02
   3.7571373e+02   3.7436801e+02
   4.0010913e+02   3.6398554e+02
   4.1920891e+02   3.4572604e+02
   4.3441967e+02   3.2388185e+02
   4.3960935e+02   2.9791113e+02
   4.4174702e+02   2.7140581e+02
   4.4215262e+02   2.4498881e+02
   2.3373466e+02   1.8225472e+02
   2.4522374e+02   1.7009043e+02
   2.6259107e+02   1.6899682e+02
   2.8006235e+02   1.6900069e+02
   2.9737460e+02   1.7055642e+02
   3.6268831e+02   1.7165767e+02
   3.7835968e+02   1.7079569e+02
   3.9406420e+02   1.6999821e+02
   4.0895246e+02   1.7414150e+02
   4.2142535e+02   1.8342517e+02
   3.2716722e+02   2.0069393e+02
   3.2717763e+02   2.1809589e+02
   3.2585999e+02   2.3547448e+02
   3.2526451e+02   2.5264494e+02
   2.9697984e+02   2.6618892e+02
   3.1080753e+02   2.6846393e+02
   3.2450298e+02   2.7021662e+02
   3.3836757e+02   2.7021340e+02
   3.5196425e+02   2.6951925e+02
   2.6072374e+02   2.0864827e+02
   2.7334262e+02   2.0018081e+02
   2.8846369e+02   2.0049390e+02
   3.0015901e+02   2.0989341e+02
   2.8686277e+02   2.1319157e+02
   2.7333127e+02   2.1345382e+02
   3.5522609e+02   2.1032228e+02
   3.6959399e+02   2.0294569e+02
   3.8573397e+02   2.0323125e+02
   3.9895276e+02   2.1219175e+02
   3.8458115e+02   2.1740853e+02
   3.6949608e+02   2.1585729e+02
   2.8212601e+02   3.0125292e+02
   2.9401547e+02   2.9037438e+02
   3.0889942e+02   2.8444918e+02
   3.2450538e+02   2.8740621e+02
   3.4116283e+02   2.8583231e+02
   3.5635371e+02   2.9301950e+02
   3.6935156e+02   3.0351415e+02
   3.5776265e+02   3.1617589e+02
   3.4115042e+02   3.2152139e+02
   3.2393270e+02   3.2184313e+02
   3.0750452e+02   3.2020418e+02
   2.9234750e+02   3.1378353e+02
   2.9096552e+02   3.0110130e+02
   3.0773121e+02   2.9990349e+02
   3.2427139e+02   3.0183701e+02
   3.4316106e+02   3.0141669e+02
   3.6186383e+02   3.0355264e+02
   3.4277835e+02   3.0168628e+02
   3.2388551e+02   3.0248306e+02
   3.0735682e+02   3.0054125e+02
