   2.1310178e+02   2.3706949e+02
   2.1484697e+02   2.6941130e+02
   2.1982459e+02   3.0086694e+02
   2.2454712e+02   3.3274053e+02
   2.3324292e+02   3.6348200e+02
   2.5009916e+02   3.9103551e+02
   2.7209878e+02   4.1401477e+02
   2.9882559e+02   4.3217641e+02
   3.2989836e+02   4.3631270e+02
   3.6114474e+02   4.3250344e+02
   3.8827718e+02   4.1574303e+02
   4.1244576e+02   3.9469981e+02
   4.3110609e+02   3.6903298e+02
   4.3949827e+02   3.3834637e+02
   4.4701511e+02   3.0738255e+02
   4.5353507e+02   2.7607749e+02
   4.5681191e+02   2.4444385e+02
   2.3173700e+02   2.1740498e+02
   2.5009798e+02   2.1328930e+02
   2.6892615e+02   2.1305972e+02
   2.8755061e+02   2.1630193e+02
   3.0415895e+02   2.2458822e+02
   3.5671369e+02   2.2548008e+02
   3.7181015e+02   2.1608232e+02
   3.8953600e+02   2.1257875e+02
   4.0748192e+02   2.1055286e+02
   4.2283094e+02   2.1876130e+02
   3.2956220e+02   2.3882824e+02
   3.3043435e+02   2.5573092e+02
   3.3004721e+02   2.7264617e+02
   3.2866073e+02   2.8927433e+02
   3.0360339e+02   3.0555077e+02
   3.1557062e+02   3.1117802e+02
   3.2834708e+02   3.1377163e+02
   3.4274409e+02   3.1194266e+02
   3.5620845e+02   3.0708581e+02
   2.5633306e+02   2.4012017e+02
   2.7157967e+02   2.3468137e+02
   2.8752892e+02   2.3440103e+02
   3.0055312e+02   2.4311742e+02
   2.8565734e+02   2.4317840e+02
   2.7068383e+02   2.4327139e+02
   3.5779741e+02   2.4445904e+02
   3.7151606e+02   2.3579477e+02
   3.8774500e+02   2.3457534e+02
   4.0205275e+02   2.4178231e+02
   3.8754740e+02   2.4507991e+02
   3.7263266e+02   2.4452781e+02
   2.8559498e+02   3.4866464e+02
   2.9675665e+02   3.3532076e+02
   3.1404482e+02   3.3183250e+02
   3.3089412e+02   3.3665622e+02
   3.4653276e+02   3.3309381e+02
   3.6165426e+02   3.3956594e+02
   3.7452967e+02   3.4960179e+02
   3.6200530e+02   3.6039598e+02
   3.4556903e+02   3.6389992e+02
   3.2898753e+02   3.6538354e+02
   3.1267132e+02   3.6423906e+02
   2.9703879e+02   3.5987945e+02
   2.9658262e+02   3.4624479e+02
   3.0757026e+02   3.4607162e+02
   3.2948400e+02   3.4787362e+02
   3.5226494e+02   3.4750266e+02
   3.6339731e+02   3.4770289e+02
   3.5177780e+02   3.4790312e+02
   3.2918518e+02   3.4815408e+02
   3.0734088e+02   3.4641796e+02
