   2.1484450e+02   2.3099192e+02
   2.1711729e+02   2.6402591e+02
   2.2094984e+02   2.9682487e+02
   2.2773688e+02   3.2896124e+02
   2.3395040e+02   3.6134580e+02
   2.5011127e+02   3.9000520e+02
   2.7305801e+02   4.1338591e+02
   3.0011524e+02   4.3218815e+02
   3.3202989e+02   4.3511100e+02
   3.6339120e+02   4.2853639e+02
   3.9162599e+02   4.1334805e+02
   4.1517694e+02   3.9159995e+02
   4.3250205e+02   3.6482852e+02
   4.4131539e+02   3.3385527e+02
   4.4654150e+02   3.0238800e+02
   4.5198039e+02   2.7066692e+02
   4.5187380e+02   2.3887921e+02
   2.3033786e+02   2.1745883e+02
   2.4597248e+02   2.0640504e+02
   2.6603774e+02   2.0664518e+02
   2.8579598e+02   2.0914760e+02
   3.0549366e+02   2.1205354e+02
   3.6034067e+02   2.1027692e+02
   3.7762102e+02   2.0550814e+02
   3.9537640e+02   2.0372317e+02
   4.1304631e+02   2.0610021e+02
   4.2751692e+02   2.1596423e+02
   3.3033113e+02   2.3741922e+02
   3.3132879e+02   2.5645579e+02
   3.3083708e+02   2.7552094e+02
   3.3039602e+02   2.9450151e+02
   3.0351989e+02   3.1245867e+02
   3.1608586e+02   3.1740650e+02
   3.2950808e+02   3.1865805e+02
   3.4224403e+02   3.1837014e+02
   3.5386221e+02   3.1359828e+02
   2.5385752e+02   2.3905804e+02
   2.6933914e+02   2.3060755e+02
   2.8693286e+02   2.3195308e+02
   3.0014791e+02   2.4337675e+02
   2.8424732e+02   2.4378370e+02
   2.6847033e+02   2.4436510e+02
   3.5850424e+02   2.4365109e+02
   3.7201199e+02   2.3325229e+02
   3.8906382e+02   2.3202865e+02
   4.0434733e+02   2.3958036e+02
   3.8985297e+02   2.4527991e+02
   3.7415771e+02   2.4436804e+02
   2.8447183e+02   3.5436970e+02
   2.9751452e+02   3.4245967e+02
   3.1444139e+02   3.3707247e+02
   3.3132344e+02   3.4101893e+02
   3.4923513e+02   3.3693529e+02
   3.6641199e+02   3.4346697e+02
   3.8197532e+02   3.5367915e+02
   3.6596991e+02   3.6302698e+02
   3.4766961e+02   3.6662570e+02
   3.2940507e+02   3.6947688e+02
   3.1320248e+02   3.6769040e+02
   2.9761414e+02   3.6354452e+02
   2.9581775e+02   3.5086888e+02
   3.0716368e+02   3.5068908e+02
   3.2973884e+02   3.5137348e+02
   3.5611833e+02   3.5070619e+02
   3.6904683e+02   3.5085720e+02
   3.5566909e+02   3.5100821e+02
   3.2973633e+02   3.5137795e+02
   3.0684322e+02   3.5104867e+02
