   1.9329344e+02   2.0328138e+02
   1.9201368e+02   2.3234829e+02
   1.9595909e+02   2.6099931e+02
   2.0140556e+02   2.8930347e+02
   2.1032118e+02   3.1682442e+02
   2.2714188e+02   3.4031011e+02
   2.4754008e+02   3.6068467e+02
   2.7310588e+02   3.7389114e+02
   3.0165142e+02   3.7652753e+02
   3.3095699e+02   3.7369178e+02
   3.5837623e+02   3.6418075e+02
   3.8192442e+02   3.4644459e+02
   4.0051338e+02   3.2392931e+02
   4.1272335e+02   2.9751561e+02
   4.1873700e+02   2.6889349e+02
   4.2256893e+02   2.3998386e+02
   4.2201620e+02   2.1075757e+02
   2.0767690e+02   1.8168143e+02
   2.1514641e+02   1.6382520e+02
   2.3241083e+02   1.5468486e+02
   2.5200520e+02   1.5449400e+02
   2.7164104e+02   1.5685636e+02
   3.2362214e+02   1.5602912e+02
   3.4425865e+02   1.5681134e+02
   3.6465305e+02   1.5861363e+02
   3.8355499e+02   1.6610075e+02
   3.9640984e+02   1.8158149e+02
   2.9684881e+02   1.8843180e+02
   2.9510169e+02   2.0946371e+02
   2.9487383e+02   2.3074207e+02
   2.9408326e+02   2.5161083e+02
   2.7072483e+02   2.6365878e+02
   2.8359006e+02   2.6601062e+02
   2.9570338e+02   2.7043409e+02
   3.0920450e+02   2.6573756e+02
   3.2276098e+02   2.6202054e+02
   2.3369980e+02   1.9449038e+02
   2.4838120e+02   1.8862202e+02
   2.6391604e+02   1.8967200e+02
   2.7596950e+02   1.9934301e+02
   2.6121640e+02   2.0050230e+02
   2.4659766e+02   2.0082787e+02
   3.2456951e+02   2.0005521e+02
   3.3793583e+02   1.9147600e+02
   3.5376392e+02   1.8945083e+02
   3.6676516e+02   1.9771666e+02
   3.5349380e+02   2.0321454e+02
   3.3896559e+02   2.0224658e+02
   2.5577590e+02   2.9979777e+02
   2.6941391e+02   2.9232478e+02
   2.8331777e+02   2.8576415e+02
   2.9746217e+02   2.9012602e+02
   3.1354344e+02   2.8492777e+02
   3.2967034e+02   2.9194985e+02
   3.4595761e+02   2.9820030e+02
   3.3085725e+02   3.0698231e+02
   3.1457850e+02   3.1268517e+02
   2.9725681e+02   3.1341453e+02
   2.8203830e+02   3.1288727e+02
   2.6770192e+02   3.0861555e+02
   2.6352987e+02   3.0016095e+02
   2.8065359e+02   2.9691767e+02
   2.9760854e+02   2.9933479e+02
   3.1795152e+02   2.9613792e+02
   3.3822698e+02   2.9876561e+02
   3.1753874e+02   2.9727542e+02
   2.9722395e+02   3.0074481e+02
   2.8018616e+02   2.9823594e+02
