   1.9289653e+02   2.0313403e+02
   1.9163131e+02   2.3256101e+02
   1.9553644e+02   2.6159347e+02
   2.0122686e+02   2.9023599e+02
   2.1047356e+02   3.1803302e+02
   2.2721944e+02   3.4201659e+02
   2.4767024e+02   3.6287055e+02
   2.7334432e+02   3.7662460e+02
   3.0215089e+02   3.7975458e+02
   3.3161823e+02   3.7636182e+02
   3.5901189e+02   3.6605455e+02
   3.8251506e+02   3.4793821e+02
   4.0092647e+02   3.2498782e+02
   4.1295293e+02   2.9817755e+02
   4.1881977e+02   2.6928488e+02
   4.2270778e+02   2.4010878e+02
   4.2217045e+02   2.1064490e+02
   2.0731625e+02   1.8148303e+02
   2.1480509e+02   1.6358427e+02
   2.3211181e+02   1.5442314e+02
   2.5175345e+02   1.5423324e+02
   2.7143649e+02   1.5660273e+02
   3.2354304e+02   1.5577728e+02
   3.4423315e+02   1.5658790e+02
   3.6467273e+02   1.5837101e+02
   3.8361972e+02   1.6587756e+02
   3.9650444e+02   1.8139658e+02
   2.9670277e+02   1.8825617e+02
   2.9494990e+02   2.0933869e+02
   2.9471995e+02   2.3066835e+02
   2.9392595e+02   2.5158739e+02
   2.7071441e+02   2.6361616e+02
   2.8348587e+02   2.6604881e+02
   2.9553605e+02   2.7041985e+02
   3.0893067e+02   2.6580275e+02
   3.2233935e+02   2.6198991e+02
   2.3337117e+02   1.9429255e+02
   2.4804659e+02   1.8825824e+02
   2.6366104e+02   1.8944964e+02
   2.7588157e+02   1.9906980e+02
   2.6104431e+02   2.0028742e+02
   2.4633337e+02   2.0066849e+02
   3.2434300e+02   1.9985957e+02
   3.3775040e+02   1.9116988e+02
   3.5367691e+02   1.8921824e+02
   3.6686252e+02   1.9742112e+02
   3.5350761e+02   2.0300336e+02
   3.3886384e+02   2.0194265e+02
   2.5608243e+02   3.0092533e+02
   2.6917001e+02   2.9262023e+02
   2.8304902e+02   2.8575169e+02
   2.9733616e+02   2.9000383e+02
   3.1354552e+02   2.8494657e+02
   3.2962804e+02   2.9209488e+02
   3.4529245e+02   2.9934756e+02
   3.3128198e+02   3.0960181e+02
   3.1501567e+02   3.1622068e+02
   2.9736322e+02   3.1729386e+02
   2.8161663e+02   3.1656260e+02
   2.6724069e+02   3.1108667e+02
   2.6333460e+02   3.0126173e+02
   2.8031017e+02   2.9697546e+02
   2.9754641e+02   2.9904070e+02
   3.1802517e+02   2.9608593e+02
   3.3800525e+02   2.9989655e+02
   3.1764968e+02   3.0039468e+02
   2.9722028e+02   3.0376369e+02
   2.7988152e+02   3.0127201e+02
