   1.9328145e+02   2.0323480e+02
   1.9209792e+02   2.3317304e+02
   1.9592505e+02   2.6275935e+02
   2.0212073e+02   2.9186288e+02
   2.1202452e+02   3.1999143e+02
   2.2850583e+02   3.4480172e+02
   2.4892525e+02   3.6646395e+02
   2.7463308e+02   3.8122316e+02
   3.0375524e+02   3.8532895e+02
   3.3330364e+02   3.8075230e+02
   3.6038973e+02   3.6881993e+02
   3.8357226e+02   3.5002697e+02
   4.0142016e+02   3.2633283e+02
   4.1292032e+02   2.9890075e+02
   4.1838923e+02   2.6967682e+02
   4.2232356e+02   2.4018068e+02
   4.2178429e+02   2.1046601e+02
   2.0762815e+02   1.8164141e+02
   2.1507169e+02   1.6379520e+02
   2.3230943e+02   1.5464603e+02
   2.5188409e+02   1.5443501e+02
   2.7150284e+02   1.5677463e+02
   3.2343134e+02   1.5589423e+02
   3.4406046e+02   1.5673174e+02
   3.6442409e+02   1.5843356e+02
   3.8331498e+02   1.6589359e+02
   3.9617311e+02   1.8134557e+02
   2.9671831e+02   1.8829245e+02
   2.9499477e+02   2.0930525e+02
   2.9478924e+02   2.3056266e+02
   2.9402113e+02   2.5141147e+02
   2.7133064e+02   2.6332488e+02
   2.8380005e+02   2.6589256e+02
   2.9561979e+02   2.7010185e+02
   3.0867153e+02   2.6567600e+02
   3.2164919e+02   2.6167849e+02
   2.3354561e+02   1.9431107e+02
   2.4807476e+02   1.8795992e+02
   2.6372782e+02   1.8941926e+02
   2.7620836e+02   1.9883378e+02
   2.6132153e+02   2.0018330e+02
   2.4654193e+02   2.0069734e+02
   3.2396876e+02   1.9972210e+02
   3.3733723e+02   1.9085609e+02
   3.5333466e+02   1.8905528e+02
   3.6680675e+02   1.9703760e+02
   3.5339665e+02   2.0276783e+02
   3.3863100e+02   2.0153990e+02
   2.5754991e+02   3.0279984e+02
   2.6934656e+02   2.9280049e+02
   2.8304369e+02   2.8532406e+02
   2.9751479e+02   2.8928957e+02
   3.1385215e+02   2.8455106e+02
   3.2971503e+02   2.9188557e+02
   3.4395339e+02   3.0117755e+02
   3.3238857e+02   3.1445447e+02
   3.1630462e+02   3.2296861e+02
   2.9810945e+02   3.2478309e+02
   2.8137964e+02   3.2365316e+02
   2.6702209e+02   3.1570272e+02
   2.6368270e+02   3.0307350e+02
   2.8018524e+02   2.9660503e+02
   2.9786721e+02   2.9788645e+02
   3.1845775e+02   2.9544041e+02
   3.3766342e+02   3.0169159e+02
   3.1820430e+02   3.0639939e+02
   2.9770944e+02   3.0955469e+02
   2.7988008e+02   3.0714510e+02
