   1.9317789e+02   2.0325941e+02
   1.9200245e+02   2.3354435e+02
   1.9576792e+02   2.6350465e+02
   2.0221424e+02   2.9293332e+02
   2.1245894e+02   3.2132020e+02
   2.2882067e+02   3.4664906e+02
   2.4925670e+02   3.6881546e+02
   2.7503754e+02   3.8416916e+02
   3.0440117e+02   3.8882852e+02
   3.3407324e+02   3.8365137e+02
   3.6107967e+02   3.7086585e+02
   3.8417519e+02   3.5169416e+02
   4.0179971e+02   3.2756777e+02
   4.1308338e+02   2.9975024e+02
   4.1838964e+02   2.7028138e+02
   4.2239035e+02   2.4054263e+02
   4.2188058e+02   2.1061628e+02
   2.0754864e+02   1.8165426e+02
   2.1500812e+02   1.6379603e+02
   2.3226600e+02   1.5464770e+02
   2.5185821e+02   1.5444670e+02
   2.7149322e+02   1.5679865e+02
   3.2346846e+02   1.5594455e+02
   3.4412007e+02   1.5682121e+02
   3.6449641e+02   1.5850753e+02
   3.8340025e+02   1.6598407e+02
   3.9626177e+02   1.8145653e+02
   2.9671472e+02   1.8835771e+02
   2.9497868e+02   2.0938833e+02
   2.9476188e+02   2.3066458e+02
   2.9398220e+02   2.5153157e+02
   2.7149059e+02   2.6339021e+02
   2.8383266e+02   2.6605002e+02
   2.9555829e+02   2.7019939e+02
   3.0847066e+02   2.6587711e+02
   3.2126113e+02   2.6178747e+02
   2.3344927e+02   1.9431339e+02
   2.4794688e+02   1.8779549e+02
   2.6366122e+02   1.8941626e+02
   2.7630063e+02   1.9876128e+02
   2.6134676e+02   2.0016732e+02
   2.4649133e+02   2.0073638e+02
   3.2382095e+02   1.9975786e+02
   3.3721414e+02   1.9079045e+02
   3.5329400e+02   1.8908124e+02
   3.6694302e+02   1.9698342e+02
   3.5346213e+02   2.0279199e+02
   3.3859393e+02   2.0145724e+02
   2.5808129e+02   3.0408873e+02
   2.6923962e+02   2.9319093e+02
   2.8288479e+02   2.8539138e+02
   2.9748600e+02   2.8923272e+02
   3.1394028e+02   2.8466614e+02
   3.2972300e+02   2.9213589e+02
   3.4324722e+02   3.0254086e+02
   3.3292634e+02   3.1741851e+02
   3.1689038e+02   3.2693063e+02
   2.9836192e+02   3.2911990e+02
   2.8107218e+02   3.2776217e+02
   2.6668812e+02   3.1847775e+02
   2.6364341e+02   3.0433987e+02
   2.7994376e+02   2.9672974e+02
   2.9790330e+02   2.9762207e+02
   3.1861163e+02   2.9545840e+02
   3.3746236e+02   3.0302848e+02
   3.1842658e+02   3.0993145e+02
   2.9783845e+02   3.1296088e+02
   2.7970704e+02   3.1056954e+02
