   2.0456817e+02   1.9639241e+02
   2.0374666e+02   2.2398834e+02
   2.0674198e+02   2.5120657e+02
   2.1160797e+02   2.7821844e+02
   2.2038589e+02   3.0410207e+02
   2.3435467e+02   3.2770131e+02
   2.5335063e+02   3.4757169e+02
   2.7444109e+02   3.6486027e+02
   3.0042949e+02   3.7184557e+02
   3.2907508e+02   3.6889374e+02
   3.5604209e+02   3.5973072e+02
   3.8033158e+02   3.4472497e+02
   4.0180838e+02   3.2585501e+02
   4.1378025e+02   2.9999007e+02
   4.2310017e+02   2.7300713e+02
   4.2999202e+02   2.4521744e+02
   4.3419162e+02   2.1707861e+02
   2.2385933e+02   1.5974709e+02
   2.3522247e+02   1.4775602e+02
   2.5172122e+02   1.4493313e+02
   2.6858181e+02   1.4687154e+02
   2.8474511e+02   1.5143870e+02
   3.3700140e+02   1.5178225e+02
   3.5461216e+02   1.4646071e+02
   3.7242636e+02   1.4428955e+02
   3.8922785e+02   1.5101857e+02
   4.0186781e+02   1.6385006e+02
   3.0988176e+02   1.8020846e+02
   3.0651481e+02   1.9672993e+02
   3.0349021e+02   2.1342415e+02
   3.0171722e+02   2.3000614e+02
   2.7663831e+02   2.4567434e+02
   2.8893230e+02   2.4808357e+02
   3.0128917e+02   2.4903019e+02
   3.1491801e+02   2.4920780e+02
   3.2848849e+02   2.5013305e+02
   2.4076138e+02   1.8441293e+02
   2.5412057e+02   1.7603089e+02
   2.6982928e+02   1.7754938e+02
   2.8150100e+02   1.8806315e+02
   2.6716942e+02   1.9170033e+02
   2.5266051e+02   1.9212347e+02
   3.4034177e+02   1.8922107e+02
   3.5360361e+02   1.7900810e+02
   3.7031536e+02   1.7887001e+02
   3.8518799e+02   1.8669401e+02
   3.7099498e+02   1.9239367e+02
   3.5549178e+02   1.9173179e+02
   2.6235569e+02   2.9748212e+02
   2.7079034e+02   2.8261776e+02
   2.8372768e+02   2.7189592e+02
   2.9986194e+02   2.7369467e+02
   3.1882652e+02   2.7628395e+02
   3.3495775e+02   2.8839066e+02
   3.4652503e+02   3.0448824e+02
   3.3546661e+02   3.1939346e+02
   3.1834675e+02   3.2658070e+02
   2.9974355e+02   3.2820288e+02
   2.8391092e+02   3.2235922e+02
   2.7093983e+02   3.1178146e+02
   2.7220746e+02   2.9863782e+02
   2.8472768e+02   2.9466038e+02
   2.9782493e+02   2.9504039e+02
   3.1524399e+02   2.9826103e+02
   3.3147427e+02   3.0479047e+02
   3.1548158e+02   3.0561219e+02
   2.9964304e+02   3.0522470e+02
   2.8547061e+02   3.0359055e+02
