   2.0415227e+02   1.9652456e+02
   2.0327781e+02   2.2420891e+02
   2.0623056e+02   2.5149354e+02
   2.1107273e+02   2.7857566e+02
   2.1975842e+02   3.0457354e+02
   2.3386517e+02   3.2814270e+02
   2.5278133e+02   3.4820916e+02
   2.7398942e+02   3.6548839e+02
   3.0008561e+02   3.7234744e+02
   3.2870225e+02   3.6956757e+02
   3.5554984e+02   3.6008544e+02
   3.7982940e+02   3.4507971e+02
   4.0146998e+02   3.2647385e+02
   4.1318710e+02   3.0052890e+02
   4.2255032e+02   2.7356649e+02
   4.2932028e+02   2.4580293e+02
   4.3374958e+02   2.1769647e+02
   2.2352215e+02   1.5991713e+02
   2.3491145e+02   1.4794909e+02
   2.5141740e+02   1.4516078e+02
   2.6827518e+02   1.4713489e+02
   2.8443009e+02   1.5173647e+02
   3.3668964e+02   1.5219022e+02
   3.5431296e+02   1.4690541e+02
   3.7213309e+02   1.4477164e+02
   3.8892167e+02   1.5153660e+02
   4.0153554e+02   1.6439572e+02
   3.0950800e+02   1.8056143e+02
   3.0610595e+02   1.9707705e+02
   3.0304593e+02   2.1376616e+02
   3.0123783e+02   2.3034568e+02
   2.7612399e+02   2.4596220e+02
   2.8843171e+02   2.4838918e+02
   3.0080611e+02   2.4933185e+02
   3.1441902e+02   2.4957735e+02
   3.2796871e+02   2.5053057e+02
   2.4037349e+02   1.8462048e+02
   2.5375137e+02   1.7626596e+02
   2.6945807e+02   1.7781769e+02
   2.8110851e+02   1.8835687e+02
   2.6676817e+02   1.9196411e+02
   2.5225382e+02   1.9236232e+02
   3.3995132e+02   1.8963894e+02
   3.5323571e+02   1.7945316e+02
   3.6994902e+02   1.7935029e+02
   3.8480629e+02   1.8720624e+02
   3.7060018e+02   1.9287641e+02
   3.5509719e+02   1.9218180e+02
   2.6167841e+02   2.9785756e+02
   2.7017136e+02   2.8305371e+02
   2.8303165e+02   2.7225945e+02
   2.9918957e+02   2.7392302e+02
   3.1803157e+02   2.7692117e+02
   3.3430198e+02   2.8885574e+02
   3.4593110e+02   3.0485488e+02
   3.3477846e+02   3.1962047e+02
   3.1786307e+02   3.2714955e+02
   2.9934703e+02   3.2857959e+02
   2.8342257e+02   3.2285507e+02
   2.7050752e+02   3.1211489e+02
   2.7152051e+02   2.9903949e+02
   2.8405194e+02   2.9495097e+02
   2.9719875e+02   2.9528181e+02
   3.1461788e+02   2.9857835e+02
   3.3077015e+02   3.0537369e+02
   3.1480572e+02   3.0598068e+02
   2.9897457e+02   3.0542518e+02
   2.8480359e+02   3.0384390e+02
