   1.6220655e+02   2.2845051e+02
   1.6506755e+02   2.6253377e+02
   1.7228125e+02   2.9618321e+02
   1.8151231e+02   3.2908591e+02
   1.9355298e+02   3.6101647e+02
   2.1344105e+02   3.8857595e+02
   2.3715017e+02   4.1329076e+02
   2.6513659e+02   4.3283079e+02
   2.9830925e+02   4.3628049e+02
   3.2922958e+02   4.3138528e+02
   3.5513295e+02   4.1323647e+02
   3.7684885e+02   3.9030026e+02
   3.9431952e+02   3.6400460e+02
   4.0643511e+02   3.3473868e+02
   4.1408660e+02   3.0410593e+02
   4.2165164e+02   2.7343204e+02
   4.2601914e+02   2.4227825e+02
   1.9278129e+02   2.0473960e+02
   2.0770812e+02   1.9218818e+02
   2.2701002e+02   1.8887444e+02
   2.4663507e+02   1.8986562e+02
   2.6581103e+02   1.9396705e+02
   3.3283244e+02   1.9578891e+02
   3.5184782e+02   1.9283845e+02
   3.7110134e+02   1.9297433e+02
   3.8987676e+02   1.9662525e+02
   4.0305006e+02   2.0980275e+02
   3.0086434e+02   2.2642309e+02
   3.0113472e+02   2.4681618e+02
   3.0169363e+02   2.6715054e+02
   3.0153542e+02   2.8729636e+02
   2.7443594e+02   2.9815464e+02
   2.8828753e+02   3.0442203e+02
   3.0327148e+02   3.0548547e+02
   3.1597358e+02   3.0468736e+02
   3.2715297e+02   2.9895033e+02
   2.1941861e+02   2.3042014e+02
   2.3436807e+02   2.1857205e+02
   2.5344204e+02   2.1888193e+02
   2.6785783e+02   2.3112958e+02
   2.5157450e+02   2.3652448e+02
   2.3455770e+02   2.3755924e+02
   3.2947219e+02   2.3356609e+02
   3.4423359e+02   2.2221552e+02
   3.6288119e+02   2.2301148e+02
   3.7556003e+02   2.3633360e+02
   3.6007645e+02   2.4023055e+02
   3.4414986e+02   2.3949955e+02
   2.5116712e+02   3.4854700e+02
   2.6652571e+02   3.4102584e+02
   2.8241120e+02   3.3506477e+02
   2.9819874e+02   3.3995618e+02
   3.1433494e+02   3.3582959e+02
   3.3009482e+02   3.4182484e+02
   3.4532872e+02   3.4936513e+02
   3.3232454e+02   3.6460551e+02
   3.1591472e+02   3.7622766e+02
   2.9646654e+02   3.7832907e+02
   2.7793713e+02   3.7494115e+02
   2.6334980e+02   3.6290661e+02
   2.6392759e+02   3.5052158e+02
   2.8032944e+02   3.5025253e+02
   2.9653829e+02   3.5209200e+02
   3.1311101e+02   3.5081791e+02
   3.2956006e+02   3.5171036e+02
   3.1297731e+02   3.5168033e+02
   2.9655178e+02   3.5288864e+02
   2.8015134e+02   3.5082750e+02
