   1.6217965e+02   2.2850547e+02
   1.6503213e+02   2.6257679e+02
   1.7249414e+02   2.9618695e+02
   1.8169330e+02   3.2906549e+02
   1.9349253e+02   3.6106015e+02
   2.1339938e+02   3.8865443e+02
   2.3710416e+02   4.1336971e+02
   2.6505269e+02   4.3288903e+02
   2.9825879e+02   4.3614440e+02
   3.2921038e+02   4.3143256e+02
   3.5503671e+02   4.1325298e+02
   3.7679892e+02   3.9035802e+02
   3.9424574e+02   3.6410594e+02
   4.0637176e+02   3.3483600e+02
   4.1401583e+02   3.0425396e+02
   4.2118582e+02   2.7346833e+02
   4.2597240e+02   2.4238527e+02
   1.9274854e+02   2.0458233e+02
   2.0764812e+02   1.9202636e+02
   2.2678231e+02   1.8830302e+02
   2.4634040e+02   1.8942900e+02
   2.6553536e+02   1.9307683e+02
   3.3296396e+02   1.9551838e+02
   3.5202990e+02   1.9231708e+02
   3.7133772e+02   1.9232118e+02
   3.9016548e+02   1.9616317e+02
   4.0308234e+02   2.0965396e+02
   3.0082888e+02   2.2650602e+02
   3.0110018e+02   2.4704663e+02
   3.0165090e+02   2.6752305e+02
   3.0152111e+02   2.8782332e+02
   2.7483296e+02   2.9871942e+02
   2.8854702e+02   3.0462355e+02
   3.0321999e+02   3.0556377e+02
   3.1578138e+02   3.0482719e+02
   3.2700566e+02   2.9946167e+02
   2.1938762e+02   2.3048646e+02
   2.3435017e+02   2.1861382e+02
   2.5345032e+02   2.1916628e+02
   2.6801835e+02   2.3131589e+02
   2.5167377e+02   2.3678807e+02
   2.3460398e+02   2.3772342e+02
   3.2943345e+02   2.3365429e+02
   3.4417108e+02   2.2230188e+02
   3.6277493e+02   2.2317864e+02
   3.7551776e+02   2.3643088e+02
   3.6002638e+02   2.4049034e+02
   3.4406185e+02   2.3976565e+02
   2.5105087e+02   3.4872784e+02
   2.6671815e+02   3.4165940e+02
   2.8257664e+02   3.3530617e+02
   2.9832197e+02   3.4039587e+02
   3.1451562e+02   3.3603972e+02
   3.3037700e+02   3.4216647e+02
   3.4561716e+02   3.5001203e+02
   3.3211497e+02   3.6481749e+02
   3.1573413e+02   3.7645297e+02
   2.9633988e+02   3.7851520e+02
   2.7785721e+02   3.7508434e+02
   2.6334998e+02   3.6298432e+02
   2.6384905e+02   3.5069802e+02
   2.8025969e+02   3.5044096e+02
   2.9648386e+02   3.5226718e+02
   3.1307318e+02   3.5095051e+02
   3.2954213e+02   3.5191364e+02
   3.1294654e+02   3.5181545e+02
   2.9650835e+02   3.5306550e+02
   2.8008733e+02   3.5101385e+02
