   1.7883854e+02   2.0195065e+02
   1.8009588e+02   2.2964188e+02
   1.8315096e+02   2.5744818e+02
   1.8721835e+02   2.8461836e+02
   2.0016447e+02   3.0922136e+02
   2.2011381e+02   3.2805110e+02
   2.4304382e+02   3.4394865e+02
   2.6879984e+02   3.5364970e+02
   2.9616365e+02   3.5707941e+02
   3.2274406e+02   3.5309232e+02
   3.4581759e+02   3.3966953e+02
   3.6759460e+02   3.2364638e+02
   3.8533087e+02   3.0337974e+02
   3.9435071e+02   2.7799015e+02
   3.9779306e+02   2.5142261e+02
   3.9855148e+02   2.2453624e+02
   3.9914801e+02   1.9760455e+02
   1.9970526e+02   1.6370912e+02
   2.1429915e+02   1.5607947e+02
   2.3074953e+02   1.5375620e+02
   2.4712638e+02   1.5525534e+02
   2.6314331e+02   1.5939451e+02
   3.2049392e+02   1.6069833e+02
   3.3538862e+02   1.5593737e+02
   3.5087929e+02   1.5505165e+02
   3.6648070e+02   1.5563033e+02
   3.8176291e+02   1.5764532e+02
   2.9268717e+02   1.8330361e+02
   2.9320170e+02   2.0009222e+02
   2.9344617e+02   2.1690975e+02
   2.9355601e+02   2.3367135e+02
   2.7182935e+02   2.4973111e+02
   2.8269569e+02   2.5145802e+02
   2.9355359e+02   2.5233348e+02
   3.0303988e+02   2.5201565e+02
   3.1225179e+02   2.4973407e+02
   2.2576833e+02   1.8804535e+02
   2.3874264e+02   1.7672370e+02
   2.5618778e+02   1.7851707e+02
   2.6748374e+02   1.9152150e+02
   2.5325307e+02   1.9246371e+02
   2.3901599e+02   1.9231476e+02
   3.1659159e+02   1.8848031e+02
   3.2894298e+02   1.7638201e+02
   3.4638970e+02   1.7625960e+02
   3.5960516e+02   1.8717228e+02
   3.4539891e+02   1.8982788e+02
   3.3085339e+02   1.8964492e+02
   2.4793159e+02   2.9095962e+02
   2.6314581e+02   2.8313654e+02
   2.7773667e+02   2.7435217e+02
   2.9444107e+02   2.7317430e+02
   3.1001518e+02   2.7293974e+02
   3.2413259e+02   2.7950816e+02
   3.3788120e+02   2.8705592e+02
   3.2432859e+02   2.9357644e+02
   3.1068210e+02   2.9993387e+02
   2.9616436e+02   3.0270326e+02
   2.7956021e+02   3.0109277e+02
   2.6362335e+02   2.9645366e+02
   2.6967873e+02   2.8835324e+02
   2.8135652e+02   2.8326545e+02
   2.9400730e+02   2.8316510e+02
   3.0575423e+02   2.8313403e+02
   3.1746942e+02   2.8400481e+02
   3.0562041e+02   2.8402318e+02
   2.9400739e+02   2.8446215e+02
   2.8147738e+02   2.8450996e+02
