   1.9990227e+02   2.4115272e+02
   2.0368728e+02   2.6742400e+02
   2.0942909e+02   2.9294769e+02
   2.1728462e+02   3.1835893e+02
   2.2966790e+02   3.4148651e+02
   2.4762457e+02   3.6101823e+02
   2.6755471e+02   3.7834319e+02
   2.9135038e+02   3.8919162e+02
   3.1745163e+02   3.8991865e+02
   3.4252657e+02   3.8896727e+02
   3.6567666e+02   3.7891730e+02
   3.8379733e+02   3.6178001e+02
   3.9497110e+02   3.3941768e+02
   4.0289732e+02   3.1559519e+02
   4.0926196e+02   2.9107589e+02
   4.1435987e+02   2.6653628e+02
   4.1766500e+02   2.4190039e+02
   2.2135307e+02   2.2511341e+02
   2.3274849e+02   2.1064364e+02
   2.5052743e+02   2.0529611e+02
   2.6870952e+02   2.0791396e+02
   2.8712662e+02   2.0879017e+02
   3.3695473e+02   2.0429364e+02
   3.5307223e+02   2.0523394e+02
   3.6929513e+02   2.0324892e+02
   3.8552713e+02   2.0481902e+02
   3.9731212e+02   2.1533301e+02
   3.1444809e+02   2.3084897e+02
   3.1498344e+02   2.4739907e+02
   3.1598122e+02   2.6381845e+02
   3.1681946e+02   2.8025985e+02
   2.8703117e+02   2.9656090e+02
   3.0221477e+02   2.9793594e+02
   3.1703075e+02   3.0053691e+02
   3.2901565e+02   2.9675071e+02
   3.4139407e+02   2.9538354e+02
   2.4277493e+02   2.3914546e+02
   2.5712135e+02   2.3785244e+02
   2.7231570e+02   2.3727502e+02
   2.8571459e+02   2.3949480e+02
   2.7143346e+02   2.4361826e+02
   2.5643200e+02   2.4442804e+02
   3.4013442e+02   2.3644824e+02
   3.5378759e+02   2.3332522e+02
   3.6934962e+02   2.3232020e+02
   3.8364812e+02   2.3355429e+02
   3.6982715e+02   2.3939228e+02
   3.5469496e+02   2.3933384e+02
   2.8154245e+02   3.3050446e+02
   2.9320741e+02   3.2526650e+02
   3.0502325e+02   3.2061377e+02
   3.1688966e+02   3.2368262e+02
   3.2831529e+02   3.1933934e+02
   3.4025179e+02   3.2289743e+02
   3.5145689e+02   3.2822701e+02
   3.4164228e+02   3.3571972e+02
   3.3018711e+02   3.3973194e+02
   3.1809369e+02   3.4110141e+02
   3.0529019e+02   3.4007376e+02
   2.9353352e+02   3.3517738e+02
   2.9472513e+02   3.3072725e+02
   3.0609947e+02   3.2781276e+02
   3.1758684e+02   3.2942108e+02
   3.2958926e+02   3.2779817e+02
   3.4146979e+02   3.2901184e+02
   3.2943471e+02   3.2826861e+02
   3.1758711e+02   3.2981224e+02
   3.0599312e+02   3.2848068e+02
