   2.0069164e+02   2.4133235e+02
   2.0445494e+02   2.6773327e+02
   2.0950330e+02   2.9374407e+02
   2.1733272e+02   3.1928660e+02
   2.2956771e+02   3.4275285e+02
   2.4671669e+02   3.6296474e+02
   2.6710742e+02   3.7988625e+02
   2.9135781e+02   3.9046084e+02
   3.1763668e+02   3.9213696e+02
   3.4280725e+02   3.9010759e+02
   3.6581535e+02   3.8024607e+02
   3.8367687e+02   3.6269837e+02
   3.9575095e+02   3.4038631e+02
   4.0418961e+02   3.1667829e+02
   4.0955487e+02   2.9215213e+02
   4.1398928e+02   2.6729536e+02
   4.1783702e+02   2.4252753e+02
   2.2139486e+02   2.1630076e+02
   2.3321777e+02   2.0398033e+02
   2.5059323e+02   2.0186459e+02
   2.6814485e+02   2.0359248e+02
   2.8548904e+02   2.0558534e+02
   3.3606317e+02   2.0199608e+02
   3.5291719e+02   1.9956696e+02
   3.6979885e+02   1.9891036e+02
   3.8652073e+02   2.0120530e+02
   3.9875091e+02   2.1221517e+02
   3.1523722e+02   2.3070400e+02
   3.1555821e+02   2.4685184e+02
   3.1665351e+02   2.6294234e+02
   3.1738444e+02   2.7891592e+02
   2.8922277e+02   2.9578046e+02
   3.0339668e+02   2.9583666e+02
   3.1707166e+02   2.9894244e+02
   3.2800726e+02   2.9605355e+02
   3.3906504e+02   2.9476697e+02
   2.4269851e+02   2.3558333e+02
   2.5674007e+02   2.2644576e+02
   2.7350167e+02   2.2845414e+02
   2.8617891e+02   2.3943036e+02
   2.7117102e+02   2.4146868e+02
   2.5615705e+02   2.4175516e+02
   3.4086430e+02   2.3593408e+02
   3.5284278e+02   2.2547075e+02
   3.6839697e+02   2.2291422e+02
   3.8164229e+02   2.3091120e+02
   3.6904140e+02   2.3736851e+02
   3.5483740e+02   2.3791434e+02
   2.7484686e+02   3.3056273e+02
   2.8899807e+02   3.2399764e+02
   3.0256221e+02   3.1656502e+02
   3.1730901e+02   3.1899863e+02
   3.3109996e+02   3.1586639e+02
   3.4415702e+02   3.2237782e+02
   3.5727467e+02   3.2825619e+02
   3.4410548e+02   3.3330806e+02
   3.3167452e+02   3.3987479e+02
   3.1794447e+02   3.4103606e+02
   3.0299345e+02   3.4020902e+02
   2.8903369e+02   3.3491218e+02
   2.9087506e+02   3.2956189e+02
   3.0433653e+02   3.2725455e+02
   3.1790527e+02   3.2855817e+02
   3.3080794e+02   3.2675544e+02
   3.4372307e+02   3.2830949e+02
   3.3075324e+02   3.2716036e+02
   3.1790103e+02   3.2895445e+02
   3.0428630e+02   3.2773660e+02
