   2.0140296e+02   2.4109392e+02
   2.0512710e+02   2.6760040e+02
   2.1128356e+02   2.9331925e+02
   2.1868973e+02   3.1896005e+02
   2.2974828e+02   3.4294731e+02
   2.4831017e+02   3.6214598e+02
   2.6884973e+02   3.7900660e+02
   2.9235987e+02   3.9098195e+02
   3.1846655e+02   3.9316712e+02
   3.4324204e+02   3.9037431e+02
   3.6579270e+02   3.7927433e+02
   3.8371601e+02   3.6184414e+02
   3.9632418e+02   3.4042213e+02
   4.0403046e+02   3.1646262e+02
   4.0943569e+02   2.9190818e+02
   4.1496505e+02   2.6746526e+02
   4.1817260e+02   2.4278811e+02
   2.2581189e+02   2.2435774e+02
   2.3817841e+02   2.1213259e+02
   2.5544089e+02   2.0858502e+02
   2.7274474e+02   2.1176972e+02
   2.9011740e+02   2.1087875e+02
   3.3850376e+02   2.0731085e+02
   3.5433478e+02   2.0828671e+02
   3.7011877e+02   2.0572937e+02
   3.8590638e+02   2.0778939e+02
   3.9813055e+02   2.1755005e+02
   3.1579012e+02   2.3151220e+02
   3.1638740e+02   2.4831184e+02
   3.1715399e+02   2.6493135e+02
   3.1772173e+02   2.8163680e+02
   2.8744504e+02   2.9749383e+02
   3.0285899e+02   2.9931590e+02
   3.1798349e+02   3.0171325e+02
   3.3060470e+02   2.9768376e+02
   3.4369181e+02   2.9610646e+02
   2.4258570e+02   2.4489623e+02
   2.5641821e+02   2.4805037e+02
   2.7041577e+02   2.4666692e+02
   2.8379315e+02   2.4227913e+02
   2.7052797e+02   2.4752956e+02
   2.5623721e+02   2.4854769e+02
   3.4224767e+02   2.3896518e+02
   3.5668375e+02   2.4280712e+02
   3.7143796e+02   2.4352992e+02
   3.8559346e+02   2.3940806e+02
   3.7131528e+02   2.4398173e+02
   3.5642741e+02   2.4328699e+02
   2.8399504e+02   3.2971517e+02
   2.9476109e+02   3.2449162e+02
   3.0607905e+02   3.2079687e+02
   3.1733064e+02   3.2353310e+02
   3.2810545e+02   3.1967542e+02
   3.3947047e+02   3.2191759e+02
   3.5000429e+02   3.2670593e+02
   3.4045470e+02   3.3312137e+02
   3.2976315e+02   3.3716480e+02
   3.1836767e+02   3.3817802e+02
   3.0647486e+02   3.3732055e+02
   2.9533277e+02   3.3328975e+02
   2.9536116e+02   3.2927991e+02
   3.0661881e+02   3.2665059e+02
   3.1793171e+02   3.2833271e+02
   3.2974145e+02   3.2619293e+02
   3.4150642e+02   3.2743400e+02
   3.2958167e+02   3.2668556e+02
   3.1790254e+02   3.2865152e+02
   3.0648651e+02   3.2710346e+02
