   2.0084949e+02   2.4131263e+02
   2.0459624e+02   2.6772095e+02
   2.0959716e+02   2.9375190e+02
   2.1740004e+02   3.1930428e+02
   2.2957559e+02   3.4280889e+02
   2.4666958e+02   3.6306039e+02
   2.6707940e+02   3.7996060e+02
   2.9132893e+02   3.9056757e+02
   3.1760576e+02   3.9231832e+02
   3.4279046e+02   3.9025435e+02
   3.6580545e+02   3.8040935e+02
   3.8367257e+02   3.6284609e+02
   3.9584797e+02   3.4056000e+02
   4.0432265e+02   3.1684917e+02
   4.0963274e+02   2.9231695e+02
   4.1405555e+02   2.6743832e+02
   4.1794420e+02   2.4265704e+02
   2.2157607e+02   2.1578700e+02
   2.3343915e+02   2.0363061e+02
   2.5078250e+02   2.0172989e+02
   2.6828005e+02   2.0342292e+02
   2.8554513e+02   2.0547640e+02
   3.3613044e+02   2.0196009e+02
   3.5302630e+02   1.9935441e+02
   3.6994021e+02   1.9876943e+02
   3.8668484e+02   2.0112440e+02
   3.9895163e+02   2.1215122e+02
   3.1538133e+02   2.3074193e+02
   3.1568276e+02   2.4686830e+02
   3.1677420e+02   2.6294143e+02
   3.1749501e+02   2.7889150e+02
   2.8939228e+02   2.9576059e+02
   3.0352445e+02   2.9577290e+02
   3.1714934e+02   2.9890824e+02
   3.2803711e+02   2.9606246e+02
   3.3903534e+02   2.9478973e+02
   2.4273436e+02   2.3558444e+02
   2.5676525e+02   2.2619917e+02
   2.7359473e+02   2.2831641e+02
   2.8624577e+02   2.3950841e+02
   2.7121748e+02   2.4148379e+02
   2.5620302e+02   2.4175093e+02
   3.4102022e+02   2.3599902e+02
   3.5297605e+02   2.2544403e+02
   3.6852330e+02   2.2287002e+02
   3.8172059e+02   2.3100511e+02
   3.6913687e+02   2.3744482e+02
   3.5496679e+02   2.3801230e+02
   2.7457770e+02   3.3061057e+02
   2.8884907e+02   3.2398199e+02
   3.0249560e+02   3.1640852e+02
   3.1738364e+02   3.1880816e+02
   3.3129452e+02   3.1576367e+02
   3.4439588e+02   3.2243668e+02
   3.5760516e+02   3.2834402e+02
   3.4426303e+02   3.3325603e+02
   3.3178737e+02   3.3996900e+02
   3.1797535e+02   3.4110607e+02
   3.0292483e+02   3.4028210e+02
   2.8886534e+02   3.3495364e+02
   2.9070447e+02   3.2955238e+02
   3.0428440e+02   3.2729719e+02
   3.1796960e+02   3.2857490e+02
   3.3092481e+02   3.2678196e+02
   3.4389399e+02   3.2835531e+02
   3.3087673e+02   3.2718478e+02
   3.1796684e+02   3.2896944e+02
   3.0423694e+02   3.2776620e+02
