   2.0006602e+02   2.4150709e+02
   2.0386167e+02   2.6785794e+02
   2.0910208e+02   2.9372302e+02
   2.1702169e+02   3.1921204e+02
   2.2951886e+02   3.4246886e+02
   2.4688954e+02   3.6250688e+02
   2.6709232e+02   3.7961336e+02
   2.9127968e+02   3.9009479e+02
   3.1753497e+02   3.9130569e+02
   3.4269657e+02   3.8974694e+02
   3.6578957e+02   3.7991409e+02
   3.8372765e+02   3.6251018e+02
   3.9529846e+02   3.4004800e+02
   4.0359294e+02   3.1632741e+02
   4.0937641e+02   2.9180963e+02
   4.1394682e+02   2.6704561e+02
   4.1762177e+02   2.4232669e+02
   2.2063089e+02   2.1939787e+02
   2.3220740e+02   2.0610129e+02
   2.4978572e+02   2.0272845e+02
   2.6766156e+02   2.0466883e+02
   2.8548842e+02   2.0647593e+02
   3.3603727e+02   2.0248916e+02
   3.5268754e+02   2.0111750e+02
   3.6941525e+02   2.0009982e+02
   3.8603567e+02   2.0208839e+02
   3.9806145e+02   2.1303924e+02
   3.1470613e+02   2.3081479e+02
   3.1509768e+02   2.4707388e+02
   3.1619406e+02   2.6325672e+02
   3.1698469e+02   2.7935797e+02
   2.8839079e+02   2.9612921e+02
   3.0284319e+02   2.9651490e+02
   3.1683289e+02   2.9948294e+02
   3.2803172e+02   2.9634722e+02
   3.3942518e+02   2.9504053e+02
   2.4266340e+02   2.3599237e+02
   2.5684131e+02   2.2858837e+02
   2.7325602e+02   2.2992026e+02
   2.8614527e+02   2.3924283e+02
   2.7122958e+02   2.4173536e+02
   2.5614826e+02   2.4214450e+02
   3.4026021e+02   2.3591589e+02
   3.5256673e+02   2.2654512e+02
   3.6821542e+02   2.2419784e+02
   3.8179658e+02   2.3099822e+02
   3.6894015e+02   2.3747082e+02
   3.5444684e+02   2.3789829e+02
   2.7653769e+02   3.3076941e+02
   2.9002051e+02   3.2460879e+02
   3.0310861e+02   3.1795238e+02
   3.1703376e+02   3.2062270e+02
   3.3015849e+02   3.1702364e+02
   3.4294885e+02   3.2272410e+02
   3.5554882e+02   3.2848668e+02
   3.4339176e+02   3.3442047e+02
   3.3117696e+02   3.4015836e+02
   3.1788238e+02   3.4143822e+02
   3.0348955e+02   3.4054173e+02
   2.9012882e+02   3.3530555e+02
   2.9194620e+02   3.3020243e+02
   3.0475386e+02   3.2764368e+02
   3.1767756e+02   3.2906169e+02
   3.3031164e+02   3.2732866e+02
   3.4291866e+02   3.2877699e+02
   3.3022318e+02   3.2774958e+02
   3.1767387e+02   3.2946703e+02
   3.0468852e+02   3.2820998e+02
